appl_id,app_crtime,client_id,birth,gender,pass_bdate,fam_status,quantity_child,max_age_child,property,lived_since,is_same_reg_lived_since,region,region_reg,jobsworksince,work_experience,empl_state,empl_type,empl_worker_count,education_area,education,monthlyincome,monthlycost
1157589,2017-12-31T09:35:53Z,119804,1994-01-12,1,2010-10-08,4,1,3,5,2017-01-01,2017-01-01,8,10,,3,4,,,7,2,15000,10000
1159012,2017-12-31T20:05:37Z,120147,1994-02-14,2,2010-04-06,4,0,0,5,1994-02-01,1994-02-01,9,11,2013-05-01,4,1,6,1,,6,8000,6000
1157375,2017-12-31T08:18:56Z,119755,1984-10-20,2,2013-06-28,3,1,2,5,2012-05-01,2012-05-01,5,7,2015-12-01,10,1,10,6,6,7,15000,14000
1158541,2017-12-31T15:18:23Z,120042,1986-02-07,2,2012-09-27,4,0,0,5,1991-08-01,1991-08-01,8,10,2017-09-01,13,1,1,5,6,2,10000,5000
1157949,2017-12-31T11:25:38Z,119893,1992-06-26,2,2012-02-11,4,0,0,1,1992-06-01,1992-06-01,18,22,2014-08-01,3,1,10,5,3,1,7500,5000
1158676,2017-12-31T16:16:05Z,120074,1994-08-18,2,2010-12-02,4,0,0,5,2007-02-01,2007-02-01,18,22,2017-01-01,5,1,6,2,,6,6000,2000
1158364,2017-12-31T13:59:11Z,120005,1995-10-11,1,2011-11-21,4,0,0,1,2011-11-01,2011-11-01,3,4,2017-01-01,1,6,9,6,10,2,4000,2000
1157626,2017-12-31T09:44:34Z,119808,1987-11-11,2,2004-02-13,4,0,0,1,1987-11-01,1987-11-01,10,12,2007-12-01,10,1,13,1,11,2,10000,5000
1158601,2017-12-31T15:42:39Z,100691,1998-12-26,2,2015-02-05,4,0,0,1,1998-12-01,1998-12-01,22,26,,1,4,,,4,4,3500,2000
1159038,2017-12-31T20:42:07Z,120154,1998-07-07,2,2014-07-14,4,0,0,3,2015-08-01,2015-08-01,18,22,2017-10-01,1,6,12,5,4,2,8000,6000
1158896,2017-12-31T18:17:17Z,106831,1995-04-07,2,2011-06-21,4,0,0,5,2016-06-01,2016-06-01,15,18,2017-03-01,1,1,2,1,9,1,8100,5000
1157836,2017-12-31T10:48:56Z,119876,1970-08-18,2,2008-05-29,2,2,25,5,1995-05-01,1995-05-01,6,8,2014-08-01,3,3,3,6,,6,6500,4500
1157477,2017-12-31T09:03:01Z,33915,1991-09-26,2,2007-12-24,4,0,0,5,1991-09-01,1991-09-01,7,9,,5,5,,,,6,5000,10
1158546,2017-12-31T15:22:22Z,120045,1998-10-28,2,2014-11-26,4,0,0,4,2009-03-01,2009-03-01,16,20,2016-05-01,1,1,13,2,11,2,6700,4000
1158952,2017-12-31T19:07:32Z,120077,1988-04-13,2,2015-07-04,3,1,1,5,1988-04-01,1988-04-01,21,25,2013-03-01,8,1,12,1,4,1,10000,4000
1158361,2017-12-31T13:58:48Z,120002,1992-04-10,1,2017-04-20,3,1,1,1,2004-03-01,2004-03-01,21,25,2016-04-01,0,6,12,6,4,1,5000,2000
1157955,2017-12-31T11:28:34Z,119879,1995-09-17,2,2011-12-05,4,0,0,5,2013-09-01,1995-09-01,8,7,2017-12-01,1,1,3,1,4,2,10000,10000
1158763,2017-12-31T16:53:49Z,120083,1977-07-22,1,2014-08-14,3,1,19,5,1984-07-01,1984-07-01,13,16,2014-08-01,20,3,12,6,,5,6000,4000
1158264,2017-12-31T13:17:53Z,88865,1993-12-04,2,2010-05-27,4,0,0,1,2014-08-01,2000-09-01,8,13,2017-10-01,0,1,9,4,10,1,7000,3500
1158328,2017-12-31T13:45:49Z,119986,1993-12-28,1,2010-04-14,4,0,0,5,2016-11-01,2016-11-01,6,8,2016-07-01,2,1,7,5,11,1,5800,2000
1149737,2017-12-30T06:27:48Z,118424,1994-05-21,2,2010-07-08,4,0,0,1,2006-07-01,2006-07-01,3,4,2016-11-01,1,1,12,3,4,1,8500,5000
1149979,2017-12-30T08:00:46Z,119015,1995-07-03,1,2011-09-30,4,0,0,1,2000-04-01,2000-04-01,14,17,2016-03-01,2,6,11,6,3,2,3000,1500
1144531,2017-12-29T21:10:06Z,9134,1972-09-17,2,2014-05-08,4,0,,3,1972-09-10,1972-09-10,13,16,2006-01-10,20,3,4,6,4,1,10000,6000
1150371,2017-12-30T10:06:20Z,119123,1962-11-01,2,2000-11-01,3,1,30,5,1986-02-01,2004-06-01,18,22,,23,5,,,11,1,8500,3000
1149606,2017-12-30T03:34:48Z,118952,1989-01-13,2,2006-03-15,2,0,0,5,1989-01-01,1989-01-01,21,25,2011-10-01,6,6,3,6,2,2,7000,4000
1152074,2017-12-30T21:34:41Z,119574,1989-09-04,1,2006-04-28,4,0,0,1,2011-05-01,1989-09-01,8,16,2013-08-01,4,1,12,5,4,1,10000,7000
1142798,2017-12-29T12:27:15Z,118480,1991-03-03,2,2008-03-20,2,2,7,5,1991-03-01,1991-03-01,3,4,2015-11-01,10,1,2,5,,6,8000,4000
1142033,2017-12-29T09:02:41Z,118318,1990-08-12,1,2015-01-14,3,2,3,5,2012-05-01,2012-05-01,8,10,,7,5,,,3,2,8000,5000
1144458,2017-12-29T20:39:33Z,57871,1988-12-16,1,2005-04-26,1,0,0,5,1999-03-10,1999-03-10,8,10,2011-05-10,10,1,12,6,,6,7000,2500
1142879,2017-12-29T12:47:00Z,118499,1989-08-12,2,2005-12-12,4,0,0,5,2014-07-01,1989-08-01,13,16,2017-09-01,7,1,13,3,4,1,8000,7500
1142795,2017-12-29T12:26:41Z,118490,1995-04-09,2,2011-10-20,4,0,0,1,1995-04-01,1995-04-01,8,10,2017-02-01,6,1,11,2,,6,6800,2000
1142516,2017-12-29T11:10:42Z,118417,1990-07-30,2,2007-04-27,3,1,1,1,2014-07-01,2014-07-01,11,14,2013-09-01,4,1,6,5,4,7,6500,6000
1142303,2017-12-29T10:15:36Z,70460,1971-01-08,1,2006-11-08,2,2,19,1,1991-02-01,1991-02-01,9,11,2015-09-01,18,1,10,1,6,1,7500,5000
1143021,2017-12-29T13:12:52Z,118532,1971-03-20,1,1999-01-26,3,3,17,1,2000-08-01,2000-08-01,11,14,2014-09-01,20,1,3,2,4,1,1e+05,5000
1143507,2017-12-29T15:07:17Z,101926,1999-02-23,2,2015-06-09,4,0,0,1,2017-08-01,2000-02-01,2,18,2017-11-01,2,1,12,3,,6,5000,2000
1142058,2017-12-29T09:06:45Z,118325,1995-03-15,2,2011-03-16,4,0,0,5,1999-11-01,1999-11-01,13,16,2015-05-01,3,1,2,1,9,1,10000,5000
1135711,2017-12-28T17:37:11Z,118021,1990-02-18,2,2006-03-09,4,0,0,1,1990-02-01,1990-02-01,14,17,2016-07-01,5,1,12,3,,6,5500,3000
1136493,2017-12-28T22:38:17Z,118185,1988-12-01,2,2005-03-05,3,0,0,1,2005-03-01,2005-03-01,7,9,2014-07-01,3,1,3,6,2,1,6000,1500
1141725,2017-12-29T07:34:23Z,118196,1972-11-18,1,2001-12-27,2,1,25,5,1973-10-01,1973-10-01,3,4,2004-09-01,15,3,10,6,6,1,4000,4000
1142367,2017-12-29T10:36:12Z,118380,1987-02-02,2,2003-12-09,2,0,0,1,1994-01-01,1994-01-01,7,9,2016-09-01,5,3,7,4,8,1,15000,15000
1144474,2017-12-29T20:45:28Z,118842,1995-05-21,1,2015-08-26,3,0,0,1,2017-02-01,2017-02-01,3,4,2017-09-01,3,1,12,4,4,1,10000,8000
1141443,2017-12-29T04:11:23Z,118237,1989-11-01,2,2006-01-31,3,1,5,1,2010-08-01,1995-02-01,8,2,2017-06-01,17,1,7,1,4,2,12000,9000
1142022,2017-12-29T09:00:31Z,34250,1977-10-16,1,2016-12-06,4,1,12,5,2006-10-10,2006-10-10,3,4,2001-02-10,20,1,10,2,10,1,6000,1500
1143518,2017-12-29T15:09:53Z,118617,1963-08-30,2,2006-12-20,1,0,0,5,2014-05-01,2006-12-01,3,12,2015-05-01,30,1,13,1,11,1,9200,1500
1144060,2017-12-29T17:56:15Z,118727,1980-07-24,2,1998-12-08,3,0,0,2,1999-10-01,1999-10-01,19,23,,1,2,,,,5,1500,500
1141748,2017-12-29T07:38:39Z,118282,1991-02-24,2,2007-07-14,3,1,1,1,1996-01-01,1996-01-01,12,15,2009-09-01,8,1,6,2,,6,6000,3500
1143531,2017-12-29T15:16:58Z,118623,1991-10-26,1,2016-11-08,4,0,0,5,2016-08-01,1991-10-01,8,6,2016-04-01,3,1,7,1,11,1,18000,15000
1142927,2017-12-29T12:53:17Z,118495,1989-03-15,1,2005-10-27,1,2,10,1,2013-04-01,2013-04-01,14,17,2017-07-01,1,1,4,6,4,1,4000,1500
1143685,2017-12-29T15:58:06Z,118639,1991-03-18,1,2007-03-27,4,0,0,5,1991-04-01,1991-04-01,8,10,2015-10-01,2,1,11,6,4,1,8000,7500
1143477,2017-12-29T14:56:36Z,118588,1979-03-08,1,1998-08-10,2,15,15,5,2005-05-01,2005-05-01,9,11,2013-05-01,19,1,2,5,4,1,19000,5500
1143332,2017-12-29T14:21:42Z,118578,1970-03-09,1,2016-02-24,3,1,19,3,1996-12-01,1996-12-01,18,22,2014-08-01,26,3,8,3,2,1,18000,7000
1142653,2017-12-29T11:51:53Z,118447,1979-09-04,1,2011-11-10,3,12,11,5,2012-02-01,2012-02-01,3,4,2016-12-01,10,1,10,2,,6,5100,3000
1133815,2017-12-28T09:03:13Z,74257,1976-10-08,2,1997-01-09,1,2,3,5,1979-09-01,1979-09-01,3,4,1999-12-01,18,1,13,5,2,1,7200,2000
1126573,2017-12-27T12:34:26Z,84212,1989-10-17,2,2016-04-27,3,2,4,5,2013-05-01,2001-01-01,6,8,2017-09-01,7,1,6,5,,6,24000,5500
1126555,2017-12-27T12:30:42Z,117017,1954-09-05,1,1996-12-12,2,1,29,5,1996-06-01,1996-06-01,21,25,1978-01-01,39,1,4,3,6,1,6700,5500
1135608,2017-12-28T17:05:36Z,117964,1983-10-31,1,2015-02-28,4,1,4,1,1986-06-01,1986-06-01,18,22,2017-12-01,12,1,13,6,10,7,10000,5000
1134808,2017-12-28T13:53:59Z,21486,1983-03-16,2,2000-01-14,4,0,,5,1994-08-10,1994-08-10,12,15,2009-01-10,13,3,13,6,2,1,10000,500
1134401,2017-12-28T11:55:21Z,117738,1984-07-31,2,,3,1,4,5,2000-07-01,2000-07-01,5,7,2013-07-01,7,1,7,2,4,1,22000,15000
1135407,2017-12-28T16:09:37Z,117941,1974-03-21,2,1997-03-11,2,0,0,1,1987-08-01,1987-08-01,6,8,2005-08-01,26,1,6,5,11,1,7900,3400
1135183,2017-12-28T15:28:24Z,117925,1976-07-12,1,2012-07-14,2,1,20,1,2014-08-01,1977-08-01,8,27,2008-11-01,18,1,10,1,10,1,10000,4000
1135029,2017-12-28T14:49:42Z,117898,1995-06-29,2,2011-08-18,3,2,2,1,2016-02-01,1995-06-01,2,3,2017-12-01,3,6,3,6,,6,3000,2000
1125980,2017-12-27T09:41:07Z,116846,1994-06-06,2,2010-06-25,4,0,0,4,1994-07-01,1994-07-01,19,23,2017-10-01,2,1,10,2,6,1,5500,3000
1134299,2017-12-28T11:28:24Z,117720,1969-03-15,2,1997-11-25,3,1,20,3,1969-03-01,1969-03-01,6,8,2011-12-01,20,1,12,3,4,1,12000,7000
1128485,2017-12-27T23:38:49Z,117484,1995-09-22,1,2016-06-09,3,1,1,3,2004-05-01,2004-05-01,12,15,2014-06-01,3,1,12,6,4,2,15000,10000
1134361,2017-12-28T11:47:08Z,117724,1992-12-04,1,2010-10-06,3,2,7,5,2009-05-01,2009-05-01,3,4,,2,5,,,,5,4000,2500
1135066,2017-12-28T14:54:59Z,117894,1983-06-06,1,2003-04-18,2,2,15,5,2003-12-01,2003-12-01,3,4,2003-03-01,17,3,12,6,4,1,25000,7000
1135602,2017-12-28T17:03:25Z,117997,1984-08-24,2,2000-09-15,3,0,0,3,1997-06-01,1997-06-01,13,16,2006-10-01,11,1,7,2,10,7,25000,23000
1133919,2017-12-28T09:30:48Z,117647,1995-06-26,2,,4,0,0,5,2016-03-01,2016-03-01,12,15,2017-06-01,1,1,3,4,,6,5000,4000
1136016,2017-12-28T19:07:30Z,118088,1995-06-10,2,2011-07-12,4,0,0,1,1995-06-01,1995-06-01,6,8,2015-07-01,2,1,6,5,11,2,8000,2000
1126606,2017-12-27T12:43:14Z,117038,1982-08-18,2,1998-11-06,2,0,0,5,1988-08-01,1988-08-01,13,16,2011-06-01,15,1,12,3,,5,8000,2000
1134146,2017-12-28T10:41:42Z,117684,1984-07-23,2,2000-11-28,2,1,8,5,1989-12-01,1989-12-01,8,10,2015-01-01,8,6,3,3,9,1,8000,10000
1133926,2017-12-28T09:31:35Z,117621,1985-04-22,1,2008-05-14,3,2,9,5,2014-10-01,2014-10-01,3,4,2015-01-01,4,1,12,3,4,2,6500,2500
1135476,2017-12-28T16:33:28Z,117983,1994-12-09,2,2011-02-15,4,0,0,1,2014-04-01,2014-04-01,18,22,,6,4,,,9,1,8000,5000
1135016,2017-12-28T14:47:43Z,117896,1984-10-24,2,2002-01-02,3,1,4,4,2008-09-01,2008-09-01,18,22,2015-12-01,12,1,7,6,11,1,15000,8000
1133234,2017-12-28T00:29:47Z,38625,1990-09-11,2,2008-03-19,4,0,,1,1990-11-10,1990-11-10,15,18,1970-01-01,0,5,,,,6,5000,2000
1126601,2017-12-27T12:42:37Z,87128,1996-05-19,2,2012-08-14,4,0,,1,2016-05-01,2013-09-01,9,10,2016-09-01,3,1,12,5,11,2,12000,10000
1134169,2017-12-28T10:48:46Z,117698,1984-10-31,2,2002-03-06,3,0,0,5,2009-09-01,1984-10-01,3,9,2006-07-01,12,1,12,6,9,1,12000,6000
1134926,2017-12-28T14:22:15Z,117862,1989-04-11,1,2015-03-25,3,0,0,6,1993-03-01,1993-03-01,4,6,2013-01-01,5,1,2,3,9,1,4500,2000
1128412,2017-12-27T22:33:51Z,117464,1976-07-09,2,1998-09-22,2,0,0,4,2000-05-01,2000-05-01,10,12,2017-04-01,17,1,13,5,11,1,5800,1800
1135948,2017-12-28T18:46:05Z,118076,1993-07-05,2,2006-08-06,4,0,0,1,1999-12-01,1999-12-01,3,4,2012-07-01,7,1,6,5,,6,7000,4800
1135495,2017-12-28T16:38:03Z,117982,1992-03-16,2,2008-05-06,4,0,0,4,2016-09-01,2016-09-01,17,21,2016-12-01,2,3,11,6,4,1,16000,8000
1133274,2017-12-28T01:20:06Z,117512,1982-12-11,2,1999-03-25,4,0,0,5,1999-03-01,1999-03-01,8,10,2015-05-01,10,3,5,5,4,1,50000,50000
1135778,2017-12-28T17:54:31Z,118041,1992-05-14,2,2008-06-05,4,0,0,5,1994-08-01,1994-08-01,8,10,2017-06-01,7,3,7,6,4,2,18000,10000
1134781,2017-12-28T13:47:58Z,117809,1987-02-25,1,2009-05-29,3,1,8,1,2009-06-01,2009-06-01,21,25,2013-03-01,5,1,5,3,4,1,5000,3000
1134611,2017-12-28T12:50:49Z,117763,1985-01-17,2,2002-04-12,4,0,0,1,2015-10-01,1990-01-01,19,23,2011-09-01,6,1,7,5,,6,8000,5000
1135923,2017-12-28T18:37:05Z,116918,1990-04-24,1,2006-08-31,4,0,0,1,2015-09-01,2015-09-01,23,27,2017-06-01,6,1,7,2,4,1,6500,2500
1135356,2017-12-28T16:02:31Z,117442,1984-06-15,2,2001-02-08,4,0,0,1,1999-04-01,1999-04-01,3,4,2017-04-01,10,1,7,1,11,2,5000,1500
1125389,2017-12-27T06:16:57Z,90271,1985-05-15,2,2002-01-02,4,1,7,1,1985-05-01,1985-05-01,10,12,2017-03-01,9,1,2,5,,6,7000,7000
1125250,2017-12-27T02:55:01Z,116747,1995-11-30,2,2012-01-11,3,0,0,5,2017-06-01,2015-10-01,3,4,2017-06-01,5,3,4,1,10,2,10000,6000
1118390,2017-12-26T12:45:11Z,99893,1995-12-21,2,1995-06-19,4,0,0,5,2017-06-01,1995-12-01,9,11,2016-08-01,4,1,3,2,4,1,10000,5000
1126515,2017-12-27T12:22:03Z,117004,1992-11-21,1,2012-02-01,3,2,5,5,2010-08-01,2010-08-01,7,9,2016-03-01,9,6,12,6,,6,3200,900
1125862,2017-12-27T09:02:01Z,116848,1992-12-08,1,2013-01-18,3,1,4,1,1993-01-01,1993-01-01,19,23,2013-12-01,5,3,5,6,,6,5500,1000
1127297,2017-12-27T15:40:46Z,107144,1999-11-10,2,2015-12-26,4,0,0,1,1999-12-01,1999-12-01,13,16,2015-05-01,2,6,3,6,,5,3500,2500
1128121,2017-12-27T19:54:01Z,117381,1986-09-03,1,2003-12-12,4,2,3,5,1986-09-01,1986-09-01,18,22,2017-01-01,12,6,11,6,4,1,8000,4000
1126454,2017-12-27T12:07:25Z,44441,1990-09-27,1,2016-01-20,3,1,0,1,2006-11-10,2006-11-10,23,27,2014-06-10,8,1,6,5,4,1,5400,2200
1125925,2017-12-27T09:25:19Z,116866,1991-07-20,2,2007-11-02,4,0,0,1,1994-09-01,1994-09-01,14,17,2011-07-01,6,1,12,4,,6,8500,6000
1126287,2017-12-27T11:20:09Z,116969,1988-09-29,1,2013-08-31,3,3,9,1,2004-04-01,2004-04-01,18,22,2017-06-01,8,6,12,6,,6,7000,6000
1126385,2017-12-27T11:50:28Z,117000,1989-10-09,2,2005-11-24,3,1,1,1,2006-11-01,2006-11-01,13,16,2015-06-01,5,1,12,4,9,1,15000,3000
1109139,2017-12-25T03:22:29Z,81544,1993-04-20,2,2010-12-10,4,1,6,1,2010-09-01,2010-09-01,21,25,2016-04-01,6,6,6,4,,6,4800,4800
1125261,2017-12-27T03:11:56Z,115686,1990-06-26,2,2006-06-30,4,0,0,5,1990-01-01,1990-01-01,3,4,2015-03-01,7,1,6,5,,6,5300,3400
1125181,2017-12-27T00:32:25Z,116725,1978-04-02,1,2002-01-22,3,2,16,5,1999-07-01,1999-07-01,16,20,2015-10-01,7,1,2,6,,6,4200,2000
1125556,2017-12-27T07:33:16Z,108585,1998-03-27,2,2014-08-14,3,1,1,5,2012-04-01,2012-04-01,17,21,2017-05-01,3,1,11,3,11,2,9000,5000
1126084,2017-12-27T10:12:47Z,116888,1983-08-20,1,2006-07-13,4,3,14,1,1983-08-01,1983-08-01,21,25,2014-08-01,3,3,9,5,,5,7000,6000
1125766,2017-12-27T08:34:13Z,116826,1978-11-19,2,1995-06-08,2,1,13,3,1987-01-01,1987-01-01,9,11,2003-01-01,14,3,7,6,11,1,20000,20000
1126201,2017-12-27T10:51:49Z,116933,1982-07-10,2,1999-03-25,3,1,1,5,2012-09-01,1982-07-01,3,22,2015-03-01,17,3,12,6,11,2,10000,6000
1125476,2017-12-27T07:05:33Z,116781,1989-02-12,2,2005-09-21,3,1,8,3,2008-07-01,2008-07-01,10,12,2006-08-01,10,1,6,3,9,2,20000,6000
1126060,2017-12-27T10:09:38Z,81782,1993-12-27,2,2010-02-13,4,0,0,1,2017-03-01,2017-03-01,1,2,2016-08-01,2,1,5,4,4,1,6500,2500
1125916,2017-12-27T09:22:32Z,116626,1989-12-19,2,2014-10-24,3,3,8,4,1989-12-01,1989-12-01,11,14,2009-02-01,8,6,3,3,,6,18000,5000
1125986,2017-12-27T09:42:21Z,116877,1983-11-30,2,2000-02-16,2,1,9,4,1983-11-01,1983-11-01,3,4,2013-05-01,15,1,12,6,4,1,20000,15000
1126439,2017-12-27T12:04:28Z,60317,1995-08-22,1,2016-09-14,4,0,,5,2002-05-10,2002-05-10,18,22,2016-02-10,1,6,12,6,4,2,3000,2000
1125285,2017-12-27T04:13:05Z,80144,1970-04-23,2,1998-11-03,3,0,,1,2008-12-01,2008-12-01,11,14,,3,2,,,,5,2876,1500
1127687,2017-12-27T17:38:20Z,117290,1990-07-11,2,2007-03-13,4,0,0,5,2011-08-01,2011-08-01,7,9,,8,2,,,11,1,1500,1000
1127488,2017-12-27T16:34:01Z,5578,1994-03-07,2,2010-05-14,4,0,0,3,2014-07-10,2014-07-10,20,24,2015-05-10,2,6,3,2,10,1,4500,1500
1127781,2017-12-27T18:02:18Z,117237,1991-09-18,1,2011-12-06,3,1,3,1,1991-10-01,1991-10-01,3,4,2010-10-01,8,1,6,5,4,1,4000,4000
1126050,2017-12-27T10:05:55Z,116899,1994-08-16,1,2016-09-16,3,1,1,1,2016-12-01,2016-12-01,13,16,2015-06-01,3,6,11,3,9,1,5500,2000
1125867,2017-12-27T09:03:44Z,98504,1985-11-26,1,2007-06-19,3,2,10,1,2013-08-01,2010-07-01,18,13,2017-02-01,12,1,13,2,11,1,8000,1500
1120448,2017-12-26T23:06:15Z,99214,1998-12-02,2,2015-01-30,4,0,0,1,2016-09-01,2016-09-01,18,22,2016-03-01,1,1,9,5,2,2,8400,2400
1111731,2017-12-25T19:12:46Z,115776,1988-08-26,2,2009-03-04,4,0,0,1,2017-03-01,1994-01-01,15,18,2016-03-01,3,1,10,4,8,1,8000,1500
1125930,2017-12-27T09:26:05Z,116853,1984-02-23,2,2001-12-29,4,0,0,5,1992-04-01,1992-04-01,20,24,2004-02-01,14,1,6,1,,6,7000,4000
1125199,2017-12-27T00:54:40Z,116733,1995-01-30,2,2011-09-16,4,0,0,5,1999-11-01,1999-11-01,9,11,2017-06-01,5,1,11,4,11,2,6000,3500
1117973,2017-12-26T10:47:12Z,103347,1992-06-19,2,2015-01-14,3,1,1,1,1992-06-01,1992-06-01,12,15,2017-02-01,5,1,12,5,4,1,8500,3000
1127432,2017-12-27T16:16:50Z,117239,1995-01-02,1,2011-02-23,4,0,0,1,2017-06-01,2004-06-01,8,12,2017-08-01,3,1,8,4,,6,8000,5000
1125785,2017-12-27T08:43:41Z,116834,1995-02-18,1,2011-09-09,4,0,0,1,2016-05-01,1995-02-01,8,7,2017-12-01,2,1,10,3,6,2,7500,5500
1126339,2017-12-27T11:37:04Z,71451,1985-04-11,2,2008-09-25,3,1,2,3,1991-09-01,1991-09-01,17,21,2013-06-01,10,1,12,6,11,2,40000,35000
1128176,2017-12-27T20:23:17Z,117388,1981-07-23,2,1997-12-17,2,0,0,5,2009-06-01,2009-06-01,18,22,2015-07-01,23,1,6,5,,3,9000,4200
1125663,2017-12-27T08:06:30Z,116799,1974-08-14,2,2000-05-12,3,1,23,5,2015-02-01,1982-10-01,8,12,2016-02-01,25,1,12,5,4,1,35000,30000
1125453,2017-12-27T06:53:49Z,113231,1998-09-16,2,2014-11-28,4,0,0,1,2017-08-01,2017-08-01,9,11,,1,4,,,10,4,4000,1500
1125174,2017-12-27T00:26:58Z,116707,1972-12-12,2,1997-09-05,4,0,0,5,1987-09-01,1987-09-01,8,10,2008-09-01,20,3,11,6,5,1,7000,4000
1127480,2017-12-27T16:32:23Z,98291,1986-02-22,1,2011-07-05,3,2,8,4,1987-04-01,1987-04-01,12,15,2012-11-01,9,1,6,2,,5,6800,3600
1118686,2017-12-26T14:18:57Z,33781,1992-09-29,1,2009-05-19,4,0,,5,2000-10-10,2000-10-10,9,11,2014-05-10,5,1,11,3,,6,7500,2000
1120468,2017-12-26T23:33:00Z,116708,1974-10-25,2,2000-04-25,3,2,20,5,1974-10-01,1974-10-01,14,17,2010-06-01,23,1,6,4,,6,9000,5000
1126971,2017-12-27T14:17:25Z,117140,1992-11-23,1,2009-05-21,1,1,4,5,1992-11-01,1992-11-01,10,12,2016-12-01,3,1,12,6,4,2,5000,1500
1119932,2017-12-26T19:24:29Z,112778,1991-04-07,2,2007-11-01,4,0,0,1,1992-01-01,2015-02-01,3,4,2015-09-01,4,1,11,5,,6,5500,3000
1125673,2017-12-27T08:08:32Z,116806,1998-08-18,2,2014-09-12,4,0,0,5,1998-08-01,1998-08-01,16,20,2015-07-01,3,3,9,6,11,1,5400,1300
1118950,2017-12-26T15:18:18Z,116418,1991-03-01,2,2007-05-11,3,1,4,1,2007-05-01,2007-05-01,12,15,2016-07-01,1,3,12,6,,6,9000,2500
1126381,2017-12-27T11:50:01Z,116994,1990-06-29,2,2006-11-07,4,0,0,1,2006-11-01,2006-11-01,16,20,,5,5,,,9,2,7000,6000
1119132,2017-12-26T15:55:02Z,114731,1984-04-29,2,2002-05-22,4,0,0,5,2010-01-01,2010-01-01,3,4,2009-06-01,8,1,6,5,,6,6800,3000
1127465,2017-12-27T16:27:08Z,117243,1988-02-11,2,2004-08-03,4,0,0,5,1990-02-01,1990-02-01,3,4,2013-02-01,10,1,6,5,10,2,8500,4000
1127286,2017-12-27T15:38:25Z,116581,1991-01-20,2,2007-03-06,4,0,0,1,1991-01-01,1991-01-01,3,4,2015-11-01,2,1,2,5,5,1,8000,3000
1125338,2017-12-27T05:29:06Z,32981,1983-11-15,1,2003-08-27,2,1,12,5,2008-05-10,2008-05-10,5,7,2016-11-10,17,1,5,5,9,1,7000,2000
1128077,2017-12-27T19:39:09Z,88746,1997-12-21,1,2014-02-10,4,0,0,5,2016-12-01,2016-12-01,3,4,2017-05-01,1,1,12,4,4,2,8100,4000
1126618,2017-12-27T12:45:23Z,84032,1991-04-08,2,2008-08-12,4,0,0,1,2004-04-01,2004-04-01,17,21,,4,5,,,,5,12000,4000
1126057,2017-12-27T10:08:57Z,116904,1988-12-01,2,2005-01-25,3,2,6,5,1996-04-01,1996-04-01,20,24,2013-03-01,3,1,6,3,,6,8000,6000
1126540,2017-12-27T12:28:37Z,67755,1983-03-20,1,2009-11-07,3,2,0,1,2011-01-10,2011-01-10,3,4,1970-01-01,4,5,,,,3,6000,2300
1126114,2017-12-27T10:23:29Z,116890,1992-11-04,1,2009-12-29,4,2,6,1,2016-02-01,2016-02-01,12,15,2010-09-01,6,6,12,1,,5,7000,2500
1124470,2017-12-27T00:03:58Z,116723,1983-01-14,1,2013-01-03,3,1,2,1,2007-04-01,2007-04-01,8,10,2013-12-01,20,1,7,6,9,7,7000,2000
1125740,2017-12-27T08:26:01Z,111293,1997-03-18,2,2013-04-18,4,0,0,5,2013-03-01,2013-03-01,14,17,2016-04-01,2,3,12,2,9,2,4800,800
1126757,2017-12-27T13:22:01Z,117089,1982-07-18,2,2004-04-30,3,1,4,5,1992-01-01,1992-01-01,13,16,2015-01-01,2,1,7,4,6,1,15000,10000
1127883,2017-12-27T18:41:26Z,117339,1997-05-10,2,2013-07-03,4,0,0,1,2014-09-01,2014-09-01,22,26,,0,4,,,,3,3500,3000
1126198,2017-12-27T10:51:11Z,116412,1991-06-28,1,1999-03-31,3,2,7,5,2011-11-01,2011-11-01,3,4,2016-11-01,6,1,11,4,,6,7000,1
1126153,2017-12-27T10:36:02Z,116907,1998-06-23,2,2014-08-02,4,0,0,1,2007-10-01,2007-10-01,18,22,2015-05-01,3,1,3,1,,6,6500,4500
1125713,2017-12-27T08:19:28Z,115379,1998-09-30,1,2015-04-08,4,0,0,1,2013-06-01,2013-06-01,16,20,2017-05-01,1,6,12,4,9,2,3000,2500
1128342,2017-12-27T21:46:44Z,117428,1972-04-13,2,2004-09-30,3,2,22,3,1994-06-01,1994-06-01,18,22,2008-06-01,27,3,8,3,4,1,18000,10000
1119985,2017-12-26T19:50:51Z,25534,1990-09-13,1,2006-12-07,4,0,0,1,2014-06-10,2014-06-10,8,10,2016-12-01,5,1,12,2,,6,6500,3000
1119665,2017-12-26T18:19:57Z,116557,1988-05-19,2,2005-01-25,1,1,5,1,2016-10-01,2008-11-01,3,4,2016-09-01,10,1,12,4,,6,7500,4000
1118269,2017-12-26T12:14:09Z,106597,1996-07-11,2,2013-02-05,4,0,0,1,2013-02-01,2013-02-01,9,11,2016-02-01,1,1,5,5,9,1,21000,10000
1118699,2017-12-26T14:20:26Z,116239,1988-01-12,2,2005-04-12,4,0,0,4,2005-04-01,2005-04-01,5,7,2015-10-01,3,3,13,6,9,2,17000,6000
1119729,2017-12-26T18:35:43Z,99865,1998-11-03,1,,3,1,3,1,2004-08-01,2004-08-01,10,12,,0,5,,,,3,4000,3000
1118671,2017-12-26T14:15:25Z,116321,1995-01-11,2,2011-06-15,4,0,0,4,1995-01-01,1995-01-01,20,24,2015-03-01,3,3,12,6,11,1,17600,4700
1117377,2017-12-26T08:41:51Z,116045,1989-03-07,2,2005-11-14,4,0,0,1,1989-03-01,1989-03-01,7,9,2012-03-01,8,1,6,1,11,1,7000,3500
1118643,2017-12-26T14:01:32Z,116325,1955-04-16,2,1997-09-19,5,2,37,5,1999-04-01,1999-04-01,11,14,,37,2,,,11,1,7000,3500
1119343,2017-12-26T16:45:41Z,116463,1980-02-03,2,1999-09-27,3,2,8,1,1981-01-01,1981-01-01,11,14,2017-09-01,21,1,11,4,11,1,10000,6000
1119444,2017-12-26T17:13:33Z,116513,1993-11-14,2,2009-12-30,4,0,0,5,2010-12-01,2010-12-01,13,16,2011-10-01,5,1,3,3,,6,8000,2000
1118943,2017-12-26T15:16:38Z,116328,1981-03-16,2,1999-01-29,3,0,0,5,2000-05-01,1981-03-01,9,20,2013-03-01,17,1,6,5,,6,10000,3500
1118701,2017-12-26T14:21:02Z,91594,1991-03-14,2,2007-04-05,4,0,0,1,2015-02-01,2014-06-01,2,5,2015-04-01,4,1,12,4,,6,6700,4500
1118568,2017-12-26T13:37:45Z,116301,1982-12-02,1,2001-11-23,5,2,16,5,2002-11-01,2002-11-01,6,8,2003-01-01,13,1,6,5,,6,7500,4000
1111080,2017-12-25T15:48:56Z,39535,1973-09-13,2,2003-01-16,4,0,0,5,1984-03-01,1984-03-01,9,11,2016-12-01,25,1,12,2,,6,4500,3500
1120257,2017-12-26T21:23:51Z,116673,1997-08-14,2,2012-11-06,4,0,0,1,2014-09-01,2014-09-01,8,10,,1,4,,,4,2,6000,4000
1117672,2017-12-26T09:45:18Z,56888,1970-09-11,2,1995-09-28,3,2,9,5,2005-11-10,2005-11-10,14,17,2000-11-10,15,1,2,2,8,1,7000,2000
1117150,2017-12-26T07:33:29Z,115998,1991-02-13,2,2013-08-13,2,1,3,5,2014-04-01,2004-01-01,9,6,2014-10-01,8,3,3,1,,5,12000,8000
1120158,2017-12-26T20:54:58Z,116652,1987-01-04,1,2003-01-30,4,1,9,5,1987-01-01,1987-01-01,8,10,2016-10-01,12,1,12,5,,5,8000,4000
1111545,2017-12-25T18:09:45Z,115733,1991-12-06,1,2011-09-13,3,1,2,5,2002-02-01,2002-02-01,11,14,2010-07-01,6,1,8,1,7,2,9500,3000
1116943,2017-12-26T04:30:47Z,101109,1990-06-13,2,2006-11-17,4,0,0,1,2016-03-01,2016-03-01,13,16,2015-01-01,0,1,6,2,,6,10000,4000
1118313,2017-12-26T12:25:39Z,115723,1988-08-06,2,2007-05-07,4,0,0,5,1988-08-01,1988-08-01,2,3,2016-10-01,3,3,12,6,4,2,7000,2700
1112187,2017-12-25T23:42:24Z,115903,1977-08-09,2,1995-10-02,2,2,13,5,1994-06-01,1994-06-01,4,6,2016-09-01,20,1,6,1,5,2,11500,3000
1120231,2017-12-26T21:18:37Z,116668,1983-01-24,2,2000-05-31,3,1,7,5,1992-08-01,1992-08-01,10,12,2010-11-01,10,1,7,2,3,2,39000,30000
1119655,2017-12-26T18:15:27Z,116550,1997-05-14,1,2013-08-31,4,0,0,1,1997-05-01,1997-05-01,5,7,2015-03-01,3,1,2,6,9,1,6200,5800
1118294,2017-12-26T12:19:36Z,116222,1990-07-17,1,2015-04-27,3,1,1,1,2017-10-01,2017-10-01,3,4,2016-05-01,1,1,12,6,,5,2500,1000
1120310,2017-12-26T21:42:50Z,116681,1987-04-05,2,2003-09-23,4,0,0,1,1987-04-01,1987-04-01,8,10,2016-02-01,7,1,12,3,4,1,10000,4800
1118508,2017-12-26T13:18:53Z,116250,1979-02-16,2,1995-09-08,4,0,0,5,2014-04-01,2012-03-01,8,13,,14,5,,,7,1,4500,3000
1119897,2017-12-26T19:14:51Z,116596,1978-03-22,1,1999-09-24,2,1,17,5,1978-03-01,1978-03-01,9,11,,5,2,,,2,1,2000,1800
1119399,2017-12-26T17:03:21Z,116506,1989-11-04,1,2006-06-16,4,0,0,1,2006-07-01,2006-07-01,18,22,2017-03-01,4,1,7,2,,5,6000,3000
1120049,2017-12-26T20:20:34Z,116631,1996-06-30,1,2012-07-31,3,0,0,1,2016-11-01,2000-09-01,8,15,2014-12-01,0,3,4,6,10,2,8000,5000
1112039,2017-12-25T21:46:49Z,66776,1993-02-18,1,2015-09-10,2,0,,1,2008-03-10,2008-03-10,3,4,2016-06-10,6,1,3,4,,5,2900,2600
1118422,2017-12-26T12:55:19Z,85805,1974-11-26,2,1998-02-20,4,0,,1,1985-11-01,1985-11-01,8,10,2016-09-01,20,1,7,1,3,2,10000,6000
1120292,2017-12-26T21:34:02Z,116675,1995-10-27,2,2012-01-10,4,0,0,3,2016-10-01,2016-10-01,3,4,2015-11-01,2,1,5,5,4,2,6000,2500
1109322,2017-12-25T07:08:52Z,115261,1982-09-17,2,2011-07-23,4,0,0,4,2005-03-01,2005-03-01,9,11,2017-10-01,1,1,11,4,,5,5116,2500
1119921,2017-12-26T19:22:09Z,73984,1995-01-27,2,2011-04-04,3,0,,1,1995-01-01,1995-01-01,15,18,2014-01-01,5,6,3,1,,6,15000,4000
1118815,2017-12-26T14:45:40Z,116372,1979-07-22,1,1998-04-29,4,1,13,3,1979-07-01,1979-07-01,19,23,2014-05-01,3,1,11,6,,6,4200,1200
1119158,2017-12-26T16:02:05Z,115840,1997-05-11,1,2014-01-09,4,0,0,5,1997-05-01,1997-05-01,15,18,2017-08-01,2,1,6,2,6,2,4100,2000
1119414,2017-12-26T17:06:21Z,116507,1992-09-23,2,2008-10-27,4,0,0,1,2009-05-01,2009-05-01,3,4,2016-12-01,2,1,11,1,,6,4000,800
1110921,2017-12-25T15:06:32Z,115614,1988-11-08,1,2008-06-17,2,1,9,1,2005-01-01,2005-01-01,3,4,2007-08-01,10,1,10,5,4,1,7000,4500
1116955,2017-12-26T04:42:49Z,114139,1979-11-17,2,1996-11-22,2,1,13,1,1979-11-01,1979-11-01,3,4,2010-11-01,12,1,6,5,,6,6000,500
1117731,2017-12-26T09:59:13Z,116108,1990-08-21,1,2014-09-16,1,1,1,1,2016-02-01,2016-02-01,6,8,2016-10-01,8,3,9,4,4,2,5000,4000
1108811,2017-12-25T00:04:11Z,115196,1985-09-08,2,2015-09-24,4,0,0,5,2001-01-01,2001-01-01,14,17,2014-05-01,11,1,3,3,,6,7600,1800
1119659,2017-12-26T18:17:15Z,116554,1995-04-19,2,2011-05-31,4,0,0,3,1995-04-01,1995-04-01,8,10,2016-06-01,5,6,11,3,4,1,11500,3000
1119323,2017-12-26T16:40:28Z,116477,1982-07-15,1,2006-05-31,5,1,16,5,1995-07-01,1995-07-01,1,2,2016-02-01,11,1,13,1,,6,6800,2600
1118171,2017-12-26T11:42:02Z,116193,1992-10-04,1,2009-02-11,3,1,4,1,2013-09-01,2013-09-01,3,4,2017-05-01,2,1,8,1,2,1,5000,3000
1118217,2017-12-26T11:56:26Z,116205,1989-01-13,2,2005-03-15,4,0,0,5,2011-06-01,2011-06-01,9,11,2016-12-01,6,6,7,2,11,1,10000,6000
1111618,2017-12-25T18:34:21Z,115751,1968-03-22,1,2002-07-10,5,0,0,5,2010-01-01,2010-01-01,14,17,1996-01-01,27,1,2,5,10,1,10000,4800
1118277,2017-12-26T12:16:26Z,111780,1986-05-24,2,2005-09-13,4,0,0,1,1986-05-01,1986-05-01,11,14,2010-04-01,7,1,13,3,,5,8000,5500
1118270,2017-12-26T12:14:17Z,116215,1979-02-19,2,1996-03-29,1,2,3,1,1979-02-01,1979-02-01,11,14,2012-01-01,15,3,3,6,,6,7000,2500
1119065,2017-12-26T15:45:17Z,116443,1999-05-17,2,2015-08-26,4,0,0,1,1999-05-01,1999-05-01,21,25,,2,4,,,2,1,4000,800
1116848,2017-12-26T01:18:19Z,115927,1996-01-22,2,2013-03-29,3,1,4,5,2000-02-01,2000-02-01,9,11,2016-09-01,4,1,2,5,,6,17000,10000
1119295,2017-12-26T16:34:02Z,116481,1997-03-17,2,2013-05-03,4,0,0,4,2017-10-01,2017-10-01,13,16,2017-07-01,2,1,2,5,,6,12000,7000
1116897,2017-12-26T02:57:13Z,115943,1993-05-10,2,2010-08-18,4,0,0,4,1997-06-01,1997-06-01,10,12,2011-05-01,6,1,1,2,1,1,10000,1000
1117708,2017-12-26T09:55:16Z,116097,1988-09-19,2,2016-08-13,1,0,0,4,1992-06-01,1992-06-01,14,17,2017-06-01,11,1,12,6,,5,6000,2000
1117181,2017-12-26T07:44:15Z,113980,1994-09-14,2,2011-02-03,4,0,0,1,2014-09-01,2014-09-01,7,9,2017-01-01,6,3,12,6,4,2,8000,3500
1117485,2017-12-26T09:09:33Z,116063,1985-10-29,2,2002-07-03,3,2,3,5,1990-03-01,1990-03-01,7,9,2015-04-01,10,3,7,1,11,1,5000,2000
1119397,2017-12-26T17:02:55Z,8204,1978-09-15,1,2014-11-26,3,1,2,1,2000-03-10,2000-03-10,19,23,2015-08-10,10,3,11,6,4,1,5000,3500
1118534,2017-12-26T13:25:09Z,42648,1981-03-19,2,1999-03-17,2,1,11,1,2000-10-10,2000-10-10,23,27,2006-04-01,13,1,12,5,,5,15000,3000
1117437,2017-12-26T08:54:23Z,116054,1974-03-09,2,1997-08-19,3,1,17,5,1995-12-01,1995-12-01,8,10,1999-12-01,22,3,7,6,11,7,15000,10000
1120053,2017-12-26T20:21:21Z,116630,1980-09-16,2,1997-12-29,3,2,7,4,2008-04-01,2008-04-01,3,4,2017-02-01,17,1,6,2,5,1,15000,6000
1110678,2017-12-25T14:02:34Z,115563,1988-08-19,2,2006-08-31,4,0,0,1,1991-01-01,1991-01-01,4,6,2017-09-01,7,1,11,3,9,1,10000,1000
1118506,2017-12-26T13:18:34Z,116274,1965-12-27,2,1999-09-02,3,2,28,5,1987-06-01,1987-06-01,3,4,2015-06-01,25,1,6,5,,6,6000,2200
1119559,2017-12-26T17:47:04Z,53329,1993-09-19,2,2010-01-04,4,0,,1,2011-09-10,2011-09-10,14,17,2016-09-10,7,1,2,5,4,1,5000,2500
1117507,2017-12-26T09:16:07Z,116068,1988-11-17,2,2014-12-12,4,0,0,3,2007-06-01,2000-04-01,6,8,2014-09-01,8,1,6,1,5,1,10000,3500
1119575,2017-12-26T17:49:57Z,116538,1996-12-22,2,2013-05-04,4,0,0,1,2017-07-01,2017-07-01,14,17,2016-12-01,1,1,12,5,,5,4500,2000
1117810,2017-12-26T10:10:06Z,116126,1990-09-24,1,2007-02-19,1,3,8,5,2013-05-01,2013-05-01,3,4,,2,5,,,,6,5200,3500
1118812,2017-12-26T14:45:14Z,116362,1994-04-16,2,2011-01-29,4,0,0,5,2014-04-01,1994-04-01,1,11,2017-09-01,6,3,3,6,4,2,10000,7000
1120070,2017-12-26T20:25:22Z,116640,1991-03-10,2,2008-03-31,3,1,1,1,1991-09-01,1991-09-01,2,3,,5,5,,,,6,8000,6000
1118364,2017-12-26T12:39:27Z,87351,1976-04-15,1,2000-02-17,3,0,0,5,2000-02-01,2000-02-01,3,4,2014-04-01,20,3,11,4,4,2,9000,2800
1117479,2017-12-26T09:08:32Z,95626,1995-03-20,1,2013-07-18,1,1,4,6,2003-03-01,2003-03-01,10,12,,7,4,,,10,1,6500,2800
1119148,2017-12-26T15:59:52Z,106685,1989-02-18,1,2010-06-11,2,3,6,5,2009-04-01,2009-04-01,21,25,2011-03-01,6,3,12,6,,6,3500,1500
1112117,2017-12-25T22:28:22Z,115876,1973-03-01,2,2014-07-10,3,0,0,5,2014-07-01,2014-07-01,13,16,2015-06-01,15,1,3,3,,6,10000,3000
1111594,2017-12-25T18:27:05Z,83984,1993-08-20,2,2014-08-13,2,0,,5,1993-08-01,1993-08-01,20,24,2014-03-01,3,1,8,1,,6,2800,1700
1119157,2017-12-26T16:02:02Z,93281,1992-07-04,2,2008-10-01,3,1,1,1,2014-06-01,1995-01-01,9,15,2016-05-01,5,1,3,4,11,1,15000,7000
1110240,2017-12-25T12:06:15Z,115443,1995-09-15,2,2011-10-04,4,0,0,5,2013-03-01,2015-03-01,4,6,2013-03-01,4,1,6,1,11,1,9500,4500
1117832,2017-12-26T10:15:34Z,112922,1985-12-04,1,2006-01-26,4,1,11,5,2006-03-01,2006-03-01,7,9,2015-06-01,2,3,12,6,4,2,3000,3000
1117646,2017-12-26T09:39:35Z,90333,1989-10-01,2,,3,0,0,5,2004-08-01,2004-08-01,8,10,,5,5,,,9,1,9000,4500
1119080,2017-12-26T15:47:30Z,114729,1986-01-22,2,2008-07-30,3,4,10,1,2007-06-01,2003-11-01,13,16,2017-05-01,10,1,12,4,4,2,10000,6000
1118407,2017-12-26T12:51:16Z,106107,1990-02-26,1,2016-06-14,3,2,7,5,1992-01-01,1992-01-01,20,24,2013-01-01,4,6,12,6,,5,10000,8000
1119705,2017-12-26T18:29:30Z,116573,1994-10-07,1,2010-11-11,4,0,0,1,2017-03-01,1996-06-01,9,2,2016-04-01,1,1,11,5,4,1,25000,10000
1117625,2017-12-26T09:34:53Z,116050,1990-11-21,1,2007-08-02,1,2,9,5,2014-07-01,1990-11-01,18,5,2017-09-01,2,3,12,6,,6,6000,6000
1118688,2017-12-26T14:19:42Z,116327,1987-12-05,1,2004-04-09,1,0,0,5,2008-08-01,2008-08-01,19,23,,6,5,,,6,1,3000,1000
1119862,2017-12-26T19:05:59Z,116571,1987-04-14,2,2009-04-29,4,0,0,1,2004-06-01,2004-06-01,18,22,2006-11-01,10,1,8,2,7,2,7000,5000
1120179,2017-12-26T20:58:50Z,100383,1984-12-12,2,2001-02-27,4,1,4,1,2016-03-01,1984-12-01,3,17,2008-03-01,11,1,6,2,8,2,10000,5000
1117911,2017-12-26T10:33:52Z,116138,1980-08-01,1,2008-11-29,3,2,8,5,1987-03-01,1987-03-01,17,21,2006-01-01,12,6,12,6,8,1,7000,3000
1117124,2017-12-26T07:21:46Z,115896,1999-05-12,2,,4,0,0,1,2015-12-01,2017-05-01,9,11,2017-12-01,0,1,12,1,,5,8000,3000
1119070,2017-12-26T15:45:50Z,38229,1988-06-20,2,,4,0,0,5,1996-08-01,1996-08-01,7,9,2016-06-01,7,3,3,6,4,2,8000,7000
1117475,2017-12-26T09:06:56Z,107477,1995-08-06,2,2011-08-16,4,0,0,1,1995-08-01,1995-08-01,8,10,2015-06-01,3,3,11,3,,6,7000,5000
1119122,2017-12-26T15:54:02Z,116403,1985-03-15,1,2011-10-20,3,1,6,5,1985-03-01,1985-03-01,11,14,2016-08-01,15,1,12,3,,6,58000,2700
1119667,2017-12-26T18:20:24Z,116559,1978-11-25,2,,4,0,0,5,2010-12-01,1995-10-01,9,18,2015-10-01,15,6,6,4,4,2,6300,1000
1118087,2017-12-26T11:20:32Z,116164,1988-01-21,1,2016-05-18,3,2,7,5,2016-05-01,2016-05-01,20,24,,0,5,,,,5,9000,7000
1117997,2017-12-26T10:54:58Z,116039,1983-07-04,1,2010-06-03,3,2,15,1,2010-07-01,2010-07-01,17,21,,5,5,,,11,1,2000,1500
1118215,2017-12-26T11:55:40Z,116199,1997-12-09,1,2013-12-27,4,0,0,5,2004-01-01,2004-01-01,3,4,2015-06-01,2,1,5,6,9,2,10000,5000
1117237,2017-12-26T07:54:26Z,116012,1982-02-02,1,2008-02-14,3,2,6,1,2011-05-01,2011-05-01,21,25,2015-03-01,9,6,6,2,,6,8000,4000
1119592,2017-12-26T17:54:49Z,116541,1990-10-22,2,2007-03-01,3,1,2,5,2002-04-01,2002-04-01,6,8,2014-11-01,6,1,12,4,,6,7500,3000
1095244,2017-12-23T10:14:43Z,114097,1976-08-11,1,1999-11-29,3,1,7,3,1989-04-01,1989-04-01,3,4,2013-05-01,17,1,12,1,9,1,8000,3800
1119512,2017-12-26T17:35:31Z,116484,1987-11-02,2,2005-02-15,3,2,8,5,2015-01-01,1991-03-01,8,5,2005-04-01,12,3,3,6,,5,15000,9000
1118566,2017-12-26T13:37:12Z,116261,1991-11-07,1,2010-08-18,3,1,6,5,2017-03-01,2017-03-01,20,24,2017-04-01,5,1,12,3,,6,3200,1000
1112135,2017-12-25T22:47:32Z,21491,1992-09-06,2,2008-10-31,1,0,,1,2002-06-10,2002-06-10,16,20,2014-04-10,5,1,3,2,4,1,12000,2000
1120100,2017-12-26T20:33:42Z,116618,1993-03-21,2,2009-05-19,4,0,0,1,2009-05-01,2009-05-01,3,4,2016-07-01,1,1,6,3,,6,5500,5000
1119805,2017-12-26T18:53:57Z,116576,1995-10-04,1,,3,0,0,1,2015-04-01,2015-04-01,11,14,2017-09-01,3,1,12,5,,6,5000,3000
1119945,2017-12-26T19:30:16Z,116549,1997-11-21,2,2014-01-11,4,0,0,5,2002-06-01,2002-06-01,3,4,2016-03-01,1,1,7,4,,6,5000,3000
1119616,2017-12-26T18:02:35Z,116542,1990-10-06,2,2006-10-17,3,0,0,1,1991-06-01,1991-06-01,8,10,2017-04-01,7,1,6,5,11,1,12000,9000
1117540,2017-12-26T09:22:26Z,116077,1994-10-05,2,2011-07-01,4,0,0,1,1998-06-01,1998-06-01,9,11,2017-06-01,3,6,2,3,,6,6000,5500
1120247,2017-12-26T21:21:49Z,116529,1995-03-27,2,2011-05-27,4,0,0,1,2000-01-01,1995-01-01,14,17,2017-11-01,0,1,2,2,4,2,5000,1700
1117541,2017-12-26T09:22:45Z,116078,1991-11-07,2,2007-11-22,4,0,0,5,2006-09-01,1992-02-01,8,10,2013-09-01,8,1,7,2,11,1,12000,7500
1118002,2017-12-26T10:56:03Z,116155,1991-12-20,1,2016-03-19,3,1,1,5,1991-12-01,1991-12-01,11,14,2017-02-01,1,3,12,6,9,2,6000,3000
1117367,2017-12-26T08:39:04Z,116029,1987-12-25,2,2006-01-05,4,0,0,4,2011-08-01,2011-08-01,6,8,2012-05-01,7,1,13,5,,6,4000,2000
1117173,2017-12-26T07:42:24Z,72008,1968-03-10,2,2013-04-10,3,3,29,3,1998-10-01,1998-10-01,14,17,2006-08-01,28,1,11,3,3,1,26000,16000
1117292,2017-12-26T08:11:27Z,116015,1997-02-10,2,2013-03-02,4,0,0,1,2017-03-01,1997-02-01,8,2,2017-04-01,2,1,13,2,4,2,12000,4000
1120082,2017-12-26T20:29:33Z,116649,1994-07-28,1,2011-03-12,4,1,3,5,2016-05-01,2016-05-01,18,22,2017-05-01,5,1,6,4,,6,6000,3500
1119404,2017-12-26T17:03:58Z,7098,1981-10-15,2,1999-04-20,4,0,0,1,2001-05-01,2001-05-01,3,4,2010-06-01,12,1,6,1,7,1,7000,10
1119316,2017-12-26T16:39:04Z,116468,1999-08-27,2,2015-08-28,1,0,0,5,2017-08-01,2017-08-01,18,22,,0,4,,,,5,10000,8000
1117636,2017-12-26T09:36:45Z,116058,1984-06-25,1,2014-10-14,3,1,1,1,1989-02-01,1989-02-01,8,10,2014-05-01,5,3,12,6,9,1,8000,2000
1118814,2017-12-26T14:45:36Z,116375,1996-11-03,1,2013-01-17,4,0,0,5,2016-07-01,2016-07-01,9,11,2016-01-01,2,1,4,3,3,2,12000,7000
1110569,2017-12-25T13:32:45Z,114076,1996-04-06,1,2012-05-21,1,0,0,1,2014-09-01,2000-04-01,8,23,2016-04-01,2,1,12,4,6,2,9000,6000
1118419,2017-12-26T12:54:53Z,116253,1976-10-14,2,2009-06-05,3,2,10,1,2010-02-01,1976-10-01,8,23,2010-02-01,7,6,11,5,11,2,7000,3000
1117702,2017-12-26T09:55:05Z,116105,1988-08-14,2,2008-05-23,3,2,11,5,1993-05-01,1993-05-01,8,10,2012-12-01,13,1,13,3,11,1,25000,6000
1117633,2017-12-26T09:36:31Z,116090,1998-12-16,2,2015-01-14,4,0,0,5,2016-08-01,2016-08-01,19,23,,2,4,,,10,2,4500,2500
1118381,2017-12-26T12:43:20Z,76659,1984-06-27,1,2016-06-05,3,2,13,1,2015-04-01,2015-03-01,3,4,2016-03-01,13,1,11,3,4,2,11000,5000
1119609,2017-12-26T18:00:24Z,59991,1979-06-22,2,2012-08-28,3,2,9,3,2010-01-01,1979-06-01,8,6,2010-01-01,15,3,3,6,11,2,10000,10
1109762,2017-12-25T10:01:24Z,55461,1986-04-19,2,2013-10-25,3,1,9,5,1986-04-01,1986-04-01,17,21,2016-06-01,4,1,13,6,,3,6000,1000
1110794,2017-12-25T14:37:20Z,115106,1964-03-27,2,2009-07-29,2,2,21,5,2010-08-01,2010-08-01,19,23,2014-06-01,23,1,3,4,2,1,8000,1800
1111813,2017-12-25T19:51:04Z,115802,1997-01-29,1,2013-02-27,4,0,0,5,1997-01-01,1997-01-01,6,8,2016-02-01,3,1,12,4,,6,4000,3000
1103803,2017-12-24T16:48:25Z,115002,1987-11-12,2,2004-05-22,2,1,4,1,2017-08-01,2017-08-01,10,12,2017-10-01,12,3,3,6,,6,5000,1300
1111118,2017-12-25T15:57:54Z,115630,1998-09-26,2,2014-12-13,4,0,0,4,2015-08-01,2015-08-01,9,11,2017-08-01,1,3,12,6,4,2,12000,7000
1111848,2017-12-25T20:07:01Z,115810,1995-11-02,1,2012-01-12,4,0,0,1,2017-10-01,2001-10-01,13,6,2015-08-01,4,3,9,6,10,1,7000,6000
1095071,2017-12-23T09:13:44Z,81537,1992-11-05,2,2008-12-16,1,0,,5,1999-08-01,1999-08-01,18,22,2017-03-01,1,3,6,6,,5,700,6000
1109456,2017-12-25T08:25:42Z,115275,1984-05-30,2,2011-03-14,2,0,0,1,1987-03-01,1987-03-01,3,4,2016-03-01,15,1,2,1,10,2,7500,4000
1104457,2017-12-24T22:59:22Z,93524,1988-05-24,1,2004-06-29,4,0,0,1,1988-05-01,1988-05-01,8,10,2017-03-01,7,1,11,3,9,1,10000,6000
1102774,2017-12-24T11:43:41Z,114773,1990-10-27,1,,1,1,3,1,2013-12-01,2013-12-01,3,4,2013-07-01,5,1,6,5,,6,5500,2500
1109063,2017-12-25T00:34:39Z,79514,1997-03-28,2,2013-03-28,4,0,,1,1998-03-01,1998-03-01,8,10,2016-03-01,2,1,12,2,9,2,10000,3000
1109106,2017-12-25T02:17:53Z,115219,1992-07-29,1,2009-02-02,1,0,0,1,1992-07-01,1992-07-01,21,25,2013-11-01,10,1,5,5,4,2,5000,2000
1111692,2017-12-25T19:01:01Z,115769,1993-11-18,2,2010-05-11,4,0,0,5,1993-12-01,1993-12-01,8,10,2014-03-01,3,1,4,5,10,1,9000,7000
1096671,2017-12-23T17:58:00Z,27456,1987-02-25,1,2006-02-24,3,3,11,1,2008-05-01,2008-05-01,13,16,2017-09-01,11,3,6,5,,6,5000,10
1111631,2017-12-25T18:39:10Z,115747,1987-01-27,2,2003-05-14,3,2,4,3,2012-06-01,1991-04-01,8,15,2014-03-01,4,1,13,6,4,1,40000,8000
1110912,2017-12-25T15:03:47Z,115607,1995-02-01,1,2012-08-01,4,0,0,4,1995-02-01,1995-02-01,11,14,2015-09-01,4,1,12,4,6,2,5000,1000
1110807,2017-12-25T14:42:14Z,115595,1990-10-18,2,2007-03-21,4,0,0,5,2013-08-01,2013-08-01,21,25,2015-01-01,4,3,7,6,,6,20000,20000
1110644,2017-12-25T13:57:43Z,115561,1995-10-03,1,2012-02-21,4,0,0,1,1996-02-01,1996-02-01,12,15,2017-01-01,1,3,7,6,6,1,8000,3000
1111283,2017-12-25T16:42:20Z,115662,1992-04-11,1,2008-05-29,4,0,0,1,2006-01-01,1993-04-01,3,4,2017-04-01,7,1,12,4,10,2,8000,6000
1111922,2017-12-25T20:35:38Z,115753,1986-10-03,1,2016-06-30,4,0,0,5,2003-05-01,2003-05-01,8,10,2008-11-01,13,6,13,6,6,2,25000,10000
1110580,2017-12-25T13:35:37Z,25379,1996-06-21,1,2012-07-24,4,0,,1,2016-11-10,1996-06-10,8,15,2016-02-10,2,1,7,1,,5,7000,3500
1110583,2017-12-25T13:36:16Z,115520,1991-01-05,1,2016-01-25,4,1,4,1,1991-01-01,1991-01-01,3,4,2017-10-01,0,1,5,1,4,1,5000,3000
1111161,2017-12-25T16:06:05Z,112781,1987-08-09,1,2014-12-11,3,0,0,1,2002-10-01,2002-10-01,16,20,2008-09-01,9,1,8,5,4,1,6000,1500
1111087,2017-12-25T15:50:55Z,45551,1975-12-30,1,2011-08-23,5,3,22,5,2013-06-10,2013-06-10,10,12,2015-04-10,18,1,12,4,,6,5500,1000
1111796,2017-12-25T19:44:15Z,115803,1990-05-29,2,2006-08-21,4,0,0,5,1999-10-01,1999-10-01,12,15,2016-10-01,11,6,13,2,9,1,3700,1500
1111393,2017-12-25T17:10:20Z,115663,1989-07-23,1,2005-10-27,1,0,0,5,1989-07-01,2010-03-01,8,19,2014-09-01,11,1,11,5,4,1,12000,9000
1110640,2017-12-25T13:57:18Z,113509,1983-11-02,2,2000-03-20,4,0,0,5,2000-04-01,2000-04-01,3,4,2014-11-01,11,1,5,1,11,1,7000,2500
1110424,2017-12-25T12:53:33Z,115056,1994-02-12,1,2013-11-09,3,1,3,1,1994-02-01,1994-02-01,14,17,2017-07-01,3,1,2,3,6,1,35000,2500
1111410,2017-12-25T17:11:36Z,115667,1975-01-22,2,2001-12-25,1,0,0,6,1990-10-01,1990-10-01,20,24,2010-04-01,20,3,3,6,,5,4000,3000
1109426,2017-12-25T08:04:37Z,115020,1997-07-09,2,2013-10-04,4,0,0,1,2012-05-01,2012-05-01,4,6,2017-10-01,2,3,11,6,9,2,8000,2500
1109754,2017-12-25T10:00:28Z,115312,1983-08-05,1,2004-05-15,2,1,13,5,2013-05-01,2013-05-01,9,11,2015-03-01,16,1,1,5,4,2,3000,2500
1109516,2017-12-25T08:52:34Z,115307,1994-04-22,2,2013-02-07,1,0,0,1,2016-12-01,2005-06-01,14,17,2016-01-01,6,1,1,1,9,1,7200,1500
1097251,2017-12-23T23:41:38Z,114538,1991-06-08,2,2008-02-08,3,1,2,1,2003-04-01,2003-04-01,15,18,2011-11-01,7,1,6,5,2,2,15000,8000
1109066,2017-12-25T00:45:13Z,115207,1997-12-06,2,2014-01-08,4,0,0,1,2017-11-01,2017-11-01,8,10,2017-10-01,2,1,9,4,,6,12000,3000
1111168,2017-12-25T16:07:25Z,97570,1998-01-26,2,2014-02-19,4,0,0,1,2015-08-01,2015-08-01,13,16,,0,4,,,9,2,4600,1000
1110484,2017-12-25T13:08:39Z,115493,1983-01-21,1,2015-04-30,1,1,15,5,2017-02-01,2017-02-01,3,4,2015-05-01,2,6,12,6,,5,5000,1500
1111767,2017-12-25T19:28:55Z,115771,1995-12-16,2,2012-02-17,4,0,0,1,1995-12-01,1995-12-01,9,11,2016-06-01,3,1,1,5,,6,7000,7000
1111284,2017-12-25T16:42:30Z,115676,1985-06-09,1,2011-02-25,3,2,7,5,2015-04-01,2015-04-01,3,4,2016-12-01,7,1,12,4,4,1,8000,5000
1111421,2017-12-25T17:16:57Z,115673,1990-06-13,2,2006-06-13,3,1,2,4,1996-05-01,1996-05-01,11,14,2017-04-01,6,1,11,1,6,2,9500,6000
1109862,2017-12-25T10:26:58Z,28820,1987-08-22,2,2003-12-13,3,2,6,1,2014-08-10,1987-08-10,18,22,2014-02-10,8,3,3,3,4,2,8000,6000
1109701,2017-12-25T09:50:17Z,115354,1999-03-12,2,2015-04-10,4,0,0,1,2016-07-01,2016-07-01,3,4,,2,4,,,4,2,4000,4000
1109357,2017-12-25T07:30:36Z,99212,1964-06-28,1,2009-02-10,3,1,29,5,1995-05-01,1995-05-01,3,4,2017-11-01,30,1,12,4,,6,5500,2000
1104425,2017-12-24T22:36:34Z,57585,1984-07-17,1,2001-03-22,1,2,13,5,1984-07-01,1984-07-01,8,10,2008-08-01,9,1,3,6,,6,9350,4000
1110306,2017-12-25T12:24:05Z,115465,1976-09-07,1,2001-07-01,3,1,22,5,1993-07-01,1993-07-01,6,8,2017-08-01,13,1,12,6,,5,6000,2000
1111549,2017-12-25T18:10:35Z,94461,1998-04-22,2,2014-05-13,4,0,,5,2014-05-01,2014-05-01,3,4,2015-06-01,2,1,3,5,2,2,7000,3200
1112050,2017-12-25T21:53:17Z,115862,1996-02-28,2,2012-11-08,4,0,0,5,2000-05-01,2000-05-01,2,3,2016-03-01,3,1,2,2,3,2,4000,2500
1111790,2017-12-25T19:42:20Z,115790,1995-05-07,2,2014-06-25,4,0,0,5,2014-06-01,2014-06-01,9,11,2017-10-01,3,3,7,6,11,2,7000,4000
1110915,2017-12-25T15:04:19Z,96464,1990-01-02,2,2006-01-23,4,0,0,5,2006-01-01,2006-01-01,16,20,2014-02-01,5,1,11,6,10,1,5000,2000
1109400,2017-12-25T07:51:59Z,49051,1975-12-27,1,1999-10-19,3,4,21,5,2014-08-01,2011-07-01,14,17,2014-09-01,12,1,12,6,,5,7000,2000
1089647,2017-12-22T19:06:09Z,102308,1987-03-22,2,2004-01-27,3,3,10,1,2008-07-01,2008-07-01,9,11,2014-03-01,12,1,6,5,,6,5500,500
1111495,2017-12-25T17:54:17Z,39097,1989-02-10,2,2005-07-06,3,0,,5,2013-11-10,2007-01-10,7,9,2017-04-01,6,1,6,2,4,1,8000,8000
1109585,2017-12-25T09:17:52Z,115320,1988-01-02,2,2004-03-05,3,1,1,4,2016-12-01,1988-01-01,8,11,2015-03-01,7,1,7,6,10,1,25000,10000
1104398,2017-12-24T22:06:54Z,115168,1971-03-24,2,2005-10-15,3,2,21,4,2008-11-01,2008-11-01,18,22,2016-10-01,17,3,11,2,11,1,10400,5000
1111314,2017-12-25T16:55:02Z,115158,1994-10-12,2,2010-12-09,4,0,0,1,2005-09-01,2005-09-01,19,23,2016-06-01,1,3,12,6,,6,7000,1500
1109386,2017-12-25T07:45:24Z,115268,1989-11-12,1,2009-12-07,3,2,6,1,2013-04-01,2013-04-01,22,26,,8,5,,,,6,2500,2500
1109046,2017-12-25T00:28:55Z,115039,1986-05-18,2,2002-09-30,3,0,0,1,2006-07-01,2006-07-01,15,18,2017-01-01,7,1,13,1,4,1,6800,5500
1111952,2017-12-25T20:49:58Z,115835,1982-03-26,2,2005-03-31,3,0,0,5,1986-05-01,1986-05-01,8,10,2015-03-01,18,1,11,3,,3,8000,7000
1110273,2017-12-25T12:13:31Z,115451,1998-05-11,2,2015-02-04,4,0,0,1,1998-05-01,1998-05-01,11,14,1998-05-01,1,1,3,2,,6,10000,4000
1110089,2017-12-25T11:23:28Z,115396,1995-08-29,2,2012-03-09,4,0,0,5,1995-08-01,1995-08-01,11,14,2015-09-01,3,1,10,2,3,1,4000,2000
1110766,2017-12-25T14:31:56Z,115582,1993-04-19,2,2009-09-08,4,0,0,1,1993-04-01,1993-04-01,11,14,2016-07-01,1,3,12,6,4,1,7000,3000
1096807,2017-12-23T19:14:42Z,114446,1989-01-28,2,2007-11-16,4,0,0,5,1989-01-01,1989-01-01,19,23,2011-10-01,6,1,2,1,9,2,10000,5000
1111780,2017-12-25T19:34:35Z,110858,1980-01-10,1,1996-11-26,4,0,0,5,1980-01-01,1980-01-01,3,4,2017-03-01,16,1,8,3,7,1,7000,2000
1110322,2017-12-25T12:28:26Z,115449,1981-11-07,2,,1,2,13,1,2000-05-01,2000-05-01,17,21,,15,5,,,,6,3000,2500
1111583,2017-12-25T18:22:03Z,43152,1989-03-10,1,2008-02-04,3,2,9,1,2007-01-10,2007-01-10,3,4,2010-06-10,7,1,12,3,10,1,4000,500
1102602,2017-12-24T10:53:04Z,109563,1967-04-22,2,1996-12-03,3,2,24,1,2000-01-01,2000-01-01,11,14,2010-09-01,15,1,3,2,,3,6000,1500
1111125,2017-12-25T15:58:40Z,2502,1990-05-23,2,2007-01-09,4,0,,4,2006-01-10,2006-01-10,9,11,2016-03-10,8,1,12,4,6,1,12000,3500
1104434,2017-12-24T22:46:45Z,115182,1991-02-14,1,2007-11-13,4,0,0,5,2000-10-01,2000-10-01,8,10,2008-11-01,8,1,5,4,4,1,19900,3050
1110974,2017-12-25T15:23:30Z,115616,1960-08-31,2,2016-05-24,3,0,0,3,2001-08-01,2001-08-01,9,11,2014-04-01,39,1,3,3,1,1,25000,3000
1110731,2017-12-25T14:20:42Z,115571,1976-07-22,2,2008-07-19,2,0,0,5,2011-02-01,2011-02-01,9,11,,0,2,,,,5,1700,500
1111062,2017-12-25T15:42:53Z,115623,1970-04-22,2,1996-10-05,4,0,0,5,1980-11-01,1980-11-01,19,23,2001-09-01,20,1,10,3,6,7,4000,3000
1109828,2017-12-25T10:18:23Z,26998,1985-12-28,2,2002-04-09,2,1,8,5,2009-04-10,2009-04-10,21,25,2016-08-10,15,3,13,6,10,2,16000,6000
1109731,2017-12-25T09:56:37Z,115344,1983-07-30,2,1999-09-02,4,0,0,5,2014-12-01,2008-03-01,8,5,2008-06-01,13,3,7,6,11,2,16000,5000
1109170,2017-12-25T04:20:00Z,95020,1987-06-25,2,2003-10-06,3,2,3,4,2014-01-01,1987-06-01,3,8,2011-03-01,6,3,7,6,4,1,35000,10000
1111906,2017-12-25T20:29:23Z,115814,1991-08-05,2,2007-12-03,4,0,0,1,2002-09-01,1991-08-01,13,16,2012-04-01,5,6,13,3,,5,15000,5000
1103664,2017-12-24T16:06:22Z,114955,1976-07-14,2,2000-01-08,2,1,3,1,1999-09-01,1999-09-01,23,27,2001-04-01,18,1,2,1,4,1,8000,5000
1109270,2017-12-25T06:33:41Z,103722,1985-12-21,2,2002-08-30,4,0,0,1,1981-05-01,1981-05-01,22,26,2017-11-01,9,1,6,5,,6,6000,2000
1109969,2017-12-25T10:57:43Z,92086,1991-12-15,2,2007-12-25,3,0,,3,2014-05-01,2014-05-01,1,2,2015-08-01,5,1,7,3,,5,6200,2700
1101779,2017-12-24T01:55:21Z,114558,1995-07-31,2,2011-09-29,4,0,0,5,2012-09-01,2012-09-01,22,26,,3,4,,,6,1,3000,1600
1111524,2017-12-25T18:02:14Z,115732,1988-02-28,1,2004-09-02,4,0,0,5,1988-03-01,1988-03-01,3,4,2012-12-01,5,1,5,5,9,1,10000,10000
1111055,2017-12-25T15:41:42Z,115639,1998-04-15,2,2014-09-18,4,0,0,1,2016-09-01,2016-09-01,1,2,,2,4,,,7,2,4000,3000
1110820,2017-12-25T14:44:33Z,115335,1991-10-06,2,,3,1,3,5,1994-08-01,1994-08-01,9,11,2013-11-01,8,1,6,4,,6,5000,2500
1109609,2017-12-25T09:24:59Z,115328,1996-08-06,2,2012-09-12,4,0,0,5,1996-07-01,1996-07-01,3,4,2016-08-01,1,1,12,2,11,2,6000,3000
1111564,2017-12-25T18:16:04Z,115742,1995-10-26,2,2012-01-27,4,0,0,4,2016-07-01,2001-03-01,8,3,2016-01-01,2,1,6,3,11,1,12000,2500
1111136,2017-12-25T15:59:54Z,110600,1980-04-20,2,2004-07-29,4,0,0,4,2001-06-01,2001-06-01,23,27,2015-03-01,15,6,3,6,1,2,7000,3000
1111032,2017-12-25T15:36:24Z,115621,1983-04-15,1,2003-06-04,2,1,15,1,1984-10-01,1984-10-01,21,25,2002-08-01,16,1,8,2,,5,5100,1000
1111383,2017-12-25T17:09:01Z,115694,1995-07-19,1,2011-11-11,1,0,0,5,2015-09-01,2015-09-01,13,16,2017-05-01,0,6,7,2,6,2,8000,5000
1110621,2017-12-25T13:46:31Z,115549,1994-09-09,2,2011-01-26,4,0,0,1,1994-09-01,1994-09-01,18,22,2014-11-01,3,1,6,5,,6,3800,600
1109548,2017-12-25T09:06:31Z,115310,1997-05-29,1,2015-08-18,4,0,0,1,2017-08-01,1997-11-01,17,27,,1,4,,,,6,4000,3500
1109966,2017-12-25T10:57:28Z,115371,1954-03-22,1,2000-07-19,5,2,37,1,1983-03-01,1983-03-01,17,21,,35,2,,,,5,1500,300
1104177,2017-12-24T20:02:44Z,115075,1993-07-13,1,2015-04-27,3,1,3,1,2011-01-01,2011-01-01,9,11,2017-08-01,3,1,9,2,,6,4000,2800
1110866,2017-12-25T14:54:34Z,8576,1998-10-21,2,2015-01-29,4,0,0,1,1998-10-01,1998-10-01,15,18,2016-05-01,1,6,6,6,5,2,3500,10
1102570,2017-12-24T10:46:03Z,114714,1988-01-24,2,,4,0,0,5,1989-12-01,1989-12-01,9,11,2012-03-01,15,1,12,3,4,1,30000,10000
1111268,2017-12-25T16:33:22Z,103646,1993-03-18,2,2009-10-06,4,0,0,1,2003-09-01,2011-09-01,3,4,2017-09-01,5,6,12,3,10,1,7000,4000
1104221,2017-12-24T20:27:52Z,115127,1971-08-22,2,1998-01-12,2,2,24,3,1991-04-01,1991-04-01,18,22,2013-05-01,30,1,12,3,8,4,30000,10000
1111465,2017-12-25T17:39:11Z,115714,1998-01-31,1,2014-03-05,4,0,0,1,2016-10-01,2016-10-01,9,11,,2,4,,,8,2,2000,2000
1109629,2017-12-25T09:29:48Z,115318,1993-10-05,2,2016-04-28,4,0,0,5,1993-01-01,1993-01-01,5,11,2016-07-01,18,1,2,5,,6,8000,1500
1110509,2017-12-25T13:14:11Z,115511,1983-09-04,2,2000-12-30,4,0,0,4,1990-02-01,1990-02-01,21,25,2015-11-01,12,1,9,3,4,7,25000,10000
1111824,2017-12-25T19:55:58Z,13979,1992-01-30,2,2008-02-05,4,0,,5,2008-02-10,2008-02-10,7,9,2012-01-10,5,1,2,4,,6,4500,2000
1110388,2017-12-25T12:42:05Z,115482,1972-05-16,2,,2,0,0,5,1974-01-01,1974-01-01,16,20,2015-12-01,25,1,6,5,,6,7000,4000
1109621,2017-12-25T09:27:49Z,115332,1991-07-15,2,2007-08-22,1,0,0,5,1991-07-01,1991-07-01,13,16,2012-01-01,5,1,3,1,2,1,25700,15000
1109706,2017-12-25T09:50:55Z,115346,1991-04-27,2,2009-04-09,4,0,0,1,1991-05-01,1991-05-01,6,8,,5,5,,,,6,6000,2500
1101971,2017-12-24T07:07:26Z,114598,1999-12-24,1,,4,0,0,1,2015-09-01,2015-09-01,16,20,,2,4,,,,6,2000,1500
1104454,2017-12-24T22:53:30Z,112188,1987-05-11,2,2003-10-24,3,1,3,1,2011-09-01,2011-09-01,14,17,2010-08-01,7,1,2,1,9,1,18000,6500
1102042,2017-12-24T07:39:58Z,114612,1996-02-20,2,2012-11-09,3,0,0,5,2014-09-01,2014-09-01,14,17,,5,4,,,7,2,7000,2000
1103185,2017-12-24T13:46:31Z,114880,1978-11-19,1,2010-06-02,2,0,0,6,1996-08-01,1996-08-01,6,8,2014-03-01,16,1,12,3,4,1,8000,2000
1101836,2017-12-24T04:25:57Z,114572,1989-03-17,2,2006-05-25,4,0,0,5,1989-03-01,1989-03-01,8,10,2015-08-01,8,1,12,5,4,1,15000,6000
1104022,2017-12-24T18:41:05Z,115064,1982-06-30,2,2014-02-25,4,1,1,5,2016-08-01,2016-08-01,8,10,2015-04-01,2,1,11,4,,5,20000,15000
1102502,2017-12-24T10:14:04Z,114479,1971-09-09,1,1995-11-24,3,2,21,3,1997-09-01,1997-09-01,10,12,1996-09-01,20,1,10,2,6,1,8500,500
1102030,2017-12-24T07:36:19Z,114606,1987-06-19,2,2004-02-16,4,0,0,5,1987-06-01,1987-06-01,19,23,2010-05-01,7,1,3,6,,5,4800,1800
1104208,2017-12-24T20:20:06Z,114372,1977-11-27,1,1998-07-29,4,2,20,1,2003-08-01,2003-08-01,21,25,2011-09-01,16,1,10,4,,5,6000,1000
1102430,2017-12-24T09:55:39Z,114661,1984-11-04,2,2009-12-23,4,0,0,5,1984-11-01,1984-11-01,3,4,2016-10-01,1,1,6,5,,5,8000,2000
1102319,2017-12-24T09:08:26Z,111039,1981-12-07,1,1998-09-21,4,2,11,5,2001-03-01,2001-03-01,19,23,2014-01-01,10,3,5,3,4,1,12000,5000
1103699,2017-12-24T16:19:05Z,114983,1988-07-06,2,2005-09-23,4,0,0,1,2016-12-01,2016-12-01,12,15,2017-06-01,7,1,3,3,2,1,8000,6000
1102256,2017-12-24T08:48:29Z,114644,1989-10-02,2,2005-11-10,2,2,4,1,2017-01-01,2012-01-01,5,16,2016-12-01,9,1,3,1,,6,10500,6000
1102276,2017-12-24T08:53:17Z,114643,1986-05-16,2,2002-08-15,4,0,0,5,2013-07-01,2013-07-01,9,11,2017-10-01,5,1,11,6,11,1,9000,5000
1097207,2017-12-23T23:10:48Z,110510,1995-05-21,1,2011-07-20,4,0,0,1,2014-09-01,2014-09-01,13,16,,5,4,,,10,2,15000,3000
1101959,2017-12-24T07:01:20Z,114592,1991-01-06,2,2007-07-04,1,1,5,3,2016-03-01,1991-01-01,23,10,2016-03-01,8,3,12,6,11,2,9000,7000
1094786,2017-12-23T07:44:05Z,23318,1974-02-16,2,2000-01-27,3,1,8,5,1975-01-10,1975-01-10,8,10,2009-03-10,23,1,5,6,6,1,25000,10000
1101773,2017-12-24T01:42:24Z,114541,1987-07-06,1,,3,2,8,5,1994-05-01,1994-05-01,3,4,2003-09-01,11,1,8,4,,6,5200,1800
1103979,2017-12-24T18:13:05Z,115049,1983-08-12,1,2011-03-30,2,1,9,5,2013-10-01,2013-10-01,3,4,2016-10-01,15,6,12,3,4,2,8000,4000
1102671,2017-12-24T11:13:27Z,114756,1993-07-24,2,2009-09-18,4,0,0,1,1993-07-01,1993-07-01,3,4,2010-06-01,7,1,3,2,10,2,10000,4000
1103350,2017-12-24T14:24:51Z,107760,1994-03-14,2,2010-10-21,4,0,0,5,2016-03-01,2016-03-01,22,26,2017-04-01,2,1,11,1,9,1,4270,4000
1104283,2017-12-24T20:55:43Z,115143,1997-04-29,1,2013-08-22,4,0,0,1,2016-08-01,2004-07-01,8,21,2016-09-01,3,1,12,4,11,2,8000,4000
1104226,2017-12-24T20:31:02Z,115135,1987-08-11,1,2010-04-28,2,1,7,5,2010-06-01,2010-06-01,10,12,2014-08-01,5,1,10,5,4,7,5500,4000
1089085,2017-12-22T16:11:38Z,113732,1983-11-09,1,2012-01-20,1,2,8,5,1983-11-01,1983-11-01,5,7,2017-10-01,8,1,6,5,4,1,4500,1200
1094788,2017-12-23T07:44:40Z,85268,1989-03-05,1,2016-11-03,3,0,,5,2014-11-01,2014-11-01,10,12,2017-03-01,6,1,5,1,8,1,5000,1500
1103754,2017-12-24T16:33:27Z,114998,1998-01-08,1,2014-03-21,4,0,0,3,2015-08-01,2015-08-01,8,10,2017-10-01,2,1,11,2,4,2,6000,5000
1101795,2017-12-24T02:51:52Z,57784,1998-01-19,2,2014-04-03,4,0,,1,2010-02-10,2010-02-10,11,14,1970-01-01,2,4,,,,6,2400,2100
1104033,2017-12-24T18:43:55Z,115045,1998-01-21,2,2014-07-19,4,0,0,5,2014-11-01,2014-11-01,19,23,2016-02-01,1,6,11,3,,6,6500,4500
1102665,2017-12-24T11:11:48Z,91417,1996-05-21,2,,4,0,0,1,2001-06-01,2001-06-01,13,16,2015-05-01,2,1,1,1,,6,8000,3000
1095638,2017-12-23T12:14:24Z,113499,1978-01-03,1,1996-08-02,4,0,0,5,1994-12-01,1994-12-01,4,6,2016-11-01,11,1,8,6,9,1,5000,3000
1104045,2017-12-24T18:55:16Z,115068,1982-07-10,1,2004-11-16,3,3,14,1,2004-05-01,2004-05-01,9,11,2010-05-01,7,6,4,2,,5,5000,2000
1101844,2017-12-24T04:39:36Z,109278,1991-05-26,2,2007-08-08,4,0,0,1,1991-06-01,1991-06-01,11,14,2015-06-01,2,6,4,3,6,1,6000,4000
1102894,2017-12-24T12:25:22Z,114803,1984-10-14,1,2000-11-23,5,0,0,3,2017-05-01,2000-11-01,8,27,2015-10-01,14,1,5,2,4,1,15700,5800
1094515,2017-12-23T01:54:28Z,88844,1974-12-29,2,1997-09-23,3,1,22,1,1989-02-01,1989-02-01,3,4,2014-03-01,25,1,6,5,,6,12750,2000
1102572,2017-12-24T10:46:31Z,114737,1981-10-04,2,1999-04-23,5,0,0,5,1993-04-01,1993-04-01,20,24,2016-11-01,2,1,3,5,,5,6000,3000
1101948,2017-12-24T06:58:11Z,114584,1995-06-06,1,2011-06-21,4,0,0,1,1995-06-01,1995-06-01,9,11,2017-06-01,5,1,12,5,11,1,7000,2000
1101739,2017-12-24T00:36:35Z,114549,1977-03-16,1,1996-09-27,3,2,20,5,2004-01-01,2004-01-01,3,4,2002-01-01,20,1,8,5,,5,6000,2000
1102274,2017-12-24T08:52:16Z,114648,1997-04-12,2,1997-04-12,4,0,0,2,1998-04-01,1998-04-01,3,4,2016-12-01,1,1,9,3,,6,5000,2300
1101823,2017-12-24T04:00:48Z,114439,1990-09-24,2,2006-11-01,4,0,0,3,1990-09-01,1990-09-01,2,3,2014-09-01,5,6,12,5,6,1,6000,5500
1103806,2017-12-24T16:49:17Z,114761,1964-01-24,1,2013-04-05,2,0,0,1,2016-07-01,2016-07-01,8,10,2013-05-01,30,3,6,6,,6,13000,7000
1101875,2017-12-24T05:23:12Z,114581,1995-09-18,2,2015-09-26,4,0,0,4,1995-11-01,1995-11-01,9,11,2015-05-01,4,1,12,5,4,1,7000,4500
1097231,2017-12-23T23:19:49Z,114536,1996-04-24,2,2012-06-01,4,0,0,5,1996-05-01,1996-05-01,11,14,2016-04-01,2,1,12,6,4,2,12000,5000
1103220,2017-12-24T13:52:57Z,114886,1983-09-25,1,2005-09-02,3,2,13,5,2005-10-01,2005-10-01,18,22,2012-02-01,18,1,2,3,11,1,7200,2000
1101768,2017-12-24T01:37:01Z,114550,1981-11-20,1,1998-06-16,1,0,0,5,1981-11-01,1981-11-01,11,14,2016-12-01,14,1,2,4,4,1,8000,600
1103777,2017-12-24T16:38:49Z,114979,1979-07-31,1,2006-08-01,2,1,11,5,2002-05-01,2002-05-01,14,17,2017-05-01,22,3,12,6,,6,12000,7000
1102402,2017-12-24T09:41:07Z,114171,1989-08-01,2,2009-02-10,4,0,0,1,1995-06-01,1995-06-01,8,10,2016-06-01,5,1,7,3,,6,15000,5000
1103341,2017-12-24T14:21:50Z,114896,1990-12-07,1,2010-07-21,2,2,9,1,2017-01-01,2010-05-01,13,25,,5,5,,,4,2,5000,5000
1104064,2017-12-24T19:04:22Z,114939,1991-09-28,1,2011-02-24,3,2,7,5,2009-09-01,2009-09-01,19,23,2013-08-01,4,1,2,6,,5,5000,1000
1102113,2017-12-24T08:08:53Z,114610,1982-02-12,2,1998-08-01,3,2,15,5,1999-10-01,1999-10-01,3,4,2015-06-01,15,1,6,4,,5,10080,8000
1104164,2017-12-24T19:52:54Z,115104,1999-12-10,1,2016-12-13,3,0,0,1,2005-12-01,2005-12-01,10,12,2016-12-01,2,1,12,3,,6,5500,2000
1102977,2017-12-24T12:52:14Z,114831,1984-03-08,2,2000-08-16,1,1,4,1,2012-09-01,2001-06-01,3,12,2017-03-01,14,1,3,2,9,2,9500,4500
1104001,2017-12-24T18:29:07Z,114865,1992-02-24,2,2009-02-19,4,0,0,1,1992-02-01,1992-02-01,7,9,2016-09-01,5,1,12,3,11,2,6000,3000
1097044,2017-12-23T21:17:25Z,114492,1985-10-18,1,2002-05-13,3,0,0,5,1980-06-01,1980-06-01,13,16,2010-03-01,7,1,6,6,,5,7500,3000
1102329,2017-12-24T09:12:56Z,114498,1992-08-20,1,2011-11-30,3,2,8,5,2015-10-01,2015-10-01,7,9,2016-12-01,5,1,12,6,,6,6000,2500
1102950,2017-12-24T12:42:41Z,114785,1998-11-10,2,2008-03-11,5,0,0,1,2015-09-01,2015-09-01,6,8,,5,4,,,11,1,3480,1500
1095274,2017-12-23T10:23:48Z,114094,1982-08-20,2,1999-02-23,2,0,0,5,1982-08-01,1982-08-01,16,20,2014-05-01,4,1,6,3,,6,7000,4000
1103112,2017-12-24T13:26:12Z,114843,1980-03-20,1,2004-02-21,5,2,20,1,2014-06-01,1997-10-01,8,12,2015-11-01,9,1,12,2,4,2,17000,6000
1094960,2017-12-23T08:43:07Z,69052,1957-11-21,1,2000-03-11,3,0,,5,1980-03-10,1980-03-10,15,18,2015-05-10,40,6,12,4,4,2,5000,300
1102020,2017-12-24T07:33:36Z,103693,1996-11-28,1,2014-10-15,3,1,2,1,2015-09-01,2015-09-01,21,25,2017-05-01,6,3,8,2,,5,12000,7
1102216,2017-12-24T08:36:43Z,114631,1999-06-11,2,2015-06-15,4,0,0,5,2005-01-01,2005-01-01,11,14,2017-06-01,5,6,12,6,,6,3500,1500
1103951,2017-12-24T18:01:34Z,115044,1991-12-18,2,2008-03-19,4,0,0,1,1991-12-01,1991-12-01,3,4,2017-10-01,2,1,11,1,4,1,12000,8000
1101851,2017-12-24T04:53:25Z,114576,1994-10-18,2,2010-11-26,4,0,0,5,1999-07-01,1999-07-01,14,17,2017-06-01,1,6,12,6,4,1,7000,6000
1103201,2017-12-24T13:48:08Z,114862,1989-06-27,1,2010-10-23,1,1,1,5,1989-03-01,1989-03-01,21,25,2015-03-01,5,1,8,2,,6,4000,2000
1103557,2017-12-24T15:27:35Z,114947,1999-03-25,1,2015-08-01,4,0,0,5,2016-08-01,2016-08-01,18,22,,2,4,,,10,2,3500,2000
1102791,2017-12-24T11:50:56Z,14297,1989-06-11,2,2014-07-08,4,0,,1,1990-06-10,1990-06-10,8,10,2010-02-10,14,1,12,2,4,2,11200,2000
1102159,2017-12-24T08:20:01Z,114622,1996-01-04,1,,3,1,1,1,2003-02-01,2003-02-01,9,11,2017-09-01,1,6,12,6,10,2,5000,3000
1103853,2017-12-24T17:03:48Z,115014,1996-02-11,2,2012-03-19,4,0,0,5,2014-09-01,2014-09-01,18,22,2015-07-01,3,6,12,2,9,2,6000,4500
1102692,2017-12-24T11:16:07Z,114760,1992-12-27,1,2009-07-28,4,0,0,6,1993-01-01,1993-01-01,23,27,2017-07-01,6,6,11,6,9,1,4000,700
1102076,2017-12-24T07:53:53Z,114613,1992-03-06,2,2008-03-31,4,0,0,5,2017-02-01,2017-02-01,8,10,2017-09-01,2,1,5,3,9,1,20000,10000
1104088,2017-12-24T19:12:25Z,113255,1998-04-26,2,2014-06-05,4,0,0,5,1998-04-01,1998-04-01,1,2,2017-06-01,1,1,12,2,9,1,4800,4800
1102912,2017-12-24T12:31:52Z,114804,1971-02-01,2,2015-09-25,3,1,46,5,2012-04-01,1995-05-01,3,5,2012-04-01,29,1,11,5,11,1,5000,3000
1102416,2017-12-24T09:50:56Z,111288,1990-04-13,1,,3,1,6,5,1991-03-01,1991-03-01,3,4,2010-07-01,9,1,13,5,,6,5550,3500
1102361,2017-12-24T09:24:21Z,114650,1988-01-24,1,2008-09-09,3,2,8,5,2008-11-01,2008-11-01,14,17,2016-09-01,11,1,12,3,,6,5200,2000
1103051,2017-12-24T13:09:59Z,114812,1989-09-27,1,2012-05-24,3,1,4,3,2011-11-01,2006-09-01,14,17,2017-11-01,5,1,6,5,7,2,5500,3800
1101867,2017-12-24T05:12:24Z,114580,1978-08-11,2,1995-06-28,4,0,0,5,2004-04-01,2004-04-01,11,14,2016-01-01,15,1,7,2,,5,8000,1000
1104373,2017-12-24T21:51:43Z,115164,1987-01-12,1,2003-01-25,4,0,0,4,2016-01-01,2003-02-01,9,12,2016-02-01,2,1,13,1,9,1,11000,3000
1103661,2017-12-24T16:05:15Z,112522,1987-12-13,1,2011-02-02,3,1,3,5,1990-04-01,1990-04-01,9,11,2016-02-01,8,3,11,3,6,1,15000,5000
1095202,2017-12-23T09:54:59Z,114068,1991-04-17,2,2008-02-12,4,0,0,1,2015-01-01,1991-04-01,13,24,2012-04-01,6,1,1,5,,6,9000,3000
1097214,2017-12-23T23:12:50Z,114529,1982-09-27,2,2016-02-12,1,0,0,1,2012-11-01,2012-11-01,12,15,2005-04-01,1,1,3,6,11,1,5600,3580
1102933,2017-12-24T12:38:13Z,114806,1996-03-04,2,2012-04-09,4,0,0,1,2016-09-01,1996-03-01,4,6,2017-01-01,1,1,12,2,6,2,9100,5000
1088747,2017-12-22T14:47:14Z,113541,1975-04-10,2,1998-01-29,3,2,16,5,2007-12-01,2007-12-01,7,9,2013-12-01,15,1,12,3,11,2,9500,4800
1096649,2017-12-23T17:48:37Z,81746,1985-11-26,1,2002-07-22,1,2,3,5,1995-09-01,1995-09-01,11,14,2017-07-01,10,1,4,4,10,1,6000,5000
1104262,2017-12-24T20:43:13Z,115134,1977-04-10,1,1996-09-06,4,0,0,5,2015-08-01,2015-08-01,9,11,2010-05-01,15,3,11,6,10,1,7000,3000
1095094,2017-12-23T09:17:53Z,62485,1982-12-12,1,1999-02-24,4,1,0,5,1985-03-10,1985-03-10,13,16,2006-11-10,11,1,6,5,11,1,2000,2000
1096930,2017-12-23T20:14:42Z,114468,1996-05-25,1,2012-07-19,4,0,0,1,1996-05-01,1996-05-01,13,16,2017-05-01,2,1,12,6,5,2,6000,2500
1096322,2017-12-23T15:38:33Z,114309,1993-05-13,2,2011-04-06,4,0,0,1,2017-07-01,1998-05-01,14,17,2017-05-01,8,1,3,3,,6,6000,3000
1095739,2017-12-23T12:41:29Z,114199,1983-03-18,2,2000-05-17,4,0,0,5,2003-06-01,2003-06-01,6,8,2017-02-01,10,1,11,5,4,1,9000,3000
1094565,2017-12-23T03:26:26Z,110499,1996-09-14,2,2012-09-22,4,0,0,1,2000-01-01,2000-01-01,23,27,2017-09-01,1,1,11,4,9,2,5000,3000
1095173,2017-12-23T09:47:47Z,114031,1987-02-19,2,2003-10-22,4,0,0,5,2015-02-01,2015-02-01,8,10,2016-02-01,2,1,12,5,11,1,10000,10000
1096232,2017-12-23T15:05:54Z,114303,1987-10-29,2,2015-03-04,4,0,0,5,1992-12-01,1992-12-01,8,10,2016-04-01,12,1,12,4,3,2,10000,6000
1096691,2017-12-23T18:10:57Z,23774,1995-08-20,2,2011-11-04,4,0,0,1,1996-07-01,1996-07-01,7,9,2017-01-01,1,1,3,2,,6,4000,10
1095469,2017-12-23T11:35:59Z,110066,1971-12-22,2,1997-08-18,3,2,12,5,2000-05-01,2000-05-01,3,4,2014-07-01,26,1,3,2,11,1,12000,6000
1095400,2017-12-23T11:14:21Z,98690,1988-07-24,1,2010-10-22,2,1,6,5,1988-09-01,1988-09-01,8,10,2012-02-01,7,1,11,3,,5,12000,8000
1095657,2017-12-23T12:19:03Z,114173,1995-12-03,2,2012-05-03,3,0,0,1,2015-09-01,2015-09-01,12,15,2016-05-01,1,1,1,5,,6,7000,5000
1094639,2017-12-23T05:55:52Z,113982,1990-05-28,2,2013-04-08,4,0,0,4,1990-05-01,1990-05-01,19,23,2012-06-01,3,3,6,6,,6,4400,2000
1094535,2017-12-23T02:27:49Z,103905,1993-06-26,2,2009-11-28,4,0,0,4,1993-06-01,1993-06-01,9,11,2011-09-01,7,3,13,6,,6,8000,5000
1095889,2017-12-23T13:18:18Z,114238,1995-09-02,2,2011-11-23,4,0,0,5,1996-01-01,1996-01-01,9,11,2017-01-01,4,1,12,2,10,2,10000,6000
1095767,2017-12-23T12:54:26Z,114205,1988-03-21,2,,4,0,0,1,1988-03-01,1988-03-01,15,18,2016-07-01,7,1,13,6,,6,7500,1500
1095885,2017-12-23T13:17:06Z,114220,1990-12-27,2,2012-03-12,3,1,4,1,1993-10-01,1993-10-01,18,22,2016-10-01,9,1,13,3,4,1,8000,6000
1096306,2017-12-23T15:34:09Z,114341,1990-08-23,2,2014-10-16,4,0,0,5,1990-01-01,1990-01-01,15,18,2017-01-01,9,1,12,5,,6,7000,1500
1090033,2017-12-22T22:42:53Z,105495,1982-06-10,1,1998-06-18,1,4,16,5,2013-09-01,2013-09-01,13,16,2010-05-01,7,1,3,5,,6,12000,7000
1094820,2017-12-23T07:59:02Z,114017,1996-02-25,2,2012-03-21,4,0,0,1,2015-07-01,2015-07-01,16,20,2017-02-01,4,1,11,4,4,2,11000,5000
1096910,2017-12-23T20:06:47Z,69736,1987-06-21,1,2010-11-25,3,1,6,1,2008-12-01,2008-12-01,3,4,2017-01-01,12,1,6,2,,6,7200,2500
1094775,2017-12-23T07:35:14Z,114012,1997-08-12,2,2013-09-22,4,0,0,5,2002-05-01,2002-05-01,9,11,,3,4,,,6,1,10000,4000
1096618,2017-12-23T17:41:10Z,100066,1987-11-21,1,2016-10-05,3,0,0,1,1990-09-01,1990-09-01,21,25,2010-08-01,7,1,12,6,4,2,6000,2000
1095837,2017-12-23T13:06:19Z,114234,1994-01-02,2,2010-02-05,1,0,0,6,2003-09-01,2003-09-01,3,4,2017-06-01,1,6,7,1,11,2,5000,4500
1095043,2017-12-23T09:02:32Z,36732,1992-10-09,2,2008-11-13,4,0,,5,2006-09-10,2006-09-10,18,22,2014-09-10,3,1,10,4,4,1,7000,4000
1094861,2017-12-23T08:11:15Z,109839,1988-06-04,2,2006-03-14,3,1,1,5,2000-08-01,2000-08-01,15,18,2012-07-01,5,1,8,5,7,1,5000,2000
1095215,2017-12-23T09:59:55Z,15405,1988-10-10,2,2005-02-12,3,1,1,5,1990-06-10,1990-06-10,2,3,2016-01-10,1,1,6,5,,6,7000,4000
1097025,2017-12-23T21:06:42Z,97027,1999-11-15,2,,4,0,0,5,2014-04-01,2014-04-01,13,16,2016-06-01,1,1,4,2,11,2,9700,4700
1095533,2017-12-23T11:46:26Z,114156,1988-04-21,2,2004-07-09,1,0,0,5,2015-06-01,2015-06-01,13,16,2017-06-01,2,1,11,2,,6,6000,4500
1097096,2017-12-23T21:43:29Z,29402,1969-03-18,2,1997-04-25,3,3,12,1,2011-09-01,2011-09-01,9,11,2017-05-01,25,1,13,5,10,1,15000,5000
1088683,2017-12-22T14:31:15Z,113658,1996-03-30,2,2016-04-12,4,0,0,4,2017-05-01,2017-05-01,4,6,2016-03-01,1,1,1,1,,6,8150,2000
1096847,2017-12-23T19:35:25Z,114457,1959-12-24,2,1996-02-26,3,3,28,4,2004-07-01,2004-07-01,10,12,1979-04-01,34,1,4,3,10,1,4200,1200
1095263,2017-12-23T10:20:43Z,114102,1991-08-18,1,2013-03-07,4,0,0,1,2015-08-01,2011-03-01,8,10,2015-09-01,2,1,11,5,9,2,15000,7000
1095251,2017-12-23T10:15:41Z,114084,1988-08-20,2,2004-10-24,3,0,0,1,1997-12-01,1997-12-01,14,17,2017-10-01,8,6,6,4,,6,4000,2000
1095605,2017-12-23T12:06:33Z,114174,1991-05-30,2,2012-08-27,4,0,0,5,2001-05-01,2001-05-01,13,16,,12,4,,,,6,3200,1859
1095103,2017-12-23T09:19:40Z,114067,1993-06-06,2,2009-07-14,4,0,0,1,2013-12-01,2013-12-01,3,4,,4,4,,,11,1,3500,1500
1096256,2017-12-23T15:12:12Z,99118,1980-04-05,1,2014-07-16,3,2,3,5,1986-08-01,1986-08-01,9,11,2015-06-01,6,1,6,4,,6,12000,3000
1096527,2017-12-23T17:03:08Z,114387,1995-12-07,2,2012-05-03,4,0,0,1,2006-05-01,2006-05-01,16,20,2015-04-01,3,1,11,5,11,1,5000,5000
1090108,2017-12-22T23:52:06Z,111127,1994-04-02,2,2010-06-03,3,1,1,5,2010-06-01,2010-06-01,5,7,,6,2,,,,6,5000,2000
1096493,2017-12-23T16:43:13Z,101931,1995-09-11,1,2011-10-21,1,0,0,5,2015-02-01,1998-04-01,15,18,2017-01-01,1,1,12,3,9,1,4500,3500
1095582,2017-12-23T11:59:56Z,114153,1999-07-05,2,2015-08-20,4,0,0,5,2006-03-01,2006-03-01,13,16,2015-08-01,3,1,3,4,,6,12000,9500
1094795,2017-12-23T07:48:46Z,114019,1992-12-03,2,2009-02-20,3,2,5,4,2003-11-01,2003-11-01,9,11,2016-05-01,8,1,11,3,,6,7500,3400
1094575,2017-12-23T03:47:25Z,113967,1984-08-14,2,2014-07-09,3,1,1,5,2014-01-01,2014-01-01,1,2,2014-03-01,0,3,3,2,,6,12000,7000
1095201,2017-12-23T09:54:40Z,114070,1993-05-11,2,2009-06-09,4,0,0,1,2013-11-01,2013-11-01,6,8,2014-04-01,3,1,13,6,,6,7500,1600
1094992,2017-12-23T08:49:47Z,70080,1989-06-09,2,2005-11-24,4,0,0,1,2013-07-01,2013-07-01,20,24,2007-07-01,7,6,9,5,10,2,2600,1000
1095926,2017-12-23T13:30:16Z,114204,1977-12-16,2,1998-10-09,2,1,16,5,2010-10-01,2010-10-01,2,3,2017-03-01,17,1,3,2,2,1,5000,4000
1095497,2017-12-23T11:39:23Z,114154,1996-08-30,1,,3,0,0,1,2000-09-01,2000-09-01,23,27,2016-12-01,1,6,11,6,,6,4000,2000
1096292,2017-12-23T15:30:14Z,114324,1967-07-08,1,1997-09-11,5,2,28,5,1989-07-01,1989-07-01,3,4,2000-05-01,17,1,10,2,,6,2800,1000
1096113,2017-12-23T14:28:30Z,114287,1994-02-20,2,2010-06-05,3,1,1,1,2004-09-01,2004-09-01,21,25,2016-04-01,2,1,6,4,,6,7000,2000
1095019,2017-12-23T08:56:56Z,114058,1985-06-07,1,,2,0,0,5,2017-10-01,2017-10-01,12,15,2014-08-01,8,3,11,6,,6,7000,1500
1094582,2017-12-23T03:59:48Z,113966,1985-09-30,2,2002-03-18,3,1,12,5,1986-05-01,1986-05-01,3,4,2015-06-01,22,3,12,6,,6,3500,1900
1095806,2017-12-23T13:01:27Z,112253,1975-06-14,1,1998-07-16,1,2,23,5,1975-06-01,1975-06-01,8,10,2004-11-01,21,1,7,5,4,1,9000,5000
1090013,2017-12-22T22:15:40Z,113923,1978-04-10,2,2012-08-17,4,0,0,1,2012-08-01,2012-08-01,14,17,2012-09-01,18,1,13,3,,6,8000,3800
1081807,2017-12-21T19:42:34Z,89988,1971-01-05,1,1996-10-22,2,1,25,3,2002-03-01,2002-03-01,18,22,1993-07-01,24,1,3,5,4,1,13000,4500
1094619,2017-12-23T05:27:20Z,113976,1977-12-07,2,1997-10-27,3,2,16,3,2000-01-01,2000-01-01,13,16,1998-01-01,19,1,13,6,,6,25000,15000
1096593,2017-12-23T17:35:02Z,114114,1995-01-03,1,2011-02-01,2,1,3,5,2012-01-01,2012-01-01,8,10,,3,4,,,9,2,6000,3000
1094749,2017-12-23T07:16:51Z,93941,1984-12-14,1,2002-10-22,2,2,15,5,2004-09-01,2004-09-01,13,16,2004-09-01,14,1,2,3,4,1,10562,4560
1095190,2017-12-23T09:52:05Z,114071,1984-02-18,2,2015-09-30,3,2,11,1,2016-11-01,2016-11-01,12,15,2003-09-01,14,1,6,5,,6,8000,2000
1090059,2017-12-22T23:10:45Z,27679,1989-07-28,2,2005-08-11,4,0,,4,2012-11-10,2012-11-10,14,17,2012-11-10,5,1,13,5,11,1,6500,1500
1095356,2017-12-23T10:57:16Z,38434,1990-03-20,1,2012-10-02,3,2,5,2,2010-08-01,1990-03-01,8,11,,7,5,,,,6,3800,1000
1094844,2017-12-23T08:05:32Z,114023,1982-05-24,2,2013-09-19,2,0,0,5,1988-06-01,1988-06-01,13,16,2014-06-01,15,1,12,1,,6,7000,2009
1095041,2017-12-23T09:02:00Z,77453,1991-07-19,2,2013-09-06,4,0,0,5,2016-05-01,2016-05-01,21,25,2017-07-01,6,1,6,1,,6,8000,3000
1096876,2017-12-23T19:49:15Z,114460,1993-03-28,2,2009-08-14,4,0,0,3,1997-12-01,1997-12-01,8,10,2017-08-01,4,6,11,5,4,2,15000,7000
1095528,2017-12-23T11:45:50Z,114122,1988-07-24,1,2004-10-13,4,0,0,1,2002-01-01,2002-01-01,18,22,2007-01-01,10,3,7,6,4,1,8000,3000
1095678,2017-12-23T12:24:30Z,114175,1986-01-19,2,2003-01-22,3,1,4,5,1992-01-01,1992-01-01,18,22,2010-01-01,7,1,7,6,6,1,8500,4000
1094787,2017-12-23T07:44:32Z,44170,1994-02-12,1,2010-06-03,1,1,2,5,1996-03-01,1996-03-01,8,10,2017-11-01,6,1,11,4,4,2,12500,3000
1095753,2017-12-23T12:45:17Z,114043,1994-04-08,2,2011-03-11,3,0,0,1,2007-05-01,1994-04-01,21,25,2014-01-01,4,1,12,3,,5,6500,2500
1094504,2017-12-23T01:30:59Z,113955,1995-10-17,2,2012-02-09,4,0,0,1,2013-09-01,1995-10-01,11,14,2015-08-01,3,1,11,4,6,2,6500,2500
1094812,2017-12-23T07:57:43Z,114018,1982-11-06,2,1999-07-01,4,0,0,1,1997-10-01,1997-10-01,7,9,2017-07-01,15,3,12,6,4,1,6000,5000
1096739,2017-12-23T18:36:46Z,114426,1993-09-02,1,,3,1,1,5,2004-05-01,2004-05-01,4,6,2013-04-01,7,6,12,5,,6,12000,10000
1095483,2017-12-23T11:37:21Z,114142,1998-01-29,2,2014-02-08,4,0,0,1,1998-01-01,1998-01-01,23,27,,0,4,,,11,2,3500,1500
1097018,2017-12-23T21:01:14Z,114491,1992-11-06,1,2009-01-29,1,0,0,5,2014-03-01,1999-04-01,13,16,,3,5,,,6,1,12400,8500
1096520,2017-12-23T17:00:44Z,114384,1995-05-10,2,2015-04-01,3,0,0,5,2007-07-01,2007-07-01,3,4,2016-02-01,2,1,3,1,2,1,15000,10000
1096978,2017-12-23T20:39:09Z,109822,1968-04-26,1,2003-09-19,3,1,27,5,2004-05-01,2004-05-01,21,25,2015-03-01,21,1,7,1,8,1,12000,7000
1096249,2017-12-23T15:10:30Z,105202,1997-02-18,2,2013-03-28,4,0,0,5,1997-02-01,1997-02-01,6,8,,2,4,,,5,2,6850,4200
1095171,2017-12-23T09:47:06Z,34677,1984-05-14,2,2000-12-13,3,1,7,1,1984-05-10,1984-05-10,10,12,2006-04-01,17,3,12,6,6,1,12000,12000
1096468,2017-12-23T16:34:21Z,114371,1998-09-11,2,2014-09-24,4,0,0,1,2001-07-01,2001-07-01,8,10,,3,4,,,4,2,7000,4500
1094915,2017-12-23T08:28:37Z,114041,1961-10-03,1,2000-12-14,2,3,34,1,2014-06-01,2014-06-01,18,22,2016-05-01,21,1,10,5,,5,4600,1000
1094556,2017-12-23T03:06:58Z,112500,1984-01-19,2,2000-04-17,2,1,7,1,2001-10-01,2001-10-01,3,4,2017-06-01,15,1,6,2,,6,8000,5000
1089300,2017-12-22T17:23:20Z,113772,1989-04-29,2,2005-06-03,3,1,2,1,2016-04-01,2016-04-01,20,24,2011-04-01,10,1,1,2,4,1,10000,5000
1096289,2017-12-23T15:29:43Z,114323,1987-03-10,2,2010-04-06,3,1,1,5,2015-06-01,2015-06-01,16,20,2011-05-01,11,1,6,2,,6,7000,4000
1095983,2017-12-23T13:53:16Z,114264,1994-08-26,2,2015-07-04,3,1,1,1,2015-06-01,2011-09-01,8,10,2016-05-01,6,1,6,4,11,2,8000,5000
1087862,2017-12-22T11:24:33Z,107624,1991-04-02,2,2007-10-31,2,1,4,4,1991-04-01,1991-04-01,4,6,2017-05-01,7,3,3,6,,6,8000,5000
1087401,2017-12-22T09:03:29Z,113433,1997-01-14,1,2013-05-18,4,0,0,1,2016-04-01,2003-09-01,1,2,2016-08-01,1,1,12,6,11,1,6000,5000
1087186,2017-12-22T08:05:53Z,113395,1975-05-25,1,2000-02-12,1,2,14,5,2000-02-01,2000-02-01,9,11,2006-02-01,15,1,12,6,6,1,25000,10000
1089218,2017-12-22T16:59:15Z,113731,1989-06-29,1,2012-12-08,3,1,5,1,1991-12-01,1991-12-01,11,14,2015-03-01,4,1,6,3,10,1,6000,2000
1089206,2017-12-22T16:54:04Z,113638,1983-10-13,1,2015-02-20,2,2,7,5,2016-11-01,2006-08-01,7,4,2015-04-01,12,1,12,6,,6,7000,4500
1086891,2017-12-22T04:52:22Z,18196,1995-04-04,1,2011-06-08,4,0,0,1,2016-03-10,2015-11-10,15,24,2015-05-01,2,3,7,1,6,1,20000,3000
1087216,2017-12-22T08:11:23Z,113379,1991-08-19,2,2008-12-08,3,1,3,1,2011-01-01,1994-07-01,22,26,2017-04-01,8,1,12,3,,6,8000,4000
1088463,2017-12-22T13:52:10Z,113627,1999-08-23,2,2015-09-04,4,0,0,4,2005-03-01,2005-03-01,13,16,2016-04-01,1,1,7,4,4,2,15000,5000
1089697,2017-12-22T19:19:43Z,113836,1995-01-01,1,2016-01-14,3,0,0,1,1998-09-01,1998-09-01,18,22,2013-12-01,5,1,12,3,,6,7000,4000
1087120,2017-12-22T07:49:17Z,113396,1986-09-06,2,2010-12-24,3,0,0,5,1998-04-01,1998-04-01,8,10,2014-09-01,3,1,1,5,,5,7439,4500
1089285,2017-12-22T17:21:29Z,113766,1997-05-16,1,2013-06-01,1,0,0,1,2011-12-01,2011-12-01,16,20,2015-07-01,5,1,10,4,,6,4000,1500
1089160,2017-12-22T16:32:19Z,83638,1981-11-28,2,,3,0,0,5,2009-03-01,2009-03-01,11,14,2008-01-01,15,1,3,6,4,1,12000,2500
1088222,2017-12-22T12:58:44Z,113592,1993-05-30,2,2009-09-03,4,0,0,1,2016-06-01,1993-05-01,21,25,2016-09-01,4,1,6,2,,6,6000,3000
1082123,2017-12-21T22:11:14Z,113278,1990-07-27,2,2006-09-04,4,0,0,1,1991-05-01,1991-05-01,18,22,2016-10-01,7,1,6,4,,6,7500,1500
1080952,2017-12-21T15:02:58Z,60885,1992-10-17,2,2008-11-19,4,0,,4,2016-12-10,2014-05-10,11,20,2017-02-10,4,1,1,5,,6,8100,2500
1082172,2017-12-21T23:00:20Z,113300,1981-12-03,1,1998-03-10,4,0,0,5,1997-07-01,1997-07-01,8,10,2017-04-01,6,1,12,3,,6,6500,4500
1088939,2017-12-22T15:33:29Z,113699,1991-11-09,2,2017-11-21,4,0,0,1,2008-10-01,2008-10-01,23,27,2016-01-01,2,1,13,6,4,2,4000,2000
1088218,2017-12-22T12:57:23Z,113594,1998-08-04,2,2014-02-07,3,0,0,1,2014-03-01,2014-03-01,15,18,2016-02-01,2,6,1,4,,6,8000,4000
1086756,2017-12-22T00:47:42Z,113324,1983-10-18,2,,3,1,7,5,2003-05-01,2003-05-01,8,10,,12,5,,,,6,10000,10000
1087323,2017-12-22T08:39:39Z,113408,1979-03-19,1,2001-10-06,3,1,12,1,2007-02-01,2007-02-01,13,16,2011-12-01,13,1,12,4,3,1,3800,2000
1089894,2017-12-22T20:59:31Z,113867,1975-04-12,2,2010-11-09,3,1,2,1,1981-06-01,1981-06-01,18,22,2008-11-01,15,3,12,3,11,1,8000,4000
1088566,2017-12-22T14:13:36Z,113619,1982-11-27,2,2001-01-30,2,1,14,1,1982-12-01,1982-12-01,19,23,,17,5,,,11,1,1500,500
1082153,2017-12-21T22:51:13Z,113093,1992-03-08,1,2008-03-28,1,1,3,5,2013-07-01,2013-07-01,3,4,2016-01-01,9,3,12,6,4,2,9000,5000
1089665,2017-12-22T19:10:34Z,113825,1979-05-12,2,1996-04-12,2,1,14,5,1979-05-01,1979-05-01,11,14,2015-05-01,2,6,11,2,11,2,6500,1750
1088014,2017-12-22T12:09:37Z,95037,1984-06-14,1,2009-08-19,2,1,7,1,2006-03-01,2006-03-01,13,16,2014-06-01,4,1,11,6,9,1,18000,7000
1089065,2017-12-22T16:09:44Z,113726,1988-03-21,2,2006-06-05,3,2,3,1,1988-03-01,1988-03-01,5,7,,10,5,,,,6,12000,6500
1089716,2017-12-22T19:28:40Z,113842,1994-09-09,2,2016-07-30,5,0,0,5,2002-05-01,2002-05-01,18,22,2016-11-01,5,1,1,1,10,2,7100,4500
1087418,2017-12-22T09:07:47Z,113441,1990-04-19,2,2006-04-26,2,1,3,5,2016-07-01,2016-07-01,6,8,2014-05-01,5,1,3,3,10,1,6000,4000
1088851,2017-12-22T15:10:39Z,113687,1994-06-22,2,2010-07-26,4,0,0,5,2005-01-01,2005-01-01,22,26,2017-05-01,1,1,11,3,,6,6500,5700
1088178,2017-12-22T12:51:48Z,113588,1989-03-23,1,2005-09-05,4,0,0,1,2002-09-01,2002-09-01,2,3,2017-08-01,5,1,3,4,4,1,7000,2900
1089405,2017-12-22T17:44:01Z,113791,1996-11-06,1,,2,0,0,5,2014-05-01,1996-11-01,23,27,2017-06-01,4,1,12,1,9,1,5000,2000
1089380,2017-12-22T17:39:36Z,113781,1986-12-17,1,2006-03-09,3,0,0,5,2006-04-01,2006-04-01,22,26,,3,2,,,,5,1800,800
1088984,2017-12-22T15:45:48Z,113708,1989-01-26,2,2013-09-23,3,2,4,5,1989-01-01,1989-01-01,9,11,2009-02-01,9,1,2,2,,5,6000,1000
1082131,2017-12-21T22:16:46Z,113288,1995-03-06,2,2011-12-07,4,0,0,5,2017-01-01,2011-03-01,3,4,2017-09-01,4,1,11,2,,6,10000,4000
1087321,2017-12-22T08:39:13Z,113410,1989-05-02,1,2005-07-14,4,0,0,5,1994-04-01,1994-04-01,19,23,2014-04-01,8,1,7,6,,6,7000,3000
1082097,2017-12-21T21:52:05Z,113269,1997-04-24,2,2013-06-05,4,0,0,4,2015-09-01,2015-09-01,9,11,2015-11-01,2,6,7,2,4,2,6000,4000
1089268,2017-12-22T17:14:22Z,113756,1989-11-11,1,2006-02-02,1,2,4,5,2016-10-01,2016-10-01,3,4,2016-01-01,5,1,12,3,,5,5000,1000
1088833,2017-12-22T15:06:18Z,113679,1987-06-05,1,2004-07-04,1,2,6,1,2013-09-01,2008-07-01,20,24,2011-09-01,14,3,12,6,,6,7000,1000
1087053,2017-12-22T07:04:47Z,112063,1989-11-30,1,2008-02-05,2,2,9,5,2011-09-01,2011-09-01,23,27,2015-12-01,2,1,12,6,,6,8000,1500
1087519,2017-12-22T09:39:22Z,87121,1981-04-18,2,1999-01-15,4,0,,4,2017-04-01,1999-01-01,20,24,2017-06-01,15,1,2,4,4,1,6000,2000
1089591,2017-12-22T18:42:31Z,99730,1987-03-13,1,2008-07-15,3,2,7,5,2013-12-01,2013-12-01,6,8,2017-06-01,11,1,12,2,4,1,8000,5500
1087065,2017-12-22T07:13:27Z,113382,1992-10-21,2,2008-12-15,4,0,0,5,2003-11-01,2003-11-01,3,4,2017-06-01,3,1,13,3,6,1,9000,5000
1089070,2017-12-22T16:10:21Z,107412,1991-03-16,1,2015-01-28,3,1,3,5,2016-06-01,2015-01-01,20,24,2017-12-01,0,1,8,3,,6,10000,7000
1089293,2017-12-22T17:22:40Z,113771,1997-02-02,1,2013-03-01,4,0,0,1,2015-06-01,2002-04-01,12,23,,6,4,,,11,1,4000,3000
1089832,2017-12-22T20:33:20Z,113883,1995-05-21,1,2011-07-24,4,0,0,1,1995-01-01,1995-01-01,7,9,2017-09-01,5,1,12,6,10,1,5000,3000
1089044,2017-12-22T16:02:43Z,113712,1966-08-28,2,2001-01-19,1,1,25,5,2007-12-01,2007-12-01,3,4,2016-04-01,25,1,6,5,2,1,8500,2500
1089496,2017-12-22T18:09:51Z,113765,1986-12-12,2,2002-12-12,4,0,0,5,2000-06-01,2000-06-01,8,10,,15,5,,,5,1,7000,3000
1086854,2017-12-22T03:54:51Z,113344,1980-04-09,2,2003-05-08,4,0,0,5,1996-01-01,1996-01-01,15,18,2014-03-01,3,1,11,6,,6,8000,3000
1087417,2017-12-22T09:07:46Z,113437,1994-07-17,1,2014-04-01,2,1,3,1,2012-05-01,2012-05-01,23,27,2015-05-01,5,1,11,3,6,2,8500,5000
1087669,2017-12-22T10:46:03Z,113495,1958-08-26,2,1998-08-05,3,2,37,5,1989-01-01,1989-01-01,16,20,2001-07-01,35,1,3,3,2,1,15600,5000
1088017,2017-12-22T12:10:39Z,112424,1993-04-24,2,2009-06-06,2,0,0,5,2013-02-01,2013-02-01,20,24,2017-07-01,4,1,12,1,9,2,9000,5000
1087942,2017-12-22T11:52:14Z,113539,1994-04-05,2,2010-06-23,4,0,0,6,1994-05-01,1994-05-01,7,9,2017-08-01,10,3,9,5,11,1,6500,4200
1088396,2017-12-22T13:39:57Z,79739,1979-07-10,1,2015-10-15,3,1,17,1,2015-11-01,2003-12-01,6,8,2016-05-01,2,1,11,6,,6,3000,2700
1087939,2017-12-22T11:51:00Z,113508,1988-01-23,2,2004-07-08,4,0,0,3,2010-03-01,2010-03-01,16,20,2011-09-01,6,1,11,2,10,1,10000,7000
1088338,2017-12-22T13:29:14Z,113563,1997-11-03,2,2014-04-29,1,0,0,5,1997-11-01,1997-11-01,9,11,2014-05-01,4,1,11,5,10,2,9500,3500
1088074,2017-12-22T12:25:57Z,113550,1984-09-23,2,2001-01-12,4,0,0,1,1984-09-01,1984-09-01,10,12,2011-07-01,10,1,2,1,6,1,9100,3000
1086868,2017-12-22T03:59:41Z,113349,1978-05-04,2,1996-03-19,4,0,0,1,1978-05-01,1978-05-01,11,14,,19,5,,,,6,4000,3500
1087038,2017-12-22T06:53:51Z,112685,1994-05-10,2,2010-05-17,2,1,2,5,1999-03-01,1999-03-01,9,11,,5,5,,,,6,4800,1800
1087132,2017-12-22T07:53:22Z,44858,1986-09-27,1,2009-10-26,3,2,7,5,2008-08-10,2008-08-10,11,14,2016-02-10,15,3,12,6,4,1,2000,900
1089582,2017-12-22T18:38:46Z,113823,1992-09-08,2,2009-02-05,4,0,0,1,1992-09-01,1992-09-01,11,14,2015-07-01,2,1,12,4,11,2,8000,2000
1087238,2017-12-22T08:20:41Z,105672,1980-07-11,2,2008-12-02,4,0,0,5,2015-11-01,2015-11-01,8,10,2017-02-01,15,3,11,5,,6,15000,2000
1087167,2017-12-22T08:03:34Z,43579,1984-07-09,2,2001-07-02,4,0,,5,1995-01-10,1995-01-10,8,10,2012-01-10,12,1,12,6,11,2,8000,5000
1089483,2017-12-22T18:05:04Z,113787,1974-06-17,2,2016-04-21,4,0,0,5,2016-04-01,2016-04-01,23,27,1996-05-01,21,1,2,5,1,1,12000,6000
1087957,2017-12-22T11:55:51Z,105635,1996-08-08,2,2012-11-29,4,0,0,1,1996-08-01,1996-08-01,14,17,2016-10-01,2,1,3,1,,6,7000,3000
1088546,2017-12-22T14:09:19Z,113560,1982-01-29,2,2012-09-09,1,0,0,1,2012-05-01,2012-05-01,6,8,2015-11-01,12,1,11,1,6,1,7200,3500
1089328,2017-12-22T17:29:00Z,113777,1993-04-25,2,2009-12-24,3,0,0,1,2015-03-01,2015-03-01,16,20,2015-09-01,4,1,1,1,,6,7300,4000
1087548,2017-12-22T09:54:53Z,113432,1980-11-22,2,1997-03-03,2,0,0,5,1982-02-01,1982-02-01,2,3,2013-02-01,15,1,8,1,9,7,3800,1500
1089761,2017-12-22T19:48:09Z,113856,1989-05-13,2,2006-11-06,2,0,0,5,1989-06-01,1989-06-01,11,14,2017-04-01,11,1,3,6,,6,8000,4000
1089683,2017-12-22T19:14:37Z,91303,1993-09-29,2,2013-06-13,3,0,,4,2013-05-01,2013-05-01,8,10,2012-06-01,5,1,13,6,4,2,10000,9000
1087950,2017-12-22T11:54:07Z,113548,1995-09-18,2,2011-10-24,3,2,3,1,1996-10-01,1996-10-01,16,20,2014-05-01,3,1,3,6,,6,7000,3000
1089608,2017-12-22T18:49:47Z,113826,1991-02-11,2,2008-01-15,3,1,4,1,2014-06-01,2014-06-01,8,10,2017-09-01,6,3,3,6,,6,8000,6000
1087551,2017-12-22T09:56:18Z,113435,1985-12-05,1,2006-07-03,4,1,11,3,1985-06-01,1985-06-01,16,20,2005-01-01,12,1,2,3,,5,5000,3500
1087262,2017-12-22T08:29:05Z,113411,1979-02-15,1,2002-08-09,3,2,15,1,2009-01-01,2009-01-01,2,3,2015-04-01,18,1,12,6,,6,6000,1500
1087682,2017-12-22T10:48:37Z,113498,1994-02-22,1,2015-07-06,3,1,2,5,1994-02-01,1994-02-01,22,26,2016-08-01,3,1,12,6,6,1,8000,4000
1089686,2017-12-22T19:15:12Z,113833,1985-04-25,1,,2,1,12,4,2012-04-01,1985-04-01,6,8,2016-02-01,5,1,11,3,,6,25000,1500
1089507,2017-12-22T18:13:43Z,113341,1995-11-13,2,2011-12-09,4,0,0,1,1995-11-01,1995-11-01,14,17,2017-07-01,1,1,2,5,,5,4000,3500
1088424,2017-12-22T13:44:07Z,113608,1997-10-30,2,2014-02-21,4,0,0,1,2002-04-01,2002-04-01,22,26,2017-09-01,0,3,4,6,10,1,7000,5000
1081046,2017-12-21T15:34:11Z,113026,1988-08-28,2,2005-02-19,4,0,0,4,1988-08-01,1988-08-01,3,4,2013-03-01,11,1,6,5,,6,9500,6500
1087406,2017-12-22T09:05:48Z,113436,1973-06-23,2,,1,3,21,3,2000-06-01,2000-06-01,7,9,1996-01-01,20,3,3,6,,6,12000,6000
1081378,2017-12-21T17:11:43Z,88077,1989-03-19,1,,4,0,0,1,2000-07-01,2000-07-01,3,4,2012-01-01,7,6,11,3,,6,4000,1000
1088740,2017-12-22T14:46:30Z,113671,1995-04-17,1,2016-10-05,3,0,0,1,1999-01-01,1999-01-01,17,21,2017-08-01,6,3,7,6,6,1,16500,7000
1087473,2017-12-22T09:25:52Z,82642,1996-11-03,1,2014-11-24,3,1,2,5,2015-01-01,2015-01-01,23,27,2017-08-01,3,1,6,4,,6,6000,4000
1088398,2017-12-22T13:40:17Z,113623,1996-06-28,2,2012-07-19,4,0,0,1,2010-01-01,2010-01-01,13,16,2015-04-01,3,1,1,5,,5,7000,4000
1088766,2017-12-22T14:51:25Z,113668,1989-07-04,1,2015-02-21,3,3,8,1,2014-05-01,1989-07-01,6,22,2015-05-01,7,3,12,6,,5,6500,2200
1087918,2017-12-22T11:41:31Z,113518,1981-07-14,2,2013-11-05,3,3,8,5,2008-09-01,2008-09-01,11,14,2015-12-01,10,1,6,4,,6,7000,2000
1080565,2017-12-21T13:17:07Z,112937,1983-07-15,1,1999-11-23,4,0,0,1,1988-05-01,1988-05-01,22,26,2017-08-01,9,1,10,5,4,1,3000,500
1081703,2017-12-21T18:53:47Z,113141,1986-04-18,1,2014-11-05,3,3,9,5,2009-05-01,2009-05-01,14,17,2012-03-01,12,6,11,3,,5,15000,9000
1080937,2017-12-21T15:00:54Z,111821,1989-07-08,1,2005-08-16,4,0,0,1,2005-09-01,2005-09-01,6,8,2014-05-01,6,1,2,3,4,1,5000,2000
1080879,2017-12-21T14:48:16Z,82091,1976-07-09,2,2008-01-25,4,0,0,1,1995-04-01,1995-04-01,11,14,2015-03-01,23,3,3,6,10,2,7000,2200
1082079,2017-12-21T21:45:06Z,113270,1988-07-06,2,2005-01-18,3,1,9,5,2009-04-01,2009-04-01,9,11,2012-09-01,9,1,12,2,7,2,10,5
1079506,2017-12-21T08:11:26Z,112352,1988-10-25,2,2004-11-11,3,1,2,5,1996-09-01,1996-09-01,13,16,2015-06-01,5,1,2,3,4,1,4600,1000
1080455,2017-12-21T12:48:28Z,112438,1996-10-30,1,2013-02-02,4,0,0,3,2005-07-01,2005-07-01,13,16,2015-03-01,3,3,7,4,3,2,15000,10000
1079548,2017-12-21T08:27:23Z,112745,1992-01-07,1,2014-10-23,3,2,5,2,2014-03-01,2012-09-01,17,24,2015-08-01,2,3,12,6,6,1,3500,2900
1080681,2017-12-21T13:59:12Z,112972,1991-06-09,2,2008-01-30,4,0,0,1,2008-01-01,2008-01-01,11,14,2017-05-01,5,1,12,3,,5,5000,1500
1081122,2017-12-21T15:56:24Z,101533,1994-04-18,2,2015-09-24,4,0,0,1,2011-09-01,2011-09-01,18,22,2016-07-01,1,1,10,3,6,1,6000,3000
1080463,2017-12-21T12:50:47Z,41854,1998-08-05,1,2014-09-15,4,0,,1,2004-02-10,2004-02-10,16,20,1970-01-01,0,4,,,10,2,2000,1500
1080239,2017-12-21T11:51:59Z,112856,1982-08-02,2,1998-08-14,3,1,2,1,1982-08-01,1982-08-01,22,26,2010-01-01,7,1,12,3,3,1,7000,5000
1080968,2017-12-21T15:08:11Z,113022,1987-04-12,1,2007-05-31,3,3,10,1,2002-02-01,2002-02-01,23,27,2005-07-01,11,1,5,5,,6,5500,500
1081610,2017-12-21T18:17:01Z,113146,1994-01-12,1,2015-10-16,3,1,2,1,2015-10-01,2015-10-01,14,17,2017-02-01,4,6,12,6,,6,9000,1000
1081399,2017-12-21T17:16:26Z,113096,1982-01-25,2,1998-04-28,3,1,7,3,1998-04-01,1998-04-01,21,25,2017-09-01,10,1,13,3,9,1,4500,1500
1079769,2017-12-21T09:45:55Z,112789,1995-12-27,2,2012-02-22,1,0,0,5,2017-03-01,2003-01-01,14,17,,2,5,,,,5,4500,1500
1082009,2017-12-21T21:27:08Z,104900,1989-09-30,1,2016-07-21,3,1,7,4,2000-05-01,2000-05-01,12,15,2007-02-01,10,1,8,3,7,1,6000,5000
1079681,2017-12-21T09:21:33Z,112779,1999-01-05,2,2015-02-23,4,0,0,5,1999-01-01,1999-01-01,13,16,,1,4,,,,5,5000,2000
1079483,2017-12-21T07:59:06Z,112730,1998-10-06,2,2015-01-17,4,0,0,5,2017-05-01,1998-10-01,19,23,2016-06-01,1,1,13,6,11,2,6500,3700
1079151,2017-12-21T01:11:06Z,112222,1986-04-25,2,2008-12-08,4,0,0,5,1986-04-01,1986-04-01,5,7,2015-11-01,15,1,12,2,,6,10000,5000
1080424,2017-12-21T12:38:02Z,110487,1994-06-18,2,2010-08-19,3,0,0,4,2010-08-01,2010-08-01,20,24,2010-05-01,8,1,11,5,3,1,7000,500
1080844,2017-12-21T14:38:45Z,112898,1989-08-11,2,2006-03-02,4,1,2,1,1989-08-01,1989-08-01,23,27,2017-09-01,10,1,13,6,,6,8000,4000
1080881,2017-12-21T14:48:46Z,113010,1973-03-23,2,1997-09-12,3,2,8,4,2013-04-01,2012-04-01,16,5,2001-11-01,25,1,7,6,4,1,30000,15000
1082047,2017-12-21T21:38:15Z,113271,1989-03-12,1,2009-07-30,2,1,3,1,1989-03-01,1989-03-01,11,14,2015-06-01,10,3,12,6,,6,7000,3000
1081629,2017-12-21T18:23:18Z,113152,1991-05-30,1,2014-02-04,2,1,3,1,2013-07-01,2013-07-01,9,11,2017-03-01,6,1,12,4,4,1,8000,4000
1081571,2017-12-21T18:05:34Z,113125,1993-12-02,2,2010-03-16,4,0,0,1,1993-12-01,1993-12-01,4,6,2017-12-01,0,6,12,2,,6,4200,1600
1074517,2017-12-20T22:12:56Z,112627,1989-08-19,2,2010-12-01,3,1,1,5,2013-05-01,2002-04-01,21,25,2017-10-01,9,1,12,1,,6,8500,3500
1079582,2017-12-21T08:38:54Z,112729,1996-06-09,2,2012-08-29,4,0,0,1,2000-03-01,2000-03-01,9,11,2016-12-01,2,6,12,3,9,1,7000,2000
1080915,2017-12-21T14:56:23Z,113018,1991-07-02,1,2013-11-04,3,2,4,2,1991-07-01,1991-07-01,2,3,2010-02-01,6,6,6,2,4,1,4000,1500
1081988,2017-12-21T21:17:30Z,113259,1998-05-14,2,2016-09-28,4,0,0,1,2017-07-01,2017-07-01,18,22,2017-02-01,8,1,2,5,1,2,11500,11500
1080300,2017-12-21T12:00:26Z,112844,1996-10-07,1,2013-10-29,2,1,3,1,1996-10-01,1996-10-01,3,4,2017-03-01,1,1,12,3,,6,6000,2000
1081425,2017-12-21T17:21:06Z,112816,1983-08-04,2,2008-02-01,2,1,13,1,1983-08-01,1983-08-01,3,4,2012-12-01,10,1,13,3,,6,8000,2200
1080371,2017-12-21T12:20:11Z,112892,1989-04-10,2,2005-09-16,3,1,4,1,2016-04-01,2016-04-01,15,18,2016-03-01,6,1,11,6,10,1,7000,4000
1074505,2017-12-20T22:07:37Z,112628,1992-11-29,2,2009-01-10,4,0,0,2,1992-11-01,1992-11-01,22,26,,2,5,,,,5,4300,2500
1080082,2017-12-21T11:29:53Z,112851,1990-10-14,1,2015-11-12,2,1,2,5,2006-11-01,2006-11-01,18,22,2014-10-01,7,3,12,3,,6,3000,118
1079936,2017-12-21T11:10:02Z,112842,1995-03-16,2,2011-05-26,3,1,1,4,2000-01-01,2000-01-01,7,9,2013-08-01,4,1,6,4,,6,7000,7000
1080575,2017-12-21T13:18:41Z,75564,1993-07-02,1,2011-12-28,3,3,1,1,2011-07-01,2011-07-01,12,15,,5,5,,,,6,6500,3500
1081457,2017-12-21T17:27:42Z,113103,1977-07-09,2,1996-01-17,4,0,0,5,2016-06-01,1991-07-01,8,5,2017-03-01,10,1,3,2,,6,10000,4000
1079159,2017-12-21T01:13:48Z,112672,1987-03-06,1,2013-05-08,1,2,7,3,2015-03-01,1997-07-01,8,14,2010-08-01,14,3,12,6,4,1,5000,3000
1081687,2017-12-21T18:48:37Z,113173,1996-03-08,1,2012-09-13,1,0,0,1,2015-09-01,2006-04-01,6,8,2016-09-01,4,1,10,4,6,1,4000,2000
1079153,2017-12-21T01:12:30Z,112670,1998-06-02,2,2016-01-12,4,0,0,1,2004-07-01,2004-07-01,3,4,2017-08-01,1,3,3,6,,5,6000,3500
1079873,2017-12-21T10:29:28Z,112815,1989-06-25,2,2005-07-19,4,0,0,5,1994-03-01,1994-03-01,3,4,2017-03-01,10,1,6,2,11,1,7000,2500
1081058,2017-12-21T15:38:53Z,113036,1996-11-10,2,,4,0,0,1,2015-11-01,2015-11-01,9,11,2016-01-01,3,1,6,6,2,1,18000,15000
1079752,2017-12-21T09:41:00Z,112794,1988-05-17,1,2005-05-26,4,1,10,5,2008-06-01,2008-06-01,6,8,2016-06-01,12,1,12,6,,6,4500,2500
1081543,2017-12-21T17:52:18Z,113120,1990-12-29,2,2007-02-01,4,0,0,5,1990-12-01,1990-12-01,3,4,2017-06-01,10,1,6,5,,5,9000,3000
1080318,2017-12-21T12:05:36Z,112878,1994-12-19,1,2011-01-21,4,0,0,1,2015-04-01,2015-04-01,11,14,2016-09-01,5,6,11,3,6,1,8000,2000
1080419,2017-12-21T12:36:08Z,112888,1982-01-03,2,1998-05-18,4,0,0,5,2011-11-01,2011-11-01,1,2,2005-09-01,15,1,3,6,,6,9000,3000
1079890,2017-12-21T10:41:57Z,112818,1999-04-11,2,2015-05-20,4,0,0,6,2003-09-01,2003-09-01,21,25,,2,4,,,4,2,6000,2500
1074554,2017-12-20T22:50:21Z,112643,1990-04-21,2,2006-07-28,1,1,1,1,2008-06-01,2008-06-01,16,20,2014-04-01,5,1,3,3,11,2,10000,1300
1079470,2017-12-21T07:54:35Z,111620,1979-12-29,1,2009-02-24,1,2,15,5,2001-04-01,2001-04-01,2,3,2017-09-01,19,3,11,3,9,7,8000,2500
1079513,2017-12-21T08:13:17Z,112735,1987-09-19,1,2007-09-28,1,1,11,1,1990-09-01,1990-09-01,11,14,2012-10-01,8,1,13,5,6,1,8000,6000
1074560,2017-12-20T22:57:15Z,100279,1989-12-30,2,2015-01-17,4,0,0,6,2010-06-01,2010-06-01,21,25,2012-10-01,18,3,7,2,,6,500,200
1079694,2017-12-21T09:24:57Z,1951,1985-09-11,1,2006-03-16,3,2,11,5,2010-11-01,1990-05-01,1,2,2004-09-01,12,1,8,5,,6,3000,10
1081749,2017-12-21T19:13:48Z,111860,1995-09-06,2,2011-09-06,4,0,0,1,2014-09-01,2014-09-01,14,17,,1,4,,,,3,4000,3000
1074571,2017-12-20T23:05:47Z,112639,1993-03-01,2,2010-11-24,4,0,0,1,1999-05-01,1999-05-01,13,16,2016-04-01,2,1,3,6,,6,12000,2000
1080591,2017-12-21T13:20:44Z,112934,1992-08-21,2,2009-02-19,1,0,0,4,2017-05-01,2005-06-01,14,17,,3,5,,,,5,4000,2000
1081874,2017-12-21T20:10:51Z,113223,1994-02-16,1,2011-11-05,3,1,6,1,2009-05-01,2000-02-01,9,11,2012-04-01,5,3,12,6,4,1,8000,3000
1081798,2017-12-21T19:40:30Z,113206,1998-04-09,2,2014-09-04,4,0,0,2,2012-05-01,2012-05-01,2,3,,2,5,,,,5,4000,2500
1081700,2017-12-21T18:52:35Z,113153,1972-12-11,1,1997-11-18,3,3,22,5,2015-02-01,2015-02-01,11,14,2015-09-01,20,1,5,2,4,1,4000,1200
1079822,2017-12-21T10:09:05Z,112788,1992-11-21,1,2015-07-11,3,1,1,1,1993-02-01,1993-02-01,11,14,2015-09-01,3,1,10,3,6,1,2000,1500
1081232,2017-12-21T16:28:08Z,113059,1990-10-09,1,2016-10-19,1,4,10,1,2008-10-01,2008-10-01,12,15,2014-03-01,3,3,3,6,,3,4000,4000
1081330,2017-12-21T16:58:28Z,113080,1981-12-25,2,1998-09-17,4,0,0,5,1998-09-01,1998-09-01,12,15,2016-05-01,14,1,3,1,,6,7000,5000
1079916,2017-12-21T10:52:58Z,112839,1983-05-16,2,2007-09-07,3,2,7,1,1983-05-01,1983-05-01,17,21,2017-01-01,11,1,6,4,4,1,12000,6000
1080983,2017-12-21T15:14:10Z,113025,1987-03-21,2,2003-06-20,1,0,0,5,2002-03-01,2002-03-01,11,14,2012-10-01,13,1,12,3,,6,6000,3500
1081508,2017-12-21T17:38:12Z,113115,1981-12-27,2,2013-11-19,4,0,0,5,2013-11-01,2013-11-01,21,25,2014-09-01,12,3,12,6,,6,9000,3500
1074544,2017-12-20T22:37:26Z,96106,1994-04-17,2,2010-05-16,4,0,,5,2005-03-01,2005-03-01,3,4,2016-01-01,2,1,13,5,,6,6500,4000
1081515,2017-12-21T17:41:04Z,113043,1968-05-15,1,1997-01-31,4,1,31,5,2009-02-01,2009-02-01,3,4,2014-01-01,25,1,3,2,,6,5400,1500
1082029,2017-12-21T21:33:13Z,113267,1990-02-28,2,2006-10-13,4,0,0,1,2007-07-01,2007-07-01,22,26,2013-09-01,8,1,12,3,4,2,5000,3000
1081136,2017-12-21T16:02:06Z,113048,1989-02-24,2,2006-03-16,4,0,0,1,2006-03-01,2006-03-01,3,4,2016-12-01,6,1,2,1,,5,7300,3500
1081216,2017-12-21T16:24:33Z,113049,1997-06-09,2,2013-08-02,4,0,0,3,1997-06-01,1997-06-01,18,22,2017-04-01,1,6,13,3,4,2,4500,1500
1080369,2017-12-21T12:18:20Z,46784,1996-04-15,1,2017-04-27,3,0,0,1,2017-07-01,2012-05-01,18,22,2017-02-01,4,1,11,1,5,1,5000,2000
1079169,2017-12-21T01:18:51Z,112675,1986-07-09,2,2002-10-10,4,1,10,4,2015-02-01,1986-07-01,3,4,2015-02-01,12,1,7,6,3,1,20000,5000
1074239,2017-12-20T19:36:31Z,112047,1993-09-29,2,2009-10-23,4,0,0,1,1996-03-01,1996-03-01,14,17,2017-09-01,6,1,7,4,,6,5500,2000
1073682,2017-12-20T16:23:09Z,110899,1998-07-13,2,2014-06-10,4,0,0,5,2015-09-01,2015-09-01,13,16,2016-04-01,5,1,2,4,9,1,5000,2000
1073814,2017-12-20T17:09:00Z,112483,1994-01-23,1,2010-02-24,4,1,3,1,2016-05-01,2016-05-01,13,16,2016-08-01,4,1,8,3,,6,5000,3500
1073720,2017-12-20T16:31:06Z,112417,1994-03-29,1,2010-06-09,4,0,0,5,2015-08-01,1994-03-01,14,4,2015-08-01,2,1,10,2,6,1,4000,3000
1073642,2017-12-20T16:03:18Z,112446,1983-01-10,2,1999-05-12,4,0,0,1,1991-01-01,1991-01-01,14,17,,5,5,,,,6,5000,2500
1074286,2017-12-20T19:52:52Z,112584,1991-12-27,2,2008-09-15,4,0,0,1,2016-06-01,2016-06-01,1,2,2016-02-01,2,1,11,2,5,2,7000,3500
1072928,2017-12-20T12:24:26Z,112009,1993-12-23,1,2012-07-25,3,1,5,5,1993-12-01,1993-12-01,10,12,2016-08-01,1,1,8,1,7,1,5000,3000
1073114,2017-12-20T13:20:31Z,112351,1997-04-29,1,2017-06-15,4,0,0,5,2015-04-01,1997-04-01,18,22,2017-09-01,1,1,12,2,4,2,8000,5000
1072729,2017-12-20T11:28:14Z,94473,1994-04-29,2,2011-11-29,4,0,0,1,2014-11-01,2011-02-01,2,3,2013-06-01,4,1,3,2,4,2,8000,6000
1073262,2017-12-20T14:12:57Z,112389,1992-08-16,2,2008-10-11,4,0,0,3,2010-08-01,2010-08-01,10,12,2017-07-01,6,1,12,6,8,1,15000,3000
1073552,2017-12-20T15:38:56Z,112430,1990-07-30,1,2017-10-06,3,2,7,5,2011-11-01,2011-11-01,20,24,2013-10-01,5,6,2,2,4,1,7860,6500
1072833,2017-12-20T12:00:41Z,112313,1994-05-03,2,2010-06-30,4,0,0,5,2000-04-01,2000-04-01,9,11,2017-09-01,3,1,7,3,11,1,5200,2500
1073094,2017-12-20T13:15:09Z,86117,1996-09-01,2,2012-10-16,4,0,0,1,2017-01-01,1998-04-01,8,16,2016-05-01,5,1,3,5,,5,8000,3500
1074478,2017-12-20T21:48:41Z,49187,1998-05-01,2,2014-05-29,4,0,,1,2017-02-10,2017-02-10,18,22,1970-01-01,1,4,,,,5,3500,2500
1067482,2017-12-19T23:12:50Z,112097,1988-11-13,2,2005-06-08,4,0,0,4,1988-11-01,1988-11-01,18,22,2013-09-01,5,1,12,3,10,1,7500,3000
1073833,2017-12-20T17:16:03Z,112493,1995-08-04,1,2012-04-13,1,0,0,3,2013-11-01,2007-10-01,6,23,2015-06-01,4,1,12,6,4,2,6000,3500
1073252,2017-12-20T14:11:23Z,112390,1993-08-30,2,2009-12-25,4,0,0,1,2013-09-01,2013-09-01,11,14,2016-06-01,2,1,7,5,11,1,30000,15000
1073580,2017-12-20T15:49:33Z,99043,1991-01-26,2,2007-03-16,4,0,0,5,2005-03-01,2005-03-01,14,17,2017-03-01,4,6,11,3,,6,5500,1500
1071957,2017-12-20T00:17:35Z,112104,1978-11-04,2,,1,2,21,1,2010-07-01,2010-07-01,21,25,2016-09-01,11,1,3,5,4,1,12000,5000
1074403,2017-12-20T21:00:57Z,111983,1989-06-10,2,2010-03-31,4,0,0,1,2014-10-01,1998-06-01,18,13,2014-12-01,10,6,5,1,,6,8500,3000
1073287,2017-12-20T14:21:17Z,112388,1993-07-22,2,2009-09-04,4,0,0,1,2017-03-01,2000-06-01,8,4,2017-08-01,5,6,13,1,6,2,10000,6000
1072086,2017-12-20T06:05:59Z,112141,1987-12-03,2,2013-04-18,3,3,6,3,2014-10-01,2016-08-01,23,27,2017-07-01,6,1,11,2,,6,7000,500
1074125,2017-12-20T18:48:07Z,112549,1988-05-07,2,2007-10-30,2,1,7,1,2017-05-01,2016-04-01,13,16,2016-04-01,13,1,6,6,,5,8000,3500
1072662,2017-12-20T11:13:20Z,95460,1991-07-30,1,2015-11-15,4,0,,1,1992-11-01,1992-11-01,20,24,2017-06-01,7,1,12,6,,6,4500,3000
1073832,2017-12-20T17:15:59Z,112005,1984-10-08,1,2005-09-02,2,1,10,1,1984-10-01,1984-10-01,21,25,2015-04-01,10,1,2,4,4,1,8000,7000
1072157,2017-12-20T07:04:43Z,112147,1978-09-04,1,2001-07-27,3,1,18,5,2001-04-01,2001-04-01,19,23,2010-05-01,8,1,12,6,,3,3600,1300
1059777,2017-12-18T18:10:42Z,111451,1996-07-10,2,2012-10-12,4,0,0,1,1996-07-01,1996-07-01,21,25,2016-02-01,3,3,4,6,4,1,8300,1500
1073483,2017-12-20T15:12:34Z,112435,1997-08-30,2,2013-08-30,4,0,0,1,2017-07-01,2017-07-01,21,25,2017-10-01,1,1,6,2,10,2,5500,2500
1072936,2017-12-20T12:26:37Z,112321,1993-09-18,2,2009-09-30,4,0,0,2,2016-03-01,2014-02-01,18,17,2017-06-01,1,1,11,1,11,1,10000,8000
1067447,2017-12-19T22:34:20Z,112085,1994-07-06,2,2011-02-03,4,0,0,1,1994-07-01,1994-07-01,16,20,2016-09-01,4,1,3,4,,5,5000,2000
1074276,2017-12-20T19:51:09Z,99992,1988-04-11,2,2004-05-27,2,0,0,5,1988-04-01,1988-04-01,13,16,,0,5,,,,6,5000,2000
1074089,2017-12-20T18:32:07Z,112542,1988-07-03,2,2004-11-04,4,0,0,4,2005-06-01,2005-06-01,17,21,2007-03-01,10,1,13,6,4,7,10000,5000
1074030,2017-12-20T18:13:40Z,98943,1989-02-10,2,2015-07-15,3,1,7,5,2008-03-01,2008-03-01,14,17,2012-04-01,10,1,13,4,,6,9900,9900
1074053,2017-12-20T18:20:14Z,111913,1988-06-09,2,2004-07-15,2,1,3,1,2004-05-01,2004-05-01,18,22,2017-04-01,7,1,11,5,4,1,10000,5000
1072823,2017-12-20T11:58:02Z,112302,1983-12-12,2,2015-03-08,2,1,5,1,1994-05-01,1994-05-01,20,24,2014-06-01,8,1,7,3,4,1,13000,5000
1072237,2017-12-20T07:46:45Z,112164,1980-04-03,1,2013-10-07,2,2,16,5,2004-06-01,2004-06-01,3,4,1998-05-01,20,3,4,6,,6,20000,10000
1072706,2017-12-20T11:22:38Z,81681,1981-04-11,2,1998-10-09,3,2,12,5,2013-11-01,2013-11-01,11,14,2017-02-01,20,3,11,5,,6,15000,7000
1073983,2017-12-20T17:58:46Z,48609,1995-03-11,1,,3,0,0,1,1995-03-01,1995-03-01,23,27,2015-01-01,2,1,6,3,,6,4000,1500
1073326,2017-12-20T14:39:39Z,112400,1976-09-25,2,1996-04-09,2,0,0,3,1976-09-01,1976-09-01,6,8,2014-11-01,13,1,6,4,,6,4500,3300
1073673,2017-12-20T16:20:23Z,79715,1992-07-09,2,,4,0,0,5,2014-11-01,2014-11-01,18,22,2014-04-01,3,1,2,1,9,1,8000,4000
1073809,2017-12-20T17:08:18Z,112492,1990-09-11,2,2006-10-03,3,2,6,1,2012-09-01,2012-09-01,3,4,2012-01-01,10,1,6,5,,6,8000,5500
1072115,2017-12-20T06:23:44Z,112144,1987-12-06,2,2004-04-19,3,1,5,4,1988-05-01,1988-05-01,13,16,2007-01-01,10,3,13,6,4,1,25000,15000
1072834,2017-12-20T12:00:50Z,112309,1998-05-22,2,2014-05-22,4,0,0,5,2013-09-01,2013-09-01,3,4,2017-11-01,2,6,12,1,9,2,4800,4000
1072288,2017-12-20T08:13:07Z,112173,1989-03-26,2,2005-05-16,4,0,0,1,1989-03-01,1989-03-01,13,16,2016-08-01,8,1,12,3,,6,8000,3400
1072620,2017-12-20T11:01:02Z,110530,1993-04-08,1,2014-03-11,4,1,3,1,2015-10-01,1993-04-01,3,4,2016-10-01,2,1,2,1,9,1,5000,2000
1072339,2017-12-20T08:39:34Z,112187,1989-12-16,1,2012-01-27,3,2,5,2,2011-07-01,2011-07-01,3,4,2017-10-01,1,1,10,2,10,2,3000,1000
1072738,2017-12-20T11:32:11Z,112284,1985-04-16,2,2015-06-18,4,0,0,5,2016-01-01,2016-01-01,3,4,2017-01-01,5,1,6,3,,6,5000,4000
1072013,2017-12-20T02:30:06Z,112126,1971-08-30,2,1998-01-22,3,2,17,5,1979-07-01,1979-07-01,14,17,2010-09-01,20,1,6,3,3,1,5500,1000
1073328,2017-12-20T14:39:50Z,112402,1991-09-01,2,2015-11-25,1,1,13,1,1991-09-01,1991-09-01,15,18,,4,5,,,,6,8000,6000
1072817,2017-12-20T11:56:05Z,112263,1949-09-20,1,,5,1,45,5,1976-09-01,1976-09-01,9,11,,38,2,,,,6,4500,2000
1072419,2017-12-20T09:24:27Z,112205,1994-06-13,2,2010-10-05,3,1,1,3,2016-02-01,1994-06-01,18,22,2016-02-01,5,1,2,5,,6,10000,5000
1072652,2017-12-20T11:11:20Z,89275,1964-08-12,1,1999-06-08,4,1,25,5,2001-01-01,2001-01-01,16,20,2001-07-01,34,1,12,3,4,2,7500,3600
1072565,2017-12-20T10:34:45Z,112245,1991-06-12,1,2007-10-30,4,0,0,1,1991-06-01,1991-06-01,22,26,2008-06-01,10,3,12,6,6,7,8000,2000
1074259,2017-12-20T19:48:05Z,112586,1992-10-27,1,2015-10-16,3,0,0,5,2015-10-01,2015-10-01,3,4,2014-01-01,5,1,6,1,4,2,8000,2500
1067426,2017-12-19T22:15:19Z,112077,1990-05-05,2,2006-12-27,3,2,2,4,2010-12-01,1990-05-01,9,11,2017-02-01,9,1,6,5,,6,8500,7000
1072948,2017-12-20T12:28:40Z,112315,1974-01-21,2,1998-07-14,2,0,0,5,1998-11-01,1998-11-01,12,15,2017-05-01,23,3,3,6,,6,10000,4000
1073595,2017-12-20T15:52:55Z,98831,1985-01-01,2,2002-07-15,1,1,7,5,2016-09-01,1991-08-01,8,24,,10,5,,,4,1,15000,4500
1073117,2017-12-20T13:22:24Z,97058,1987-11-20,1,2010-10-05,5,1,6,5,2005-10-01,2005-10-01,8,10,2017-07-01,9,1,12,1,4,1,10000,7000
1072554,2017-12-20T10:30:25Z,108774,1999-07-03,2,2015-08-19,4,0,0,4,1999-08-01,1999-08-01,18,22,,2,4,,,,6,4500,600
1065257,2017-12-19T08:47:00Z,111623,1986-10-23,2,2002-11-29,4,0,0,1,1986-11-01,1986-11-01,4,6,,8,5,,,,6,3000,1500
1066765,2017-12-19T17:28:46Z,111948,1995-12-20,2,2012-03-01,4,0,0,5,1995-12-01,1995-12-01,2,3,2017-07-01,6,1,11,5,11,2,5500,2000
1060309,2017-12-18T23:21:50Z,111558,1997-04-13,2,2013-04-18,4,0,0,4,2003-07-01,2003-07-01,1,2,2015-08-01,5,1,13,1,3,7,6500,4003
1065204,2017-12-19T08:27:06Z,111647,1994-08-22,2,2011-12-01,4,0,0,3,2016-05-01,2016-05-01,21,25,2016-05-01,2,1,2,5,,6,7800,2000
1067216,2017-12-19T20:42:19Z,112045,1997-02-17,2,1997-03-09,4,0,0,1,2017-10-01,2017-10-01,8,10,2017-10-01,2,1,13,2,,6,7000,3000
1065371,2017-12-19T09:25:52Z,111666,1993-12-02,2,2014-06-20,4,0,0,1,2017-10-01,2017-10-01,8,10,2017-03-01,5,6,7,2,10,7,8000,6000
1059852,2017-12-18T18:32:13Z,86423,1993-01-10,2,2009-11-17,4,0,0,5,1993-01-01,1993-01-01,20,24,2016-12-01,5,1,5,1,,6,8500,1500
1065755,2017-12-19T11:44:59Z,111732,1998-07-17,1,2014-08-01,4,0,0,1,1998-07-01,1998-07-01,4,6,,0,4,,,10,2,3000,1000
1067168,2017-12-19T20:18:15Z,112006,1994-11-15,1,2011-10-18,4,0,0,5,1994-10-01,1994-10-01,9,11,2014-09-01,6,1,6,5,4,2,6000,4000
1066975,2017-12-19T19:04:50Z,111999,1989-01-23,2,2015-08-08,3,1,2,5,2015-03-01,1989-01-01,13,16,2015-06-01,5,1,6,5,6,1,7500,3500
1066843,2017-12-19T17:54:10Z,74685,1992-11-01,1,2014-11-11,3,1,1,1,2012-03-01,2012-03-01,18,22,2017-03-01,0,3,11,6,,5,2000,400
1066487,2017-12-19T15:56:32Z,97656,1998-05-31,1,2016-11-25,3,1,1,5,2016-03-01,2016-03-01,23,27,,0,4,,,,5,3900,3300
1067027,2017-12-19T19:30:48Z,112020,1997-10-04,1,2014-02-05,4,0,0,5,2016-04-01,2007-10-01,1,2,2016-01-01,1,1,12,3,8,1,6000,3000
1067048,2017-12-19T19:35:31Z,12570,1975-03-25,1,1997-07-04,3,3,23,3,2005-07-10,2005-07-10,5,7,2000-05-01,17,1,12,6,4,1,7500,1500
1060296,2017-12-18T23:14:48Z,111553,1983-08-27,2,2000-02-25,3,2,9,5,2005-08-01,2005-08-01,9,11,2011-05-01,15,3,11,6,11,1,50000,25000
1064843,2017-12-19T03:18:27Z,12705,1985-01-25,1,2001-09-14,4,0,,1,2006-09-10,2006-09-10,1,2,2013-01-10,12,1,8,1,,6,3500,1000
1066475,2017-12-19T15:54:42Z,111880,1987-07-25,2,2003-09-03,4,0,0,1,1987-07-01,1987-07-01,18,22,2014-06-01,12,1,3,6,10,1,8700,2800
1067393,2017-12-19T21:51:25Z,112072,1989-05-25,1,2016-06-16,3,1,1,1,2017-04-01,2017-04-01,19,23,2015-03-01,8,6,12,6,,6,8000,2000
1065456,2017-12-19T10:01:36Z,111679,1990-01-17,1,2006-05-03,4,2,7,1,1990-01-01,1990-01-01,6,8,2013-03-01,8,1,6,4,,6,4000,4000
1065215,2017-12-19T08:37:42Z,15659,1998-02-28,2,2014-08-12,4,0,0,1,2015-09-01,2015-09-01,4,6,,0,4,,,6,2,2500,700
1065146,2017-12-19T08:02:30Z,111632,1999-03-15,1,2015-04-16,4,0,0,5,2015-03-01,2015-03-01,9,11,2017-05-01,3,6,11,2,,5,6400,4200
1065675,2017-12-19T11:14:38Z,111716,1998-01-16,2,2015-01-12,4,0,0,5,2003-06-01,2003-06-01,11,14,,0,4,,,4,2,2500,1200
1065581,2017-12-19T10:43:08Z,86491,1994-07-12,1,2011-01-13,4,0,,3,2016-05-01,2016-05-01,5,7,2015-05-01,5,1,8,2,7,1,6000,3000
1066585,2017-12-19T16:28:21Z,111912,1978-01-27,1,2015-06-13,4,1,14,1,2002-09-01,1988-10-01,9,11,2013-04-01,17,1,7,4,,6,12000,6000
1066200,2017-12-19T14:16:06Z,110983,1980-01-19,1,1996-11-26,1,1,10,5,2002-06-01,2002-06-01,18,22,2014-01-01,15,3,11,6,9,1,8000,6000
1065906,2017-12-19T12:26:28Z,111761,1989-09-26,1,2014-07-17,3,1,7,5,2014-02-01,1993-09-01,21,11,2017-03-01,10,3,12,6,,6,10000,3000
1065795,2017-12-19T11:55:21Z,111737,1986-03-28,2,2003-01-31,4,0,0,5,2003-01-01,2007-07-01,23,27,2015-01-01,13,1,1,5,,5,5500,1800
1066161,2017-12-19T13:57:28Z,111816,1997-12-12,2,2014-01-30,4,0,0,5,1997-12-01,1997-12-01,14,17,2017-12-01,0,1,12,5,,6,5000,4200
1059511,2017-12-18T16:20:50Z,111381,1957-12-05,1,2009-10-03,4,0,0,1,2016-07-01,2015-05-01,8,4,,35,2,,,,6,8000,1000
1064953,2017-12-19T06:24:47Z,36178,1989-08-10,2,2010-03-04,4,0,0,5,1990-03-01,1990-03-01,3,4,2013-10-01,4,1,12,3,9,1,6500,3400
1066204,2017-12-19T14:17:09Z,51634,1994-01-18,2,2010-04-22,4,0,0,5,2002-06-10,2002-06-10,23,27,2016-11-01,1,1,6,1,4,2,6500,3500
1066720,2017-12-19T17:13:59Z,111932,1959-07-27,1,2001-12-17,5,1,34,5,1984-02-01,1984-02-01,3,4,,32,2,,,,5,2450,1000
1066316,2017-12-19T15:08:42Z,111845,1989-04-10,1,2005-12-30,4,1,4,1,1989-04-01,1989-04-01,6,8,2016-04-01,9,1,12,1,4,2,4600,2000
1065442,2017-12-19T09:56:49Z,111671,1991-08-04,2,2007-11-03,4,0,0,3,1998-05-01,1998-05-01,6,8,2007-06-01,7,1,3,4,,6,8000,4000
1065468,2017-12-19T10:06:31Z,111682,1985-02-09,1,2011-09-22,3,1,5,1,2013-03-01,2013-03-01,1,2,2008-10-01,12,1,2,4,4,1,6000,3000
1065154,2017-12-19T08:07:41Z,111618,1979-10-26,1,,3,0,0,1,1982-07-01,1982-07-01,8,10,2015-01-01,16,1,8,5,,6,16000,7000
1064794,2017-12-19T01:40:58Z,111575,1991-10-05,2,2009-06-02,1,0,0,1,1991-10-01,1991-10-01,22,26,2009-08-01,7,1,13,5,,5,5500,3000
1064924,2017-12-19T05:41:39Z,93652,1995-12-03,1,2012-04-24,1,0,,6,2012-09-01,1995-12-01,19,23,2012-09-01,5,6,11,6,4,2,6500,2500
1067000,2017-12-19T19:18:12Z,44958,1993-09-12,1,2009-10-15,4,0,0,1,2014-12-10,2014-12-10,10,12,2017-11-01,1,1,5,1,6,1,8000,600
1065466,2017-12-19T10:05:01Z,111654,1978-07-06,1,2000-05-23,5,2,15,1,2010-05-01,1978-07-01,9,3,2010-08-01,15,1,11,5,,6,7000,2000
1067263,2017-12-19T21:00:53Z,112053,1993-05-19,1,2009-09-24,4,0,0,1,1993-05-01,1993-05-01,3,4,2017-10-01,1,6,12,3,5,1,5000,2300
1065518,2017-12-19T10:25:33Z,111691,1988-06-26,1,,3,2,6,1,2010-08-01,2010-08-01,6,8,2016-05-01,8,3,12,6,4,1,8000,2000
1065617,2017-12-19T10:57:54Z,102084,1993-06-24,2,2009-08-19,4,0,0,5,2016-02-01,2016-02-01,3,4,2016-02-01,5,1,11,3,,5,6000,2000
1060335,2017-12-18T23:59:05Z,110386,1973-10-08,1,2001-12-21,2,1,15,3,2001-12-01,2001-12-01,14,17,2016-08-01,21,1,3,3,9,7,8000,6000
1065839,2017-12-19T12:03:51Z,109828,1997-01-24,2,2013-07-11,4,0,0,1,1997-01-01,1997-01-01,2,3,2016-07-01,1,1,6,5,9,2,8000,3500
1057990,2017-12-18T09:18:13Z,93015,1963-08-06,1,2015-04-07,2,3,31,5,1998-05-01,1998-05-01,1,2,2017-01-01,30,1,12,4,,5,8000,2000
1066452,2017-12-19T15:49:11Z,78151,1996-06-28,1,2013-03-13,4,0,0,1,2001-07-01,2001-07-01,10,12,2016-12-01,5,1,12,6,10,2,5000,1500
1066318,2017-12-19T15:09:18Z,111858,1989-06-17,2,2005-12-02,4,0,0,5,1989-06-01,1989-06-01,10,12,2015-05-01,2,1,12,4,,6,5200,2300
1067367,2017-12-19T21:42:05Z,103581,1992-02-09,2,2009-02-23,3,2,5,5,1992-02-01,1992-02-01,3,4,2011-12-01,6,1,12,5,,6,9000,5000
1065859,2017-12-19T12:11:41Z,111740,1988-09-13,1,2005-06-05,4,2,8,5,2005-06-01,2005-06-01,3,4,2014-04-01,6,1,6,4,,6,7000,3400
1065805,2017-12-19T11:56:51Z,103350,1987-02-12,2,2004-01-23,2,1,4,5,2009-06-01,2009-06-01,8,10,2014-12-01,3,1,13,5,4,1,2500,2000
1066678,2017-12-19T17:02:23Z,111931,1986-02-15,2,2002-12-26,3,0,0,5,2013-03-01,2013-03-01,9,11,2011-02-01,11,1,2,1,9,7,8000,7000
1067087,2017-12-19T19:49:03Z,112013,1979-02-19,2,,3,0,0,5,2013-03-01,2013-03-01,8,10,,10,2,,,11,1,4500,1000
1066426,2017-12-19T15:41:07Z,111883,1999-02-16,2,2015-04-17,4,0,0,1,2014-12-01,2014-12-01,23,27,2017-09-01,1,1,12,2,,6,9000,4000
1064946,2017-12-19T06:16:07Z,110451,1973-12-03,2,2000-01-27,1,0,0,3,2014-07-01,2014-07-01,19,23,2012-01-01,17,1,10,5,11,7,8000,5000
1059996,2017-12-18T19:33:01Z,85751,1954-10-14,1,2000-02-22,2,2,43,5,2003-08-01,2003-08-01,8,10,,45,2,,,,6,9185,4000
1059573,2017-12-18T16:47:36Z,91691,1965-03-04,1,2001-05-30,3,0,0,5,1983-10-01,1983-10-01,17,21,2007-08-01,35,1,2,4,11,2,8000,2000
1066453,2017-12-19T15:49:14Z,111884,1990-02-26,1,,3,1,1,5,2004-12-01,2004-12-01,23,27,2014-09-01,7,1,12,3,4,1,10000,6000
1058173,2017-12-18T10:11:16Z,111025,1986-02-09,2,2002-03-11,3,1,1,4,2010-04-01,2010-04-01,8,10,2016-10-01,12,1,2,5,,5,6500,3000
1065628,2017-12-19T11:00:17Z,111708,1997-06-29,1,,3,0,0,1,2015-06-01,2003-06-01,3,4,2016-10-01,2,1,12,3,4,1,8100,4500
1066437,2017-12-19T15:43:38Z,81733,1994-03-06,1,2010-04-20,4,0,,5,2014-06-01,2014-06-01,16,20,2016-12-01,1,1,7,4,10,1,7000,6000
1065800,2017-12-19T11:56:36Z,111739,1992-09-07,2,2008-09-07,4,0,0,5,1992-09-01,1992-09-01,18,22,2013-08-01,4,1,2,1,9,1,12700,2300
1066082,2017-12-19T13:22:45Z,111770,1985-05-22,2,2008-03-05,3,1,58,5,2001-03-01,2001-03-01,20,24,2017-08-01,10,1,10,3,,6,4000,1500
1066332,2017-12-19T15:15:17Z,111867,1995-07-31,2,2011-08-10,4,0,0,5,1995-08-01,1995-08-01,13,16,2016-10-01,5,3,3,3,,6,10000,8500
1066079,2017-12-19T13:21:54Z,111490,1981-03-09,1,1998-08-20,3,3,19,5,1998-08-01,1998-08-01,1,2,2017-05-01,5,6,6,6,4,1,3200,1000
1065098,2017-12-19T07:49:22Z,111619,1978-05-27,1,2000-04-28,3,2,17,5,2004-03-01,2004-03-01,3,4,1997-08-01,20,6,12,6,,6,4500,2000
1059489,2017-12-18T16:16:10Z,108923,1990-01-13,1,2006-06-01,4,0,0,5,2016-05-01,2016-05-01,8,10,2016-10-01,6,1,7,4,4,2,600,4000
1066457,2017-12-19T15:50:03Z,111888,1995-08-18,1,2013-11-13,4,0,0,5,1996-06-01,1996-06-01,19,23,2016-09-01,5,1,10,3,4,1,5000,4000
1066897,2017-12-19T18:28:12Z,111979,1995-07-03,2,2011-08-11,4,0,0,4,2017-05-01,2017-05-01,23,27,2017-05-01,5,1,3,3,,6,6000,3000
1067107,2017-12-19T19:59:34Z,112032,1997-07-27,2,2013-11-16,4,0,0,3,2015-03-01,2015-03-01,18,22,,35,4,,,,5,5000,1500
1059273,2017-12-18T15:19:42Z,111326,1982-03-26,2,1998-05-19,3,0,0,5,2011-10-01,2011-10-01,3,4,2004-10-01,13,1,6,5,10,1,10000,9000
1057398,2017-12-18T06:32:49Z,110976,1985-04-01,1,2016-01-19,3,3,15,5,2014-06-01,2014-06-01,6,8,2017-08-01,15,1,3,4,10,1,9000,3000
1059643,2017-12-18T17:17:15Z,111402,1995-10-11,1,2013-07-17,3,2,4,1,2017-08-01,1995-10-01,13,16,2016-07-01,1,3,12,6,,5,4000,2000
1052292,2017-12-17T17:34:57Z,110813,1995-04-09,2,,4,0,0,1,1995-04-01,1995-04-01,5,7,2013-10-01,4,1,7,6,11,2,4600,2300
1057595,2017-12-18T07:57:31Z,111019,1975-08-10,1,1996-05-28,4,0,0,5,2000-08-01,2000-08-01,16,20,2016-04-01,4,6,12,3,10,1,3800,1000
1058373,2017-12-18T10:55:59Z,103959,1976-08-13,1,1999-02-04,2,2,21,1,2017-01-01,2017-01-01,2,3,2017-01-01,22,1,1,1,4,1,9000,5000
1058799,2017-12-18T12:51:25Z,111209,1993-06-06,1,2009-07-13,4,0,0,1,2009-07-01,2009-07-01,10,12,2017-04-01,8,1,5,2,,6,5000,1500
1059030,2017-12-18T13:51:05Z,96492,1998-05-15,2,2014-06-12,4,0,0,4,2017-09-01,2017-09-01,18,22,,1,4,,,11,2,5000,1900
1059629,2017-12-18T17:12:08Z,111404,1988-08-13,1,2005-06-02,2,1,7,1,2012-05-01,2002-03-01,18,6,2016-04-01,5,1,11,6,9,2,7000,2000
1057719,2017-12-18T08:26:46Z,111027,1982-09-06,2,2000-11-08,1,0,0,5,2013-09-01,2003-12-01,8,17,2017-04-01,12,1,12,2,,6,9000,2500
1057446,2017-12-18T07:14:58Z,110984,1998-04-06,2,1998-04-18,1,0,0,4,2003-11-01,2003-11-01,18,22,2017-09-01,4,1,11,6,9,2,6500,4000
1057513,2017-12-18T07:36:45Z,110992,1989-02-27,1,2014-04-03,4,1,3,5,2014-03-01,2014-03-01,9,11,2016-03-01,10,6,4,2,,6,9000,7000
1059480,2017-12-18T16:13:23Z,111375,1977-11-14,2,1996-07-18,4,0,0,5,1996-08-01,1996-08-01,3,4,1999-04-01,15,6,7,3,,5,11500,5700
1059670,2017-12-18T17:28:52Z,111418,1989-02-20,2,2007-02-15,3,1,3,5,2012-06-01,2012-06-01,9,11,2011-05-01,11,1,12,2,11,1,12000,6000
1057659,2017-12-18T08:13:51Z,111014,1992-08-15,2,2014-07-09,4,0,0,4,2014-07-01,2014-07-01,3,4,2017-06-01,5,1,6,5,6,1,7500,3000
1057270,2017-12-18T00:23:53Z,110942,1984-09-23,2,2001-07-11,3,1,4,5,2017-04-01,2017-04-01,9,11,2017-04-01,8,1,13,2,10,2,13000,10000
1058786,2017-12-18T12:49:30Z,111204,1982-07-31,1,1999-01-21,4,1,10,4,1999-01-01,1999-01-01,6,8,2015-06-01,3,3,12,6,,5,9000,3000
1058359,2017-12-18T10:53:33Z,111137,1978-03-27,1,2011-09-14,4,3,23,5,1978-04-01,1978-04-01,4,6,2016-03-01,15,1,12,3,,5,6300,2700
1057722,2017-12-18T08:27:06Z,111029,1997-02-03,2,2013-08-02,4,0,0,1,1996-04-01,1996-04-01,18,22,,1,4,,,3,4,3500,2000
1058140,2017-12-18T10:01:29Z,111088,1992-09-26,2,2013-11-01,4,0,0,5,1992-09-01,1992-09-01,13,16,2015-07-01,5,1,3,6,,5,9000,6000
1058097,2017-12-18T09:53:54Z,110799,1998-06-12,2,2014-09-24,4,0,0,4,2017-07-01,2017-07-01,1,2,2017-07-01,4,1,13,5,10,2,5000,4000
1059294,2017-12-18T15:27:27Z,111327,1994-08-13,1,2013-08-20,3,1,4,5,1994-09-01,1994-09-01,14,17,2014-04-01,5,1,2,1,,6,8000,3000
1058768,2017-12-18T12:47:14Z,111222,1984-08-18,1,2013-08-02,3,0,0,5,2013-06-01,2013-06-01,16,20,2016-04-01,10,3,12,3,9,1,15000,7000
1058323,2017-12-18T10:44:39Z,77409,1992-01-03,1,2008-11-12,1,0,,1,2016-10-01,1992-01-01,3,4,2014-07-01,3,1,5,5,4,1,11000,7000
1059439,2017-12-18T16:02:10Z,111355,1985-05-25,1,2007-09-05,3,2,8,3,1985-06-01,2004-08-01,8,10,2017-06-01,12,1,11,4,4,1,8900,6000
1060144,2017-12-18T21:09:15Z,111510,1990-06-08,2,2006-07-06,2,0,0,5,1990-06-01,1990-06-01,16,20,2012-03-01,7,1,3,6,4,7,8500,4500
1058017,2017-12-18T09:30:17Z,111064,1977-02-03,1,1999-04-30,3,1,20,5,1993-07-01,1993-07-01,11,14,2017-03-01,15,1,12,5,,6,7000,2000
1058785,2017-12-18T12:49:27Z,111219,1986-08-04,2,2003-03-12,3,0,0,1,2017-11-01,2017-11-01,3,4,2017-09-01,0,1,7,2,11,1,10000,6500
1057891,2017-12-18T08:58:37Z,111048,1998-06-17,2,1998-07-31,4,0,0,5,2003-06-01,2003-06-01,10,12,2016-10-01,1,6,7,5,4,2,2000,1000
1059106,2017-12-18T14:13:14Z,55291,1994-07-14,1,2010-11-06,4,0,,1,1994-07-10,1994-07-10,16,20,2016-05-10,3,1,6,2,8,2,6000,3000
1059924,2017-12-18T18:57:51Z,111470,1993-11-16,2,2012-08-30,3,0,0,1,1993-11-01,1993-11-01,1,2,2017-05-01,6,1,12,5,,6,12000,1500
1058525,2017-12-18T11:44:36Z,111161,1967-07-28,2,2000-04-01,3,1,15,5,1999-05-01,1999-05-01,6,8,,35,5,,,6,1,6000,5000
1059274,2017-12-18T15:19:43Z,111323,1992-02-20,2,2008-09-03,4,0,0,1,1992-02-01,1992-02-01,22,26,2017-02-01,1,1,11,6,9,1,9000,1500
1058350,2017-12-18T10:51:27Z,111133,1986-02-25,2,2002-08-09,4,0,0,5,2013-04-01,2013-04-01,3,4,2017-08-01,9,1,12,2,9,1,15000,9000
1060103,2017-12-18T20:39:41Z,111504,1986-08-10,1,2010-10-20,3,1,5,5,2003-05-01,2003-05-01,9,11,2010-05-01,10,1,2,5,11,1,4500,2000
1058049,2017-12-18T09:39:14Z,111071,1995-03-27,1,2011-12-23,3,0,0,1,1995-03-01,1995-03-01,11,14,2016-01-01,2,1,12,2,4,2,8500,3000
1057647,2017-12-18T08:10:30Z,60058,1993-07-18,1,2010-10-26,1,0,,1,2010-08-10,2010-08-10,10,12,2017-02-10,4,6,8,4,,6,3000,1000
1057466,2017-12-18T07:22:20Z,103082,1988-05-07,2,2006-05-24,3,1,2,1,2010-05-01,2010-05-01,6,8,2008-05-01,10,1,2,2,,5,13000,7000
1057559,2017-12-18T07:50:11Z,111007,1998-04-24,1,2014-09-05,4,0,0,5,1998-04-01,1998-04-01,11,14,2017-03-01,1,1,6,5,,6,4200,3700
1052861,2017-12-17T23:23:31Z,110934,1994-09-14,2,2010-11-03,4,0,0,4,2008-03-01,2008-03-01,23,27,2016-09-01,4,1,11,1,11,1,9000,7000
1057336,2017-12-18T04:20:55Z,110964,1986-10-13,2,2003-01-21,4,0,0,1,1994-09-01,1994-09-01,8,10,2016-06-01,8,1,6,2,4,1,8000,6000
1057615,2017-12-18T08:01:15Z,111006,1981-08-24,2,,2,0,0,4,2014-09-01,2009-09-01,3,13,2015-09-01,14,1,5,5,4,7,6000,200
1057536,2017-12-18T07:43:37Z,111003,1992-07-03,1,2009-09-01,3,1,2,4,1992-08-01,1992-08-01,8,10,2016-03-01,3,1,3,2,,5,7000,2000
1058031,2017-12-18T09:34:57Z,111063,1996-02-18,1,2012-03-15,1,0,0,1,2014-06-01,2014-06-01,8,10,2017-04-01,2,1,8,3,9,2,8000,7000
1057458,2017-12-18T07:19:37Z,110979,1993-12-07,1,2013-04-18,3,2,4,5,2013-02-01,2008-04-01,15,18,,0,5,,,10,1,5000,3000
1058402,2017-12-18T11:06:48Z,111145,1997-06-25,2,2013-08-30,4,0,0,5,2017-08-01,2017-08-01,18,22,,1,4,,,,6,3200,3000
1058163,2017-12-18T10:08:22Z,111090,1995-07-23,1,2016-10-28,3,1,1,1,2004-09-01,2004-09-01,3,4,,2,5,,,4,2,3000,1500
1059443,2017-12-18T16:03:27Z,111357,1989-12-10,2,2006-01-21,2,1,7,2,1989-12-01,1989-12-01,15,18,2014-11-01,3,1,1,5,6,1,9100,6000
1058802,2017-12-18T12:51:55Z,111225,1989-08-08,2,2006-05-23,4,0,0,1,2006-05-01,2006-05-01,4,6,2013-06-01,5,1,2,1,9,1,18000,7000
1059835,2017-12-18T18:26:11Z,111457,1992-11-04,2,2009-02-23,4,0,0,1,1994-06-01,1994-06-01,12,15,2016-04-01,1,1,6,1,11,1,7000,3000
1057408,2017-12-18T06:44:23Z,106192,1989-11-18,2,2006-03-23,4,0,0,1,2015-08-01,2009-09-01,8,17,2015-07-01,5,1,6,1,5,1,3000,1500
1058110,2017-12-18T09:57:57Z,111086,1982-10-28,1,1999-08-05,2,0,0,1,2005-05-01,2005-05-01,13,16,2012-05-01,5,6,11,3,6,1,4000,2600
1060137,2017-12-18T21:03:36Z,62554,1982-12-18,2,1999-09-08,3,0,0,5,1991-01-10,1991-01-10,3,4,2014-07-10,20,1,12,2,,6,6000,5000
1057298,2017-12-18T01:55:20Z,94677,1998-04-08,2,2017-02-28,4,0,0,5,1999-05-01,1999-05-01,3,4,,2,4,,,,6,10000,10000
1058728,2017-12-18T12:41:35Z,108037,1994-04-17,2,2011-06-20,2,1,5,3,2015-03-01,2011-06-01,2,3,2017-05-01,1,1,12,3,,6,7400,2800
1050732,2017-12-17T07:15:48Z,81048,1986-01-28,1,2015-10-21,4,1,9,1,1993-08-01,1993-08-01,3,4,2017-09-01,1,1,5,5,4,2,7500,3500
1058805,2017-12-18T12:52:36Z,111226,1990-02-08,1,2009-09-25,3,0,0,5,2000-06-01,2000-06-01,16,20,2016-05-01,15,3,12,6,,6,9000,5000
1058920,2017-12-18T13:21:35Z,82769,1994-07-24,2,2010-10-19,4,0,,4,2010-10-01,2010-10-01,18,22,2014-03-01,3,1,2,5,9,1,10000,7000
1058570,2017-12-18T12:01:48Z,110555,1975-11-26,1,2014-10-24,2,1,17,5,1975-11-01,1975-11-01,9,11,2011-09-01,23,1,12,2,6,1,8000,6500
1057793,2017-12-18T08:36:14Z,111032,1974-01-08,1,2012-09-26,2,1,25,5,2002-01-01,2015-10-01,23,27,2001-04-01,16,1,2,6,6,1,6000,2000
1058228,2017-12-18T10:22:51Z,111100,1994-04-22,1,2010-10-15,4,0,0,1,2016-10-01,2016-10-01,8,10,2016-07-01,2,1,10,6,6,1,6500,4000
1057794,2017-12-18T08:36:58Z,12971,1987-09-14,1,2003-10-07,4,0,,1,2013-06-10,1990-10-10,8,10,2012-12-10,8,1,7,6,11,1,60000,5000
1058265,2017-12-18T10:29:39Z,111104,1985-01-12,1,2006-12-01,3,6,10,4,2013-08-01,2011-08-01,19,23,,5,5,,,,5,8300,2000
1059261,2017-12-18T15:15:18Z,111321,1995-07-20,2,2011-07-20,4,0,0,1,2001-09-01,2001-09-01,21,25,2015-07-01,3,1,2,2,9,1,8000,2500
1052772,2017-12-17T21:59:23Z,110919,1989-04-01,2,2017-01-13,3,1,5,1,1996-04-01,1996-04-01,3,4,2013-06-01,5,1,6,4,10,2,10000,3000
1059420,2017-12-18T15:57:36Z,110351,1991-07-13,2,2007-09-12,4,0,0,5,2015-08-01,1991-07-01,3,4,2010-08-01,8,1,12,5,10,1,8000,3500
1051120,2017-12-17T09:44:51Z,80630,1988-09-15,2,2005-02-15,3,0,0,1,1988-09-01,1988-09-01,9,11,2016-04-01,9,1,11,3,9,1,8000,4000
1051028,2017-12-17T09:11:58Z,110501,1975-09-09,1,1999-06-15,3,1,9,1,2000-01-01,2000-01-01,6,8,2008-04-01,20,1,10,1,10,1,4000,25000
1059753,2017-12-18T18:04:45Z,111443,1973-10-31,1,2001-05-19,3,1,23,1,1997-08-01,1997-08-01,8,10,2017-03-01,18,1,12,1,,6,6000,2000
1059017,2017-12-18T13:46:27Z,75945,1994-09-07,2,2010-11-04,1,0,,2,2017-06-01,2017-06-01,4,6,2017-06-01,1,1,1,5,7,2,7800,3500
1059487,2017-12-18T16:15:00Z,111340,1989-12-03,2,2005-12-22,1,1,3,5,1990-12-01,1990-12-01,6,8,2017-08-01,0,1,2,5,,5,6000,5000
1060171,2017-12-18T21:35:22Z,111526,1990-06-28,1,2007-04-11,4,0,0,5,1990-11-01,1990-11-01,23,27,2014-07-01,3,1,2,4,4,1,6000,4000
1059894,2017-12-18T18:49:21Z,111465,1984-03-28,1,2012-01-13,3,1,5,5,1990-10-01,1990-10-01,6,8,2015-06-01,2,1,12,1,,6,5000,4000
1052790,2017-12-17T22:12:05Z,110921,1991-06-29,1,2016-02-18,3,1,7,5,2012-06-01,2012-06-01,23,27,,4,5,,,,3,2100,1800
1058957,2017-12-18T13:30:15Z,109887,1982-02-16,2,2005-06-08,4,2,15,1,2007-05-01,1982-02-01,14,16,2015-04-01,5,1,2,1,,6,10000,5000
1045578,2017-12-16T17:34:47Z,110255,1991-11-04,1,2012-05-16,3,3,7,5,2012-02-01,2012-02-01,1,2,2016-02-01,6,1,12,5,,6,4200,800
1059119,2017-12-18T14:18:38Z,111286,1999-07-14,2,,4,0,0,1,2000-07-01,2000-07-01,16,20,,1,4,,,,6,1500,900
1058634,2017-12-18T12:19:22Z,71540,1991-06-24,1,2010-07-17,4,1,2,1,2015-06-01,2015-06-01,6,8,2016-06-01,5,1,12,6,,5,3200,1500
1059506,2017-12-18T16:19:58Z,111373,1998-06-21,1,2014-07-29,4,0,0,1,2015-09-01,2015-09-01,22,26,,0,4,,,4,1,8000,5500
1057344,2017-12-18T04:26:56Z,110966,1985-08-25,2,2006-09-16,4,0,0,1,1998-10-01,1998-10-01,10,12,2005-08-01,12,1,6,1,,6,7000,1500
1057901,2017-12-18T09:00:26Z,111037,1993-01-27,1,,3,1,1,2,2000-05-01,2000-05-01,6,8,2015-12-01,2,1,6,2,6,2,3500,2500
1059238,2017-12-18T15:07:05Z,111298,1986-08-22,2,2002-11-04,4,0,0,3,1999-06-01,1999-06-01,13,16,2011-09-01,6,1,7,5,11,1,13000,9000
1059509,2017-12-18T16:20:11Z,111365,1996-12-03,1,2012-12-11,4,0,0,4,1996-12-01,1996-12-01,8,10,2015-05-01,3,1,2,1,,5,7000,2000
1058647,2017-12-18T12:23:08Z,107838,1994-03-22,1,2010-03-07,4,1,6,4,2015-03-01,2015-03-01,23,27,,3,5,,,,6,6700,1500
1045605,2017-12-16T17:44:00Z,110264,1987-10-25,2,2003-12-10,4,0,0,5,2015-06-01,2015-06-01,18,22,2015-12-01,14,1,6,5,,6,12000,7000
1057356,2017-12-18T04:54:00Z,110968,1986-11-12,2,2003-12-23,3,1,2,1,1986-11-01,1986-11-01,21,25,2004-11-01,13,1,3,1,,6,9500,7000
1051092,2017-12-17T09:37:15Z,110521,1951-01-30,2,1996-05-16,3,2,41,4,1989-06-01,1989-06-01,13,16,,46,2,,,10,1,3700,2000
1045384,2017-12-16T16:20:50Z,110199,1991-12-05,1,,3,1,4,1,2013-11-01,1991-12-01,9,11,2016-07-01,8,1,11,5,10,1,4500,3700
1046135,2017-12-16T23:05:42Z,110372,1994-07-11,2,2011-04-26,3,0,0,4,1997-05-01,1997-05-01,9,11,2014-08-01,6,1,13,6,10,2,7000,4500
1051222,2017-12-17T10:26:24Z,110550,1985-08-30,1,2008-01-19,3,1,12,1,2015-03-01,2015-03-01,20,24,2013-12-01,8,1,4,2,,5,6500,2000
1051516,2017-12-17T12:07:01Z,110616,1988-10-22,2,2014-02-12,3,0,0,1,1994-02-01,1994-02-01,20,24,2017-01-01,4,1,1,5,9,2,9000,7000
1050655,2017-12-17T06:15:47Z,110440,1991-08-09,2,,3,2,2,1,2008-03-01,2008-03-01,17,21,2015-09-01,8,3,12,6,4,1,10000,2000
1052559,2017-12-17T20:21:47Z,76169,1995-04-03,2,2011-05-12,4,0,0,5,1995-04-01,1995-04-01,10,12,2017-09-01,2,1,3,3,,6,12000,4500
1051708,2017-12-17T13:20:54Z,110662,1989-07-24,1,,3,1,3,1,2003-08-01,2003-08-01,10,12,2016-04-01,1,1,12,3,,6,4000,3500
1051475,2017-12-17T11:49:28Z,110592,1983-03-08,1,2000-10-23,4,0,0,3,1993-03-01,1993-03-01,3,4,2002-03-01,10,1,13,6,4,1,16000,4000
1051250,2017-12-17T10:38:24Z,110556,1994-09-12,2,2011-01-04,4,0,0,1,2017-03-01,1998-02-01,8,27,2017-03-01,5,1,13,3,,6,12,10
1052257,2017-12-17T17:15:14Z,110435,1987-12-13,2,2004-04-14,4,0,0,5,2004-04-01,2004-04-01,22,26,,0,5,,,9,2,6000,4000
1050469,2017-12-17T00:29:13Z,110393,1987-05-04,2,2014-11-28,4,0,0,5,1991-11-01,1991-11-01,6,8,2006-09-01,11,3,6,6,,5,3900,1450
1051354,2017-12-17T11:15:22Z,110582,1996-04-11,1,2015-10-24,3,1,1,5,2013-09-01,1996-04-01,9,25,2017-05-01,3,1,5,6,6,2,5200,2000
1051235,2017-12-17T10:30:22Z,108684,1980-08-12,1,2011-11-30,2,1,5,1,1997-06-01,1997-06-01,14,17,2008-03-01,19,1,13,1,10,1,7000,2500
1052171,2017-12-17T16:25:57Z,110772,1994-03-19,2,2014-08-11,4,0,0,1,2013-09-01,2013-09-01,3,4,2015-07-01,2,1,7,3,11,1,6000,5000
1052357,2017-12-17T18:08:21Z,110825,1994-10-02,1,2011-05-10,4,0,0,5,2016-10-01,2016-10-01,3,4,2015-06-01,3,1,11,4,6,1,12000,4500
1050844,2017-12-17T08:00:47Z,110117,1995-09-12,2,2012-05-12,4,0,0,3,1995-09-01,1995-09-01,23,27,2016-11-01,1,1,11,3,,6,4000,3500
1051090,2017-12-17T09:37:04Z,110522,1983-09-21,2,,4,0,0,5,2012-04-01,1983-09-01,13,12,2016-08-01,10,1,13,3,4,1,10000,5000
1052142,2017-12-17T16:16:20Z,110771,1996-04-17,2,2012-04-25,4,0,0,1,1996-04-01,1996-04-01,2,3,2017-03-01,4,1,2,2,9,2,10000,5000
1051934,2017-12-17T15:06:29Z,110747,1999-02-04,2,2015-03-15,4,0,0,1,2014-09-01,2006-06-01,1,25,2017-09-01,2,6,11,2,,5,5500,2000
1050971,2017-12-17T08:43:05Z,79413,1985-06-27,2,2001-12-25,3,1,7,1,1985-06-01,1985-06-01,3,4,2008-12-01,13,1,10,4,9,7,7500,4000
1050771,2017-12-17T07:38:55Z,110458,1988-02-14,1,2006-08-24,3,1,11,4,2010-10-01,2010-10-01,14,17,2014-12-01,6,1,12,1,,6,6000,4000
1052273,2017-12-17T17:22:20Z,110496,1995-10-07,2,2012-01-27,4,0,0,5,1995-10-01,1995-10-01,18,22,2017-11-01,4,1,12,2,,6,6000,2000
1051622,2017-12-17T12:53:26Z,110651,1989-03-09,2,2006-01-06,4,0,0,1,1989-03-01,1989-03-01,2,3,2007-08-01,10,1,2,2,1,1,8200,2500
1046118,2017-12-16T22:57:55Z,110380,1992-05-18,2,2008-07-01,4,0,0,3,1992-05-01,1992-05-01,23,27,2017-01-01,1,3,3,6,,5,4000,2500
1050745,2017-12-17T07:22:01Z,110454,1971-03-22,1,2016-09-09,4,0,0,5,2005-11-01,2005-11-01,21,25,2017-03-01,15,1,6,5,,6,6500,3500
1052288,2017-12-17T17:34:12Z,54956,1984-04-02,1,2011-09-07,3,0,,1,1990-04-10,1990-04-10,11,14,2016-05-10,7,1,11,2,,6,4500,1500
1051604,2017-12-17T12:50:04Z,110645,1989-07-20,1,2015-04-18,3,2,7,5,2012-12-01,2012-12-01,12,15,2012-12-01,8,1,7,1,,6,6000,2000
1050815,2017-12-17T07:50:27Z,110456,1988-04-19,2,2013-05-03,3,2,6,1,2017-08-01,2012-01-01,9,18,2016-04-01,11,1,13,5,2,2,16000,7000
1052030,2017-12-17T15:38:55Z,110754,1985-04-05,2,2001-07-10,3,1,4,4,1985-04-01,1985-04-01,5,7,2016-10-01,1,1,2,2,9,1,7540,3000
1051865,2017-12-17T14:35:00Z,110705,1985-10-11,1,2001-11-20,4,0,0,1,2001-11-01,2001-11-01,14,17,2015-08-01,2,1,12,6,4,1,4500,1500
1052377,2017-12-17T18:13:17Z,110807,1987-07-22,2,2004-02-26,4,0,0,5,2017-03-01,2009-06-01,6,8,2017-03-01,8,1,6,1,,6,8000,3800
1052597,2017-12-17T20:34:54Z,110878,1988-08-22,2,2005-06-30,2,0,0,4,2005-08-01,2005-08-01,9,11,,8,5,,,10,4,5000,2000
1052051,2017-12-17T15:44:00Z,110759,1981-01-25,2,,2,2,11,2,2013-12-01,1981-01-01,13,16,2006-08-01,12,3,6,6,,6,15000,5000
1052277,2017-12-17T17:23:46Z,110801,1993-02-27,2,2009-04-22,4,0,0,5,2015-05-01,2015-05-01,4,6,,5,5,,,,5,6500,6500
1052709,2017-12-17T21:24:54Z,110883,1994-11-29,2,2011-01-18,4,0,0,5,2003-08-01,2003-08-01,3,4,2015-10-01,2,1,12,2,11,1,7800,2500
1052495,2017-12-17T19:43:56Z,110865,1988-12-22,1,2013-09-28,3,1,1,5,1994-04-01,1994-04-01,15,18,2011-01-01,6,6,10,4,6,1,3000,2500
1051408,2017-12-17T11:32:53Z,110578,1994-07-01,1,2015-07-17,3,3,5,1,2014-11-01,1994-07-01,23,27,2015-12-01,4,6,6,2,5,1,8000,1000
1051037,2017-12-17T09:18:45Z,110517,1987-07-09,2,2003-09-30,3,1,3,4,2007-05-01,2007-05-01,2,3,2016-10-01,11,3,3,6,11,2,13000,6000
1045218,2017-12-16T15:26:48Z,34348,1961-05-06,2,2000-12-28,1,4,33,4,2007-07-01,2010-09-01,18,22,2010-01-01,35,1,10,1,,5,3200,10
1050570,2017-12-17T03:15:42Z,103131,1991-07-11,2,2007-12-07,3,0,0,1,2014-06-01,2014-06-01,3,4,2014-06-01,3,1,13,5,11,1,7000,4000
1052345,2017-12-17T18:03:30Z,110823,1997-03-23,2,2013-07-30,4,0,0,1,2013-08-01,2013-08-01,1,2,,3,4,,,11,2,7000,3000
1052087,2017-12-17T15:53:26Z,110756,1988-10-04,1,2006-04-17,3,1,8,1,1996-10-01,1996-10-01,1,2,2016-11-01,4,1,11,5,4,1,5000,2000
1051327,2017-12-17T11:07:04Z,110583,1992-02-22,2,2009-11-17,3,1,2,5,2015-04-01,2002-10-01,4,6,2015-02-01,7,1,6,5,,6,9000,3500
1046091,2017-12-16T22:32:00Z,107045,1986-09-19,2,2002-11-22,3,0,0,5,1995-05-01,1995-05-01,7,9,2016-01-01,5,1,12,4,4,1,8000,3000
1051563,2017-12-17T12:32:38Z,110641,1982-10-28,1,2005-11-12,1,2,12,5,2006-08-01,2006-08-01,4,6,2006-01-01,10,1,12,5,,6,6500,4000
1052749,2017-12-17T21:47:02Z,110906,1992-09-02,1,,1,0,0,1,2017-09-01,2000-08-01,8,18,2015-05-01,5,3,4,5,10,7,9000,6000
1051560,2017-12-17T12:29:39Z,110629,1966-02-16,1,1999-05-29,3,3,32,5,2002-06-01,2002-06-01,18,22,2008-12-01,12,3,4,6,10,2,7000,500
1051648,2017-12-17T13:01:30Z,110067,1989-04-07,2,2005-04-19,4,0,0,4,2005-04-01,2005-04-01,21,25,2014-10-01,6,1,11,3,11,1,10000,4000
1050623,2017-12-17T05:44:11Z,110410,1989-10-15,2,2015-12-25,4,0,0,5,1995-11-01,1995-11-01,23,27,2011-02-01,6,1,3,3,,6,6000,1700
1051530,2017-12-17T12:12:41Z,110598,1979-06-11,2,1995-09-01,3,0,0,5,1986-03-01,1986-03-01,11,14,2016-04-01,15,1,6,1,,6,8000,2500
1052607,2017-12-17T20:38:23Z,71936,1984-12-08,2,2001-06-12,4,0,,2,1997-12-01,1997-12-01,8,10,2016-06-01,10,3,11,3,9,7,8000,7000
1052645,2017-12-17T20:49:14Z,110885,1999-11-24,1,2016-01-21,4,0,0,5,2005-12-01,2005-12-01,14,17,,0,4,,,,5,2000,900
1051253,2017-12-17T10:39:18Z,110570,1993-11-20,2,2010-01-04,4,0,0,5,1993-11-01,1993-11-01,3,4,2016-06-01,3,3,7,6,11,1,10000,5000
1045436,2017-12-16T16:36:57Z,110221,1987-09-20,2,2004-03-11,2,1,7,1,1988-04-01,1988-04-01,14,17,2011-03-01,10,1,13,5,,6,8000,2500
1051905,2017-12-17T14:55:11Z,110724,1996-06-28,2,2012-09-17,4,0,0,1,1996-07-01,1996-07-01,3,4,2016-02-01,2,1,12,2,11,2,7500,4000
1052167,2017-12-17T16:24:54Z,110777,1994-05-22,1,2016-12-03,4,0,0,1,2010-03-01,2010-03-01,19,23,2017-10-01,1,1,5,5,6,2,4500,2000
1051448,2017-12-17T11:41:12Z,65345,1997-05-19,1,2013-07-03,4,0,,4,2014-09-10,2014-09-10,13,16,2014-11-01,3,3,10,6,3,2,7000,4500
1046145,2017-12-16T23:15:24Z,110383,1991-07-19,2,2007-12-11,2,1,2,1,2011-03-01,2011-03-01,11,14,2013-04-01,6,3,3,3,,6,15000,10000
1052729,2017-12-17T21:36:08Z,110893,1989-07-30,1,2006-02-08,4,0,0,2,2011-06-01,2011-06-01,9,11,2011-10-01,6,1,2,3,9,1,10000,2000
1052676,2017-12-17T21:06:30Z,110891,1989-03-22,2,2009-06-10,4,0,0,4,2017-09-01,2017-09-01,1,2,2017-10-01,7,3,12,1,11,7,6599,4009
1044651,2017-12-16T12:50:12Z,109748,1990-07-12,2,2006-10-17,4,0,0,1,2006-10-01,2006-10-01,3,4,2013-12-01,4,1,2,2,,5,5500,1500
1050903,2017-12-17T08:22:01Z,106276,1980-09-22,2,1999-01-06,3,1,5,1,1995-01-01,1995-01-01,13,16,2017-05-01,1,1,3,5,11,1,5500,4000
1051977,2017-12-17T15:22:49Z,110750,1977-11-21,1,1996-04-18,2,1,16,1,1996-06-01,1996-06-01,15,18,2010-01-01,10,1,12,6,,5,5000,3200
1045948,2017-12-16T20:49:01Z,110339,1995-04-20,1,2011-11-09,4,0,0,1,2013-09-01,1995-04-01,11,14,2017-09-01,4,1,12,4,4,1,8000,3000
1043668,2017-12-16T07:44:04Z,79459,1997-06-23,1,2013-07-13,4,0,,1,2017-07-01,2008-03-01,3,10,2017-09-01,2,3,12,1,6,2,6000,3000
1044638,2017-12-16T12:45:37Z,110075,1987-09-13,2,2004-02-18,4,0,0,1,1987-09-01,1987-09-01,13,16,2017-10-01,10,1,11,3,11,2,8500,3500
1045059,2017-12-16T14:32:15Z,110160,1992-09-07,2,2008-10-14,4,0,0,5,1992-09-01,1992-09-01,12,15,2013-07-01,4,1,6,5,11,2,8000,6000
1044194,2017-12-16T10:32:04Z,109964,1999-03-02,1,2015-04-04,4,0,0,1,2017-10-01,2017-10-01,9,11,2017-07-01,3,1,5,6,10,2,5000,5000
1037929,2017-12-15T16:09:48Z,109608,1987-05-26,2,2007-06-07,4,0,0,1,1987-05-01,1987-05-01,8,10,2017-03-01,10,1,13,6,9,1,17000,3000
1043432,2017-12-16T04:55:35Z,109862,1990-02-17,2,2007-02-17,4,0,0,4,2010-01-01,1990-02-01,8,25,2010-01-01,7,1,13,4,8,2,20000,17000
1044893,2017-12-16T13:47:57Z,6196,1974-07-05,2,1999-12-22,4,0,,5,1974-07-10,1974-07-10,14,17,1993-07-10,24,3,4,6,10,1,8000,3000
1046009,2017-12-16T21:23:33Z,110342,1986-12-07,1,2010-07-02,4,0,0,1,1986-12-01,1986-12-01,16,20,2008-04-01,11,1,10,3,,6,8500,4000
1044044,2017-12-16T09:55:11Z,109922,1996-04-18,1,2012-06-10,1,0,0,1,2016-07-01,2005-08-01,18,22,2017-10-01,3,1,5,2,9,2,6000,2000
1043545,2017-12-16T06:49:39Z,109876,1994-05-02,2,2010-06-01,4,0,0,5,2000-06-01,2000-06-01,3,4,2014-04-01,3,1,6,5,,6,9000,1500
1045796,2017-12-16T19:26:26Z,110303,1995-07-30,2,2011-09-06,4,0,0,1,2013-09-01,2013-09-01,7,9,2017-10-01,4,1,11,3,11,1,9600,3000
1043466,2017-12-16T05:52:02Z,109863,1973-12-07,2,2000-02-21,3,2,20,1,2002-11-01,2002-11-01,3,4,2012-08-01,12,3,12,5,11,1,10000,3000
1039064,2017-12-15T23:13:52Z,103645,1987-02-08,1,2016-10-04,3,0,0,1,2017-11-01,2017-11-01,15,18,2013-10-01,13,1,12,6,4,1,5200,1500
1045772,2017-12-16T19:15:46Z,110301,1994-11-26,1,,3,1,2,5,2012-01-01,2012-01-01,9,11,2017-09-01,3,1,8,3,,6,7000,2000
1044505,2017-12-16T12:11:24Z,107020,1993-02-22,2,2009-03-23,4,0,0,1,2015-09-01,1993-02-01,14,17,2017-04-01,5,1,12,3,4,1,5000,2000
1044714,2017-12-16T13:02:33Z,110097,1986-03-09,2,2002-04-14,4,0,0,5,1987-03-01,1987-03-01,13,16,2012-07-01,60,1,13,3,,5,12000,10000
1043732,2017-12-16T08:08:40Z,109894,1985-02-01,1,2001-11-26,4,0,0,5,2012-01-01,2012-01-01,9,11,2015-01-01,2,1,6,3,11,1,25000,16000
1038162,2017-12-15T17:10:12Z,109639,1990-05-23,2,2007-01-19,4,0,0,4,1994-08-01,1994-08-01,9,11,2016-03-01,7,1,2,1,9,1,7000,5000
1044657,2017-12-16T12:52:45Z,110056,1988-11-06,2,2013-12-05,4,0,0,5,2005-02-01,2005-02-01,6,8,2016-02-01,10,1,13,1,,6,6000,3000
1045887,2017-12-16T20:08:29Z,110319,1991-10-21,2,2007-12-20,2,1,7,1,1991-10-01,1991-10-01,6,8,,0,5,,,,6,2500,1000
1043414,2017-12-16T04:19:31Z,109857,1981-04-28,2,2013-01-29,2,2,13,4,1981-04-01,1981-04-01,4,6,2000-01-01,18,1,7,1,4,7,12000,5000
1037165,2017-12-15T13:24:12Z,109319,1982-10-15,2,2000-04-03,1,2,6,1,1989-09-01,1989-09-01,1,2,2017-09-01,10,1,6,5,,5,4800,2100
1045521,2017-12-16T17:07:04Z,110128,1995-09-23,2,2011-12-10,4,0,0,1,2017-01-01,2002-03-01,9,27,2017-10-01,3,1,11,4,,6,8700,6000
1045599,2017-12-16T17:41:47Z,110237,1988-06-07,2,2004-07-05,4,0,0,1,1996-09-01,1996-09-01,19,23,2017-01-01,3,1,1,5,9,1,8000,3000
1045500,2017-12-16T17:03:48Z,72840,1996-10-25,2,2013-05-21,2,0,,1,1996-11-01,1996-11-01,14,17,2016-02-01,2,1,12,5,,5,6000,1500
1045128,2017-12-16T15:07:45Z,110176,1995-09-16,1,2013-03-27,3,1,4,4,2007-07-01,2007-07-01,18,22,2017-02-01,1,6,12,6,,3,8000,4000
1044783,2017-12-16T13:18:36Z,110110,1998-08-27,2,2014-10-23,4,0,0,1,2016-09-01,2016-09-01,8,10,,1,4,,,11,2,2500,1000
1043993,2017-12-16T09:30:12Z,109855,1995-06-23,2,2011-07-04,4,0,0,1,1995-06-01,1995-06-01,13,16,2016-07-01,3,1,11,6,,6,9600,7400
1039043,2017-12-15T22:44:13Z,109799,1997-02-27,2,2013-05-08,4,0,0,1,1997-02-01,1997-02-01,9,11,2017-03-01,9,1,1,3,,6,300,300
1044764,2017-12-16T13:13:10Z,59056,1997-07-01,1,2013-08-02,4,0,0,1,2003-03-01,2003-03-01,6,8,2016-10-01,2,1,8,4,,6,4000,1000
1044705,2017-12-16T13:01:20Z,109489,1979-08-11,2,2009-02-14,3,1,6,1,2016-04-01,1986-01-01,21,25,2002-09-01,19,1,2,2,9,1,9500,1500
1044993,2017-12-16T14:12:52Z,89848,1994-12-26,2,2011-11-28,4,0,,5,2005-08-01,2005-08-01,9,11,2017-10-01,5,6,8,2,,6,6000,4500
1044605,2017-12-16T12:38:30Z,109610,1995-02-20,1,2011-05-12,1,0,0,5,1995-07-01,1995-07-01,9,11,,5,5,,,,3,2000,1000
1044417,2017-12-16T11:38:53Z,110023,1978-03-10,1,2012-02-10,3,2,20,5,1996-09-01,1996-09-01,12,15,2000-01-01,15,3,12,4,,6,5000,1400
1044595,2017-12-16T12:37:29Z,109982,1981-09-20,2,2009-04-11,3,1,1,5,1999-12-01,1999-12-01,3,4,2015-06-01,10,6,6,5,,6,9100,4000
1045906,2017-12-16T20:20:14Z,110331,1986-04-03,1,2002-06-07,4,0,0,1,2002-06-01,2002-06-01,12,15,2016-03-01,10,1,11,5,,6,5500,2500
1045094,2017-12-16T14:49:29Z,72892,1982-09-08,2,1999-03-04,2,1,10,5,1982-09-01,1982-09-01,11,14,2011-08-01,14,1,6,5,4,1,7000,1500
1045231,2017-12-16T15:29:18Z,110194,1989-10-01,2,2005-10-20,3,1,1,5,2010-04-01,2000-03-01,8,6,2017-06-01,10,1,7,6,9,1,15000,7000
1043928,2017-12-16T09:09:59Z,109917,1985-01-30,2,2001-09-18,3,1,7,5,2012-12-01,1988-04-01,13,16,2012-09-01,10,1,12,5,4,2,15000,5000
1044272,2017-12-16T10:53:43Z,109979,1974-05-27,2,2016-02-24,4,0,0,2,2005-05-01,2005-05-01,2,3,2010-01-01,7,1,13,5,,6,8500,1500
1045640,2017-12-16T18:09:06Z,110274,1992-09-02,2,,4,0,0,4,2017-05-01,2009-10-01,8,10,2017-11-01,5,1,12,6,4,7,17000,12000
1044181,2017-12-16T10:29:29Z,109965,1996-09-07,2,2013-04-10,4,0,0,1,1996-12-01,1996-12-01,9,11,2017-03-01,3,6,2,4,5,2,8000,4000
1043704,2017-12-16T08:02:13Z,109890,1996-10-30,1,2013-09-04,4,0,0,5,1996-11-01,1996-11-01,7,9,2017-05-01,0,1,12,3,,6,5000,2000
1045801,2017-12-16T19:28:49Z,110310,1990-11-15,2,2006-12-12,4,0,0,5,1990-11-01,1990-11-01,8,10,2015-02-01,5,1,7,5,6,2,140000,1e+05
1044825,2017-12-16T13:34:28Z,110115,1991-12-26,2,2008-04-10,3,1,1,4,2016-10-01,2016-10-01,18,22,2015-12-01,3,1,12,3,11,1,15000,6000
1046044,2017-12-16T21:36:21Z,39994,1989-10-11,1,2006-01-01,3,2,2,5,2014-10-01,2014-10-01,17,21,2015-10-01,9,3,12,6,4,1,8000,1000
1043306,2017-12-16T00:34:27Z,109821,1998-09-23,1,2014-12-12,4,0,0,1,2017-05-01,2017-05-01,3,4,2017-06-01,1,1,6,3,,3,4000,4000
1044699,2017-12-16T13:00:03Z,110033,1986-04-28,2,2009-11-06,4,0,0,4,1988-01-01,1988-01-01,3,4,2005-04-01,12,3,3,3,4,2,8000,3000
1044687,2017-12-16T12:57:03Z,110036,1990-04-24,1,2009-12-17,3,1,5,5,2009-01-01,2009-01-01,1,2,2015-01-01,8,1,5,5,11,1,7000,1000
1044760,2017-12-16T13:12:20Z,12541,1989-01-08,2,2005-11-18,4,0,,1,2007-11-10,2007-11-10,9,11,2015-01-10,5,3,3,3,6,1,7000,2000
1043714,2017-12-16T08:04:23Z,109889,1988-11-02,2,2005-07-20,1,0,0,5,2015-03-01,2015-03-01,9,11,2015-01-01,10,1,7,1,,6,9600,1500
1037899,2017-12-15T16:03:06Z,109600,1992-04-27,2,,1,0,0,1,2017-07-01,2006-10-01,9,11,2017-05-01,7,6,13,5,4,1,10000,8000
1043969,2017-12-16T09:26:04Z,109076,1981-08-09,2,1997-10-28,4,1,8,4,1981-08-01,1981-08-01,21,25,2013-09-01,15,1,11,3,9,1,6800,5000
1044694,2017-12-16T12:58:48Z,29121,1992-03-21,2,2009-02-03,4,0,0,1,1992-03-01,1992-03-01,11,14,2016-11-01,1,3,13,5,11,1,9000,10
1044867,2017-12-16T13:43:08Z,110121,1993-04-07,1,2011-03-18,4,0,0,3,1993-04-01,1993-04-01,12,15,2015-05-01,2,1,12,3,,6,5000,3000
1043422,2017-12-16T04:44:02Z,109858,1987-06-28,2,2012-11-27,4,0,0,4,2015-02-01,2015-02-01,6,8,,5,4,,,6,1,5000,2000
1045561,2017-12-16T17:29:14Z,110253,1993-07-29,1,2016-12-24,3,0,0,5,1993-08-01,1993-08-01,12,15,2017-02-01,4,6,12,3,6,1,6000,2000
1045273,2017-12-16T15:41:28Z,110188,1979-05-02,1,2012-10-24,5,1,20,5,2012-09-01,2012-09-01,19,23,2016-03-01,12,6,12,6,,5,4300,3800
1044851,2017-12-16T13:40:19Z,110123,1992-04-14,2,2017-06-10,4,0,0,1,1992-05-01,1992-05-01,4,6,2015-10-01,6,3,12,6,11,2,5000,3500
1046041,2017-12-16T21:34:47Z,16562,1975-01-04,2,1998-03-26,4,0,,5,2001-07-10,2001-07-10,3,4,2001-09-10,15,1,6,5,,6,5500,3500
1044411,2017-12-16T11:37:58Z,108493,1995-06-12,2,2013-07-05,4,0,0,5,2015-04-01,2015-04-01,9,11,2017-07-01,1,1,11,1,4,1,6000,5000
1043543,2017-12-16T06:48:59Z,75203,1996-10-06,2,2012-11-08,4,0,0,1,2017-04-01,2012-11-01,23,4,2017-04-01,3,1,2,1,,6,7000,6000
1036736,2017-12-15T11:44:23Z,75015,1989-06-06,2,2005-09-25,4,0,0,5,2004-09-01,2004-09-01,3,4,2008-08-01,10,1,6,5,11,2,8000,6000
1044215,2017-12-16T10:37:22Z,109972,1997-02-21,2,2013-07-16,4,0,0,1,2016-05-01,2016-05-01,13,16,2016-09-01,1,1,12,3,11,2,12000,9000
1044650,2017-12-16T12:50:10Z,108968,1990-09-19,2,2008-02-13,4,0,0,1,1996-03-01,1996-03-01,21,25,2016-02-01,6,6,2,4,,6,3200,1700
1044765,2017-12-16T13:13:26Z,103536,1997-01-09,2,2013-05-31,4,0,0,4,2016-09-01,2016-09-01,18,22,2016-10-01,2,1,11,2,11,2,6500,6500
1044488,2017-12-16T12:02:01Z,110000,1962-01-16,1,2001-01-22,5,1,29,5,1988-09-01,1988-09-01,13,16,2014-11-01,36,1,12,2,,6,10000,1100
1046028,2017-12-16T21:29:20Z,75556,1988-05-20,2,2004-12-28,4,0,0,5,1988-05-01,1988-05-01,8,10,2017-07-01,10,1,11,3,,6,8000,6000
1043770,2017-12-16T08:22:51Z,109616,1993-03-21,2,2009-08-12,4,0,0,1,2016-09-01,1999-01-01,6,25,2015-03-01,3,1,2,5,,5,13500,8000
1045377,2017-12-16T16:17:44Z,110196,1959-02-22,2,2008-05-31,3,1,24,5,1979-06-01,1979-06-01,6,8,,30,2,,,,6,5000,3000
1045728,2017-12-16T18:46:00Z,110277,1984-03-18,2,2002-02-02,4,0,0,5,1997-02-01,1997-02-01,8,10,,15,5,,,4,1,15000,4000
1044317,2017-12-16T11:09:11Z,110001,1999-10-12,2,2015-11-26,4,0,0,5,2000-03-01,2000-03-01,16,20,2017-07-01,2,1,2,5,1,2,7200,4000
1043911,2017-12-16T09:05:49Z,109911,1995-08-05,2,2011-12-07,4,0,0,1,2016-06-01,2016-06-01,3,4,2017-07-01,1,1,6,5,11,1,5000,4000
1043373,2017-12-16T02:23:26Z,109845,1991-08-05,2,2008-02-05,4,0,0,1,1991-08-01,1991-08-01,23,27,2017-05-01,5,6,3,6,4,1,7000,5000
1044016,2017-12-16T09:40:47Z,109903,1981-07-30,2,1999-05-05,1,0,0,1,1986-02-01,1986-02-01,23,27,2001-02-01,16,1,2,5,,5,8000,3500
1044794,2017-12-16T13:22:18Z,77913,1999-08-28,2,2015-10-22,4,0,0,1,1999-10-01,1999-10-01,9,11,,1,4,,,,6,7500,3500
1046063,2017-12-16T21:54:04Z,110362,1987-02-26,2,2003-04-15,3,0,0,5,1987-03-01,1987-03-01,3,4,2005-06-01,12,1,6,4,,6,7500,5000
1045366,2017-12-16T16:15:27Z,9625,1996-05-13,2,2012-07-24,4,0,,1,1996-05-10,1996-05-10,14,17,2016-04-10,1,1,4,2,11,2,4700,3000
1043645,2017-12-16T07:30:37Z,104387,1983-05-15,2,1999-11-19,4,0,0,1,2013-07-01,1988-04-01,13,9,2017-09-01,12,1,6,2,4,1,10000,4000
1045415,2017-12-16T16:32:32Z,110210,1981-04-16,2,1997-08-21,4,0,0,5,1986-04-01,1986-04-01,8,10,,11,5,,,11,1,7000,5000
1044063,2017-12-16T10:00:57Z,109947,1981-10-13,2,1998-06-26,3,0,0,1,2002-01-01,2000-01-01,6,8,2002-01-01,17,1,13,6,4,2,7000,3500
1038979,2017-12-15T22:15:09Z,109793,1975-05-22,2,2000-03-24,4,0,0,3,2000-03-01,2000-03-01,20,24,2011-05-01,15,3,12,6,4,1,3700,1700
1045646,2017-12-16T18:11:04Z,110263,1988-11-16,2,2005-01-11,4,0,0,5,1997-09-01,1997-09-01,11,14,2017-12-01,0,3,9,5,4,1,7000,4000
1044618,2017-12-16T12:41:15Z,110078,1999-06-03,2,2015-06-27,4,0,0,2,2000-06-01,2000-06-01,23,27,,4,4,,,,5,7640,2500
1037890,2017-12-15T16:01:15Z,109602,1991-10-18,1,2012-10-02,3,1,1,5,2016-01-01,2014-11-01,9,11,2013-06-01,6,1,12,2,,6,10000,6000
1038548,2017-12-15T19:08:57Z,109684,1993-05-14,1,2009-08-04,4,0,0,1,2016-12-01,1993-05-01,11,9,2015-12-01,2,1,12,3,6,1,9000,8000
1031204,2017-12-14T22:24:20Z,109175,1995-12-19,2,2012-03-22,3,1,1,1,2005-02-01,2005-02-01,9,11,,3,4,,,9,2,6000,3000
1036447,2017-12-15T10:30:31Z,109250,1991-07-04,2,2014-12-26,3,0,0,1,1991-07-01,1991-07-01,22,26,2014-05-01,4,1,2,4,7,1,10000,3000
1036858,2017-12-15T12:15:49Z,109439,1995-02-16,2,2011-03-31,4,0,0,3,2003-02-01,2003-02-01,16,20,2016-02-01,5,1,12,3,,6,7700,2000
1038795,2017-12-15T20:45:47Z,89328,1985-06-11,2,2003-05-15,4,0,0,1,2003-05-01,2003-05-01,20,24,2005-03-01,12,1,4,2,10,1,9000,2500
1029824,2017-12-14T14:22:09Z,108912,1988-08-28,2,2005-01-14,4,1,4,1,1988-08-01,1988-08-01,23,27,2014-06-01,10,3,3,2,,6,15000,5000
1036046,2017-12-15T08:42:06Z,109302,1994-04-18,2,2010-11-12,4,0,0,5,2010-08-01,2010-08-01,3,4,2012-08-01,5,6,3,1,,5,7000,4000
1029093,2017-12-14T10:58:09Z,108786,1974-03-11,2,1999-10-21,3,1,16,4,1974-03-01,1974-03-01,23,27,2006-01-01,15,3,12,6,,6,10000,50000
1035971,2017-12-15T08:18:50Z,85535,1986-04-21,2,,3,1,8,5,2010-04-01,2010-04-01,21,25,2015-03-01,8,1,3,4,11,1,6500,2500
1036782,2017-12-15T11:59:35Z,109343,1984-08-09,1,2000-10-25,4,0,0,1,1984-08-01,1984-08-01,19,23,2007-01-01,12,1,11,4,9,1,10000,2000
1037261,2017-12-15T13:41:12Z,109479,1990-11-12,1,2012-10-25,3,2,2,1,2017-07-01,2017-07-01,8,10,2016-02-01,4,1,12,4,6,2,6000,2000
1037016,2017-12-15T12:46:10Z,106810,1998-02-24,2,2014-04-17,4,0,0,1,1998-02-01,1998-02-01,3,4,2017-08-01,0,1,6,5,,6,8000,3500
1038510,2017-12-15T18:53:58Z,109536,1994-03-17,1,2010-04-27,1,0,0,4,1994-04-01,1994-04-01,18,22,,3,5,,,,6,6000,4000
1036151,2017-12-15T09:05:44Z,109309,1995-02-02,2,2011-03-22,4,0,0,5,1995-02-01,1995-02-01,21,25,2016-01-01,5,1,2,5,11,2,10000,5000
1031244,2017-12-14T23:26:39Z,109192,1983-11-22,2,1999-11-23,4,0,0,1,1983-12-01,1983-12-01,3,4,2004-08-01,14,1,2,1,11,1,5000,4000
1037263,2017-12-15T13:41:26Z,90548,1977-07-16,1,1996-03-30,3,1,16,5,1977-07-01,1977-07-01,9,11,2016-04-01,16,1,6,4,,6,4600,4500
1038620,2017-12-15T19:33:20Z,108078,1989-12-17,1,2005-12-22,1,0,0,3,2007-11-01,2007-11-01,21,25,,6,5,,,,6,7000,1000
1037987,2017-12-15T16:22:11Z,109613,1999-01-24,1,2015-06-20,4,0,0,1,2014-09-01,2014-09-01,2,3,2017-10-01,1,6,5,4,,6,4500,1000
1036451,2017-12-15T10:31:34Z,109362,1979-03-08,2,2001-05-28,2,0,0,5,1991-08-01,1991-08-01,3,4,2017-05-01,20,3,3,3,11,1,8000,5000
1038120,2017-12-15T16:59:54Z,109634,1996-08-31,2,2013-01-12,4,0,0,1,2012-09-01,2012-09-01,14,17,,5,4,,,11,2,5000,3000
1035567,2017-12-15T01:13:54Z,109212,1991-04-21,2,2016-08-23,4,0,0,4,2006-08-01,2006-08-01,20,24,,2,4,,,4,1,5000,3000
1038431,2017-12-15T18:36:40Z,109693,1984-10-21,1,2013-02-05,3,1,4,5,1984-10-01,1984-10-01,8,10,2017-05-01,8,1,11,3,4,2,10000,2000
1035711,2017-12-15T06:07:34Z,49470,1986-10-01,1,2009-12-16,3,2,9,5,1986-11-10,1986-11-10,8,10,2017-08-01,14,1,12,3,9,1,7500,500
1038369,2017-12-15T18:23:01Z,109683,1992-11-23,1,2014-05-06,2,1,3,5,2015-12-01,1992-11-01,3,4,2012-12-01,5,1,10,3,6,7,11000,9000
1035524,2017-12-15T00:23:19Z,92398,1983-09-27,1,,4,0,0,3,2017-10-01,2014-11-01,8,12,2017-10-01,12,3,11,6,10,7,20000,7000
1035946,2017-12-15T08:13:12Z,109281,1993-04-03,2,2009-09-24,3,1,2,5,2015-01-01,2015-01-01,14,17,2016-07-01,1,1,6,1,,6,5300,4100
1037611,2017-12-15T15:06:56Z,109219,1996-01-02,2,2012-04-26,4,0,0,1,2017-03-01,2017-03-01,17,21,2017-03-01,9,1,2,4,10,2,9800,5000
1037421,2017-12-15T14:21:05Z,79631,1988-08-03,2,2005-01-04,3,2,4,1,1988-08-01,1988-08-01,1,2,2015-05-01,15,1,11,6,,6,8000,5000
1028685,2017-12-14T08:52:01Z,108706,1992-08-26,2,2009-02-11,4,0,0,1,2009-11-01,2009-11-01,3,4,2014-06-01,3,1,6,5,,5,9000,4000
1036382,2017-12-15T10:17:40Z,109340,1994-06-11,2,2011-01-19,4,0,0,2,2000-02-01,2000-02-01,9,11,2017-10-01,5,1,11,1,11,1,20000,10000
1038631,2017-12-15T19:38:16Z,109709,1987-02-13,2,2003-02-21,3,2,5,5,2015-05-01,2003-02-01,8,16,2015-07-01,10,1,3,3,,6,11000,6000
1037693,2017-12-15T15:20:31Z,109575,1996-07-09,2,2012-07-18,4,0,0,5,1999-03-01,1999-03-01,8,10,2016-01-01,2,1,12,1,,6,17000,6000
1035676,2017-12-15T05:38:10Z,109245,1990-07-18,2,2006-11-22,3,0,0,1,2016-06-01,2016-06-01,8,10,2015-08-01,10,1,2,5,10,1,20000,7000
1036955,2017-12-15T12:35:34Z,109461,1997-12-26,2,2014-02-26,4,0,0,5,1997-12-01,1997-12-01,20,24,2017-04-01,2,1,6,5,11,2,4000,1000
1037292,2017-12-15T13:49:16Z,109494,1986-10-23,1,2003-02-11,4,1,6,1,1986-10-01,1986-10-01,13,16,2009-04-01,8,1,12,3,,6,6000,3500
1036084,2017-12-15T08:49:39Z,109304,1977-05-05,1,2001-01-25,3,2,20,5,2001-02-01,2001-02-01,5,7,2004-02-01,15,1,12,5,,6,10000,5000
1036721,2017-12-15T11:42:44Z,109409,1990-10-26,2,2006-12-05,1,0,0,1,1990-12-01,1990-12-01,4,6,,5,5,,,,6,2500,1500
1031165,2017-12-14T22:02:33Z,109170,1994-09-30,2,2011-01-20,4,0,0,3,2016-10-01,1999-04-01,8,5,2016-05-01,1,1,12,1,4,1,16000,8000
1036143,2017-12-15T09:02:50Z,109306,1981-12-20,2,2016-11-25,3,1,3,4,2016-08-01,2016-11-01,16,4,2016-05-01,12,1,6,1,4,7,20000,20000
1038823,2017-12-15T21:04:23Z,109755,1961-06-30,1,2007-02-24,2,1,32,5,1988-04-01,1988-04-01,4,6,2014-04-01,20,1,11,5,4,1,10400,3400
1035954,2017-12-15T08:16:34Z,109209,1986-10-11,2,2004-09-23,4,0,0,3,1986-12-01,1986-12-01,8,10,2014-01-01,4,1,11,3,6,1,10000,5000
1037228,2017-12-15T13:32:12Z,109403,1990-08-21,2,2007-01-23,4,0,0,1,1990-08-01,1990-08-01,20,24,2017-09-01,9,1,13,2,11,1,15000,5000
1038804,2017-12-15T20:48:01Z,109757,1970-11-27,2,2009-08-11,3,1,22,5,1990-10-01,1990-10-01,16,20,2016-07-01,20,1,3,5,,6,7000,4000
1036289,2017-12-15T09:49:31Z,84672,1994-10-17,1,2015-01-14,3,1,2,1,2014-09-01,2000-08-01,6,8,2015-03-01,4,6,12,3,,6,3000,1000
1037093,2017-12-15T13:07:18Z,109483,1985-12-11,1,2007-01-11,2,1,11,4,2015-04-01,2007-01-01,9,15,2013-09-01,15,1,12,6,9,2,13500,6500
1036830,2017-12-15T12:11:54Z,97517,1980-09-19,1,2003-08-07,4,2,14,5,1999-03-01,1999-03-01,3,4,2007-02-01,13,1,2,4,4,1,8000,3000
1038560,2017-12-15T19:13:36Z,109699,1990-05-18,1,2008-03-06,3,0,0,3,2008-03-01,2008-03-01,18,22,2010-01-01,7,1,11,3,4,1,8500,3000
1038825,2017-12-15T21:05:46Z,109761,1987-03-13,2,,4,0,0,5,1993-03-01,1993-01-01,11,14,2017-06-01,6,1,7,5,6,1,9000,6000
1028920,2017-12-14T10:06:30Z,86939,1988-02-24,2,2004-05-26,3,0,0,1,1988-01-01,1988-01-01,3,4,2009-09-01,8,1,6,5,11,1,10000,2000
1037231,2017-12-15T13:32:40Z,108787,1995-09-21,1,,3,2,3,5,1995-10-01,1995-10-01,18,22,,3,5,,,,6,4000,1000
1036508,2017-12-15T10:49:47Z,109357,1958-12-10,1,2002-11-23,5,1,36,5,2016-02-01,2016-02-01,7,9,1983-09-01,40,1,2,4,9,1,2550,2300
1037856,2017-12-15T15:51:59Z,94268,1999-07-25,2,,4,0,0,4,2006-06-01,2006-06-01,8,10,2017-10-01,2,1,12,6,,5,10000,2500
1035507,2017-12-15T00:07:33Z,109198,1985-08-01,1,2013-07-23,2,1,14,5,1988-06-01,1988-06-01,9,11,2015-08-01,9,1,11,1,6,2,8000,5000
1023410,2017-12-13T18:52:02Z,108512,1985-09-24,2,2016-04-06,4,0,0,5,1985-09-01,1985-09-01,19,23,2017-12-01,10,1,12,6,11,2,6000,2000
1038875,2017-12-15T21:24:59Z,22795,1995-06-17,2,1995-06-21,4,0,,5,2000-01-10,2000-01-10,16,20,1970-01-01,4,4,,,4,1,3800,1500
1031252,2017-12-14T23:34:10Z,109191,1992-09-17,2,2008-11-10,4,0,0,2,1992-09-01,1992-09-01,15,18,2014-03-01,3,1,3,3,2,1,13000,5000
1038352,2017-12-15T18:19:00Z,109674,1985-07-22,2,2010-12-11,3,2,10,2,2012-09-01,2012-09-01,14,17,2017-01-01,10,6,3,4,,6,8000,6000
1035537,2017-12-15T00:47:09Z,109205,1999-04-14,2,,4,0,0,1,2004-04-01,2004-04-01,3,4,2017-07-01,0,1,6,3,,5,6000,2900
1037748,2017-12-15T15:28:19Z,50744,1991-02-22,1,2012-09-12,3,1,0,1,1991-02-10,1991-02-10,18,22,2017-06-10,1,1,12,5,,5,5000,2000
1037128,2017-12-15T13:13:31Z,6785,1993-08-09,1,2009-09-29,4,0,,5,1993-08-10,1993-08-10,9,11,2014-05-10,5,1,8,4,,6,6000,1500
1037237,2017-12-15T13:34:26Z,109497,1999-07-08,2,,4,0,0,3,2008-01-01,2008-01-01,20,24,2014-09-01,1,3,12,6,,6,5000,5000
1031191,2017-12-14T22:13:53Z,109172,1996-03-19,1,2012-03-24,4,0,0,5,2014-07-01,2014-07-01,3,4,2016-05-01,2,1,11,3,,6,6000,5000
1036187,2017-12-15T09:19:06Z,104044,1983-10-26,2,,3,1,1,1,1983-10-01,1983-10-01,7,9,2017-11-01,12,1,12,3,,6,12000,6500
1035556,2017-12-15T01:06:06Z,109208,1992-08-19,1,2008-12-15,1,0,0,5,1992-08-01,1992-08-01,15,18,2014-05-01,7,6,12,6,8,1,5000,3000
1037862,2017-12-15T15:52:13Z,99810,1986-03-14,2,2013-02-20,3,3,9,1,2005-07-01,2005-07-01,20,24,2008-08-01,11,1,1,4,,6,8500,1000
1036912,2017-12-15T12:27:46Z,109369,1980-04-03,1,2002-09-27,3,2,7,5,2003-01-01,2003-01-01,22,26,2017-10-01,17,1,12,1,,6,7000,5000
1036670,2017-12-15T11:29:57Z,109396,1994-06-25,1,2010-11-09,4,0,0,5,2015-06-01,2015-06-01,16,20,2017-08-01,5,1,2,3,9,1,4500,1000
1036839,2017-12-15T12:12:28Z,109429,1991-01-01,1,2008-06-03,1,0,0,1,2016-09-01,2016-09-01,3,4,2014-09-01,3,1,13,3,,6,6000,2000
1037381,2017-12-15T14:10:47Z,109486,1987-10-06,1,,3,2,7,1,2006-06-01,2006-06-01,12,15,,3,5,,,10,1,3,3
1035595,2017-12-15T02:02:43Z,109220,1994-01-20,2,2011-08-05,4,0,0,5,2013-05-01,2013-05-01,12,15,2015-12-01,2,1,2,1,4,7,8300,4000
1037163,2017-12-15T13:23:47Z,109500,1990-01-29,1,2012-10-11,2,2,9,1,2006-01-01,2013-05-01,18,22,2015-01-01,10,1,12,3,,6,6500,2000
1036067,2017-12-15T08:46:27Z,109287,1984-06-09,2,2002-02-05,4,0,0,1,1995-06-01,1995-06-01,16,20,2009-05-01,15,1,6,1,11,1,4000,2000
1036316,2017-12-15T09:54:52Z,109333,1980-08-13,2,1997-01-27,1,1,1,1,2010-10-01,2010-10-01,18,22,2014-10-01,20,1,1,5,1,1,12500,4000
1030016,2017-12-14T15:13:06Z,52372,1988-06-17,2,2005-06-01,4,0,,1,2000-05-10,2000-05-10,16,20,1970-01-01,10,5,,,6,2,10000,3000
1030866,2017-12-14T19:48:32Z,109121,1982-09-06,2,1999-01-12,3,2,15,1,2008-04-01,1982-09-01,13,16,2008-02-01,14,1,6,4,,6,10000,3000
1023222,2017-12-13T17:52:58Z,55031,1982-12-10,1,2016-11-23,3,1,1,5,2016-09-10,2000-01-10,3,4,2012-01-01,5,1,6,5,,6,7200,2500
1028828,2017-12-14T09:34:25Z,108724,1996-03-22,1,1996-06-25,4,0,0,4,1997-08-01,1997-08-01,3,4,2017-06-01,3,1,6,5,,6,8500,4000
1030424,2017-12-14T16:48:05Z,109026,1964-04-13,1,1999-03-30,3,2,25,5,2008-09-01,2008-09-01,7,9,1986-11-01,36,1,2,3,2,1,9000,3500
1023867,2017-12-13T23:26:47Z,107980,1994-10-13,2,1994-11-05,4,0,0,1,2016-10-01,1995-02-01,6,8,2017-05-01,5,1,12,5,,6,9000,3500
1030377,2017-12-14T16:32:41Z,109011,1998-04-22,1,2014-05-08,4,0,0,5,2014-08-01,2014-08-01,16,20,,0,4,,,,6,890,550
1028181,2017-12-14T02:53:44Z,108646,1998-12-11,2,2015-02-06,4,0,0,1,2015-02-01,2015-02-01,3,4,,0,4,,,,6,2400,2200
1023773,2017-12-13T21:50:46Z,108594,1987-02-21,2,2003-02-21,3,1,4,5,2012-12-01,2012-12-01,3,4,2013-03-01,7,1,8,4,7,1,7000,3000
1028103,2017-12-14T00:10:49Z,108617,1988-03-23,2,2004-10-11,3,0,0,4,1988-03-01,1988-03-01,7,9,2017-05-01,9,3,13,5,,6,10000,5000
1028761,2017-12-14T09:19:10Z,108701,1989-01-17,1,2008-06-20,1,1,10,1,2004-12-01,2004-12-01,9,11,2010-12-01,6,1,12,3,,5,7000,2000
1030375,2017-12-14T16:32:33Z,108936,1990-01-21,1,2016-09-09,4,1,6,5,2007-11-01,2007-11-01,6,8,2017-09-01,5,1,2,3,4,2,6800,3500
1028251,2017-12-14T05:20:51Z,105437,1988-08-18,2,2004-08-19,1,0,0,5,1988-08-01,1988-08-01,8,10,2015-04-01,9,1,11,3,9,1,14000,7000
1028891,2017-12-14T09:56:49Z,108728,1963-10-03,1,2000-04-10,4,1,17,3,1998-12-01,1998-12-01,21,25,1994-03-01,28,1,12,6,3,1,8000,4000
1023840,2017-12-13T22:56:35Z,108035,1978-03-08,1,2011-04-07,1,1,21,5,1996-12-01,1996-12-01,12,15,2012-04-01,15,3,12,6,,6,6000,6000
1023853,2017-12-13T23:13:33Z,108614,1992-08-11,1,2015-03-05,2,1,3,1,1997-02-01,1997-02-01,14,17,2012-03-01,7,3,11,6,4,2,12000,8000
1030094,2017-12-14T15:35:19Z,108981,1996-02-19,2,2012-05-07,1,0,0,5,2014-09-01,2014-09-01,8,10,,2,4,,,11,2,3000,2700
1030485,2017-12-14T17:07:34Z,109037,1989-08-16,2,2007-08-20,4,0,0,1,2001-04-01,2001-04-01,1,2,2011-10-01,8,1,5,2,,6,6000,2000
1023821,2017-12-13T22:32:47Z,108601,1988-02-13,1,2009-12-08,4,1,7,1,2007-07-01,2007-07-01,10,12,,10,5,,,,6,13000,6000
1023839,2017-12-13T22:55:46Z,108613,1996-06-19,1,2015-05-23,3,1,2,1,2015-06-01,2015-06-01,4,6,2016-03-01,10,1,2,5,,6,8000,3500
1030055,2017-12-14T15:23:05Z,59048,1984-02-17,2,2007-11-21,3,0,,5,2000-03-10,2000-03-10,21,25,2014-03-10,12,1,7,1,4,2,14000,3800
1029555,2017-12-14T13:04:37Z,108854,1987-12-30,1,2004-02-05,4,0,0,1,2010-08-01,2005-08-01,8,5,2017-04-01,12,1,4,1,6,1,13000,6000
1030554,2017-12-14T17:31:49Z,109047,1973-10-20,2,2009-02-09,2,0,0,1,2009-11-01,2009-11-01,9,11,,10,5,,,,6,10000,2000
1029424,2017-12-14T12:31:32Z,108834,1981-10-22,2,1997-12-16,3,1,2,1,2017-08-01,2015-04-01,12,8,2017-08-01,3,1,1,5,,6,8000,3000
1029910,2017-12-14T14:37:45Z,102639,1993-05-18,1,2012-09-06,3,2,5,5,2012-09-01,2012-09-01,3,4,2017-09-01,5,1,12,6,,6,5000,1500
1029051,2017-12-14T10:48:47Z,67947,1996-08-03,2,2012-09-19,4,0,,1,2013-08-10,2013-08-10,15,18,2017-03-10,0,6,12,2,2,2,8000,4000
1028703,2017-12-14T09:00:24Z,88434,1996-11-20,2,2013-03-13,4,0,,4,1997-06-01,1997-06-01,3,4,2017-08-01,3,1,6,5,,6,8500,4000
1029034,2017-12-14T10:45:41Z,78331,1989-05-06,1,2016-09-28,3,2,10,1,2014-04-01,2007-09-01,21,25,,3,5,,,,6,3000,1300
1021392,2017-12-13T08:34:25Z,108115,1982-08-11,1,2000-02-19,1,3,18,1,1982-08-01,1982-08-01,6,8,2010-02-01,15,3,3,6,,5,7000,4000
1028731,2017-12-14T09:09:31Z,108721,1994-03-24,1,2010-05-11,1,2,4,1,2012-02-01,2012-02-01,14,17,,4,5,,,11,2,4000,4000
1029927,2017-12-14T14:43:45Z,108944,1991-03-31,1,2007-09-13,4,0,0,5,1998-05-01,1998-05-01,15,18,2016-07-01,5,1,12,6,,6,5000,3000
1029906,2017-12-14T14:36:26Z,108903,1983-03-07,2,2000-02-16,4,0,0,1,1983-03-01,1983-03-01,19,23,2013-12-01,15,1,11,3,4,1,6000,2500
1030742,2017-12-14T18:50:02Z,109098,1996-03-16,2,2012-07-12,4,0,0,1,2014-07-01,2012-01-01,10,12,2014-06-01,4,3,7,6,11,2,7000,2500
1028512,2017-12-14T08:03:06Z,108679,1992-02-02,2,2008-04-21,3,1,2,5,2016-10-01,2016-10-01,21,25,2017-04-01,6,3,3,3,,6,8000,3000
1029301,2017-12-14T11:58:11Z,108817,1988-08-10,2,2004-11-18,1,3,5,5,1988-08-01,1988-08-01,2,3,2016-01-01,10,1,3,1,,6,3800,1500
1029359,2017-12-14T12:09:59Z,103056,1966-04-27,2,2011-04-28,1,0,0,5,2011-03-01,2011-03-01,13,16,2015-05-01,15,6,12,4,,6,12000,7000
1029800,2017-12-14T14:16:05Z,108925,1989-06-24,2,2006-06-30,4,0,0,5,2000-05-01,2000-05-01,13,16,,1,5,,,,6,5000,2000
1028829,2017-12-14T09:34:27Z,108727,1995-12-28,2,2016-03-11,4,0,0,1,1995-12-01,1995-12-01,4,6,,2,5,,,,6,5000,1500
1028467,2017-12-14T07:31:28Z,108678,1983-11-11,2,2009-05-08,4,0,0,5,2002-07-01,2002-07-01,3,4,2016-10-01,8,1,2,5,,6,17000,3000
1030343,2017-12-14T16:25:30Z,109002,1994-12-27,1,2015-06-12,3,1,2,1,2010-01-01,2010-01-01,15,18,,5,5,,,,6,12000,5000
1030666,2017-12-14T18:20:17Z,109071,1991-07-31,2,2014-04-02,3,1,1,1,1991-07-01,1991-07-01,2,3,2016-02-01,2,6,3,5,4,7,18000,12000
1029206,2017-12-14T11:31:40Z,108807,1957-07-04,1,2002-09-12,2,0,0,5,1988-06-01,1988-06-01,3,4,,30,2,,,,6,3000,2000
1029150,2017-12-14T11:19:51Z,108797,1987-11-27,1,2009-04-22,3,4,8,1,2008-04-01,1987-12-01,2,3,,0,5,,,,6,2400,1000
1029496,2017-12-14T12:47:17Z,108850,1983-03-22,1,2004-07-07,1,1,15,5,1998-05-01,1998-05-01,21,25,2017-06-01,12,1,12,3,4,7,5000,2500
1030290,2017-12-14T16:10:10Z,108999,1987-07-10,2,,3,1,4,4,2006-04-01,2006-04-01,14,17,2016-08-01,12,1,3,3,4,2,15000,7000
1029695,2017-12-14T13:49:20Z,108883,1999-03-31,2,2015-06-03,4,0,0,5,2009-09-01,2009-09-01,13,16,2017-09-01,1,6,7,3,11,2,10000,4000
1029004,2017-12-14T10:38:58Z,106932,1983-09-21,2,2010-03-10,4,0,0,5,2006-07-01,2006-07-01,20,24,2013-04-01,10,1,11,6,9,1,5800,3500
1029003,2017-12-14T10:38:56Z,108776,1996-02-21,2,2012-03-01,4,0,0,1,1996-02-01,1996-02-01,11,14,2015-02-01,2,1,6,2,4,2,9000,5000
1029608,2017-12-14T13:18:49Z,90750,1982-02-19,1,2011-06-15,3,0,0,1,2014-12-01,2014-12-01,14,17,2014-10-01,10,1,11,3,4,1,8000,1000
1030628,2017-12-14T18:05:55Z,74304,1972-04-17,2,1998-02-04,3,0,,1,2015-03-01,1984-07-01,19,23,2011-04-01,10,6,7,2,10,2,5600,2300
1023797,2017-12-13T22:17:28Z,108603,1997-08-23,2,2013-11-08,4,0,0,5,1997-08-01,1997-08-01,19,23,,1,5,,,,6,5000,3000
1030907,2017-12-14T20:05:03Z,109128,1996-03-28,2,2015-12-21,4,0,0,1,2004-07-01,2004-07-01,22,26,2015-06-01,2,1,3,3,8,2,10000,6000
1030197,2017-12-14T15:51:41Z,108979,1975-01-08,1,2000-03-13,3,1,25,1,2013-02-01,2013-02-01,9,11,2002-02-01,15,3,12,6,,5,25000,15000
1030850,2017-12-14T19:39:11Z,106674,1995-07-11,1,2012-07-17,4,1,3,1,2000-09-01,2000-09-01,13,16,2015-05-01,3,6,12,6,,5,5000,3000
1030320,2017-12-14T16:17:28Z,106539,1993-05-06,2,2013-11-28,1,0,0,3,2010-02-01,2010-02-01,12,15,2015-06-01,6,3,13,6,,6,12000,5500
1031074,2017-12-14T21:19:14Z,109154,1980-12-09,2,2000-07-05,4,0,0,4,2010-07-01,2010-07-01,13,16,2017-05-01,1,1,12,1,,5,20000,15000
1030323,2017-12-14T16:17:54Z,108998,1992-05-09,2,2008-07-17,4,0,0,5,1994-05-01,1994-05-01,3,4,2016-04-01,8,1,12,6,,6,15000,10000
1030460,2017-12-14T16:59:30Z,39327,1994-11-16,2,2011-04-21,4,0,0,5,2011-05-01,2011-05-01,1,2,,4,5,,,8,1,10000,10
1029182,2017-12-14T11:26:14Z,108808,1991-06-07,2,2007-12-10,3,1,2,5,1991-06-01,1991-06-01,2,3,2015-01-01,5,1,3,1,9,1,150000,5000
1028233,2017-12-14T05:09:33Z,77004,1999-10-29,2,,4,0,0,1,2017-08-01,2017-08-01,3,4,,1,4,,,9,2,1000,200
1029671,2017-12-14T13:39:42Z,102594,1999-10-30,1,,4,0,0,1,2017-06-01,2017-06-01,15,18,,1,4,,,,5,1000,800
1028569,2017-12-14T08:20:26Z,108228,1986-07-29,1,2012-04-21,2,1,5,5,2017-12-01,1994-08-01,8,5,2016-10-01,7,3,4,6,6,1,6000,5000
1023466,2017-12-13T19:12:24Z,108518,1995-04-23,1,2015-05-08,3,3,5,1,2013-08-01,2013-08-01,12,15,2014-03-01,6,3,5,6,,6,4000,3500
1029232,2017-12-14T11:38:35Z,74482,1975-07-04,2,2012-09-26,2,0,0,5,2012-09-01,2012-09-01,4,6,,15,5,,,11,2,4500,2000
1028325,2017-12-14T06:34:08Z,86587,1993-08-15,1,,3,0,0,1,2014-03-01,2014-03-01,16,20,2015-05-01,6,1,8,6,,6,3700,1000
1029270,2017-12-14T11:51:09Z,108683,1983-07-28,1,2000-02-05,4,0,0,5,1983-07-01,1983-07-01,9,11,2015-07-01,11,1,12,6,4,1,8800,4350
1023122,2017-12-13T17:31:05Z,108451,1983-08-13,2,2000-10-12,3,0,0,5,2014-06-01,2000-10-01,8,14,2015-07-01,14,1,11,3,6,1,10000,3000
1023655,2017-12-13T20:41:06Z,108563,1992-10-27,1,2008-12-02,1,1,1,1,1995-05-01,1995-05-01,8,10,2014-09-01,7,1,3,5,4,1,10000,4000
1021706,2017-12-13T10:09:26Z,108164,1989-07-18,1,2016-02-24,1,3,10,1,2015-08-01,2015-08-01,19,23,2016-05-01,0,3,12,6,,6,6000,2000
1021639,2017-12-13T09:51:52Z,106647,1982-06-24,1,2000-12-07,3,2,16,1,2000-11-01,2000-11-01,18,22,2012-11-01,4,1,8,5,,6,4200,1400
1021620,2017-12-13T09:47:42Z,105668,1987-08-01,1,2005-05-30,4,1,10,1,2017-05-01,2007-06-01,9,15,2008-09-01,9,1,12,4,,5,5000,1500
1021151,2017-12-13T06:45:37Z,108079,1988-07-12,1,,3,1,8,5,1990-09-01,1990-09-01,9,11,2016-04-01,8,1,2,4,4,1,20000,1000
1021023,2017-12-13T04:03:39Z,108057,1989-03-08,2,2005-04-13,1,0,0,3,1991-05-01,1991-05-01,9,11,2016-07-01,9,1,6,1,,5,7000,4000
1016662,2017-12-12T22:08:55Z,107998,1982-10-09,2,1999-04-09,2,0,0,4,2017-02-01,1999-07-01,6,8,2017-07-01,19,3,13,6,,6,6000,3000
1021887,2017-12-13T11:14:31Z,108036,1989-08-02,2,2005-10-06,4,0,0,1,2005-10-01,2005-10-01,6,8,2017-10-01,7,1,6,1,4,1,12000,5500
1021827,2017-12-13T10:52:03Z,108209,1990-03-08,1,2012-10-09,3,1,4,5,2016-11-01,2016-11-01,4,6,2016-06-01,8,1,5,5,6,1,3200,200
1023759,2017-12-13T21:44:42Z,108578,1990-04-25,1,2006-10-03,4,0,0,1,2001-01-01,2001-01-01,3,4,2017-03-01,6,1,12,4,,6,4100,3500
1022743,2017-12-13T15:25:45Z,108385,1995-04-17,2,2011-06-06,4,0,0,1,2014-06-01,1995-04-01,9,13,2017-01-01,2,1,12,5,,6,20000,15000
1022729,2017-12-13T15:23:06Z,108326,1993-10-30,2,2010-12-17,4,0,0,5,1998-10-01,1998-10-01,22,26,2017-05-01,7,1,6,1,,6,7000,3500
1022390,2017-12-13T13:57:14Z,89309,1998-05-18,1,,3,0,0,1,2014-04-01,2014-04-01,5,7,2017-08-01,0,1,10,1,11,2,5000,3000
1016011,2017-12-12T17:12:48Z,62805,1984-08-02,2,2001-06-01,3,1,7,1,2011-10-01,2011-10-01,4,6,2011-10-01,13,1,2,1,,6,3800,1000
1023485,2017-12-13T19:21:04Z,108520,1991-06-14,1,2007-08-07,4,0,0,5,1991-06-01,1991-06-01,11,14,2016-07-01,7,1,12,6,11,2,7700,1500
1023235,2017-12-13T17:55:41Z,108430,1996-08-16,2,2012-09-27,4,0,0,5,2015-06-01,2015-06-01,3,4,2017-10-01,1,1,6,4,9,1,8000,4000
1021231,2017-12-13T07:26:08Z,107963,1979-09-23,2,1995-11-18,3,1,13,5,1979-09-01,1979-09-01,14,17,2013-08-01,19,3,3,3,,5,6500,5000
1021501,2017-12-13T09:11:40Z,108141,1991-05-09,2,2007-12-18,3,0,0,5,2017-05-01,2017-05-01,15,18,2012-07-01,5,1,12,4,,6,8000,4000
1020920,2017-12-13T00:21:46Z,62043,1973-04-27,1,1998-10-21,2,1,16,5,1989-07-01,1989-07-01,10,12,2012-12-01,27,1,2,2,4,1,4500,10
1001926,2017-12-10T23:13:00Z,106872,1990-12-15,2,2015-08-26,1,0,0,5,1990-12-01,1990-12-01,8,10,2017-03-01,1,1,5,4,4,1,5000,12000
1022231,2017-12-13T13:12:26Z,108283,1983-03-27,2,1999-06-09,4,0,0,1,1987-02-01,1987-02-01,9,11,2015-03-01,10,1,11,1,4,1,6500,3000
1022602,2017-12-13T14:53:39Z,108362,1992-04-03,2,2008-05-21,4,0,0,4,1992-04-01,1992-04-01,12,15,2016-02-01,5,1,1,5,,6,70000,3000
1023677,2017-12-13T20:52:02Z,108570,1983-07-17,1,2007-11-20,3,3,2,5,2001-04-01,2001-04-01,12,15,2007-08-01,14,1,3,4,4,2,10000,3200
1020959,2017-12-13T01:35:40Z,108044,1992-06-21,2,2015-03-03,3,1,2,1,1992-02-01,1992-02-01,9,11,2016-06-01,7,3,13,6,,5,7000,3000
1015435,2017-12-12T14:52:11Z,107719,1970-03-18,1,2004-09-22,1,5,17,5,2012-07-01,1988-05-01,14,17,,8,5,,,,5,4500,5200
1021028,2017-12-13T04:09:13Z,108051,1989-05-13,2,2006-04-24,4,0,0,1,1989-05-01,1989-05-01,9,11,2006-08-01,8,1,2,1,9,1,8500,4500
1020972,2017-12-13T01:47:37Z,108040,1991-02-17,2,2014-06-05,4,0,0,4,2007-07-01,2007-07-01,3,4,2016-12-01,8,1,13,6,,6,9000,2500
1022736,2017-12-13T15:25:09Z,107833,1998-10-24,1,2014-12-10,1,0,0,5,2001-04-01,2001-04-01,3,4,,4,4,,,6,2,3400,2000
1021429,2017-12-13T08:45:40Z,57372,1984-07-12,2,2001-01-25,4,0,,4,2001-01-10,2001-01-10,8,10,2013-07-01,12,1,11,6,11,1,4500,4000
1023272,2017-12-13T18:04:48Z,78537,1984-02-11,2,2000-12-22,3,2,8,5,1985-09-01,1985-09-01,5,7,2014-09-01,4,1,12,6,9,1,6000,4000
1021633,2017-12-13T09:50:31Z,81803,1975-07-09,2,1998-03-21,3,2,19,5,1975-07-01,1975-07-01,5,7,2016-04-01,18,6,3,6,,6,8000,6000
1021963,2017-12-13T11:35:04Z,108241,1998-08-23,1,2014-09-09,4,0,0,5,2001-06-01,2001-06-01,13,16,2016-09-01,1,3,8,6,7,2,7000,4000
1015190,2017-12-12T13:48:14Z,52305,1983-07-20,1,2005-05-05,3,1,7,1,2001-01-10,2001-01-10,19,23,2006-04-10,11,1,10,2,,6,4000,1800
1021735,2017-12-13T10:19:09Z,108178,1986-05-11,2,2003-03-28,4,0,0,1,2003-03-01,2003-03-01,2,3,,10,5,,,,5,8000,2000
1023125,2017-12-13T17:31:49Z,108448,1956-05-08,2,1996-09-27,1,3,38,2,2014-11-01,2014-11-01,6,8,,42,2,,,6,1,7500,5500
1022112,2017-12-13T12:37:53Z,108268,1988-08-28,1,2004-10-15,3,0,0,1,2015-01-01,1996-08-01,9,23,2016-02-01,11,3,12,6,4,1,8000,2000
1022162,2017-12-13T12:52:08Z,108293,1988-04-10,1,2007-11-01,3,2,7,1,1993-06-01,1993-06-01,9,11,2017-09-01,12,1,5,5,4,2,7700,2500
1023468,2017-12-13T19:12:51Z,18515,1994-10-30,2,2014-02-20,4,0,0,1,2016-01-01,1994-01-01,8,25,2017-04-01,4,1,13,1,11,2,9000,3000
1016667,2017-12-12T22:10:05Z,93472,1986-09-29,2,2013-08-15,4,0,0,5,1993-03-01,1993-03-01,19,23,2014-09-01,7,1,6,1,,6,5350,2700
1023318,2017-12-13T18:15:29Z,108463,1987-09-04,1,2005-08-17,2,2,12,5,2001-01-01,2001-01-01,19,23,2005-09-01,12,3,11,6,,6,4000,2000
1022797,2017-12-13T15:33:16Z,91536,1979-03-18,2,1996-04-18,3,3,13,5,2007-03-01,2007-03-01,6,8,2000-12-01,17,1,6,5,11,1,10000,5000
1022503,2017-12-13T14:23:13Z,103371,1981-03-16,1,1998-08-21,3,2,18,1,1981-03-01,1981-03-01,21,25,2006-12-01,15,1,2,4,4,1,8000,1500
1023120,2017-12-13T17:30:34Z,108435,1991-09-12,2,2008-09-05,4,0,0,1,1994-07-01,1994-07-01,20,24,2012-06-01,0,6,11,6,,6,3200,1500
1021623,2017-12-13T09:48:45Z,108162,1982-05-03,2,2016-11-16,4,0,0,5,2006-08-01,2006-08-01,8,10,2017-07-01,12,1,5,4,6,1,8500,5500
1022941,2017-12-13T16:16:09Z,107941,1991-01-09,2,2007-03-12,3,1,4,4,1997-01-01,1997-01-01,19,23,2014-02-01,3,3,3,6,,6,5600,2800
1022482,2017-12-13T14:18:14Z,74270,1995-01-21,2,2011-02-22,4,0,0,5,2010-01-01,2010-01-01,11,14,2017-08-01,2,1,10,4,10,1,7000,2000
1023198,2017-12-13T17:49:10Z,108475,1994-09-28,2,2010-11-11,4,0,0,1,2014-10-01,2009-05-01,9,13,2016-09-01,3,1,7,2,,6,9000,3000
1021421,2017-12-13T08:44:34Z,107750,1999-04-06,2,2015-05-20,4,0,0,4,2007-04-01,2007-04-01,22,26,,1,4,,,,3,3000,1000
1022573,2017-12-13T14:44:10Z,108346,1990-09-25,2,2006-12-06,2,0,0,1,1990-09-01,1990-09-01,19,23,2013-01-01,7,1,1,5,,6,8900,2000
1016691,2017-12-12T22:26:10Z,62763,1996-06-08,2,2012-06-28,4,0,0,1,2013-09-01,2013-09-01,20,24,2017-02-01,1,1,12,5,3,2,7000,3500
1022393,2017-12-13T13:57:40Z,108335,1985-08-26,2,2001-10-27,3,1,1,5,2013-09-01,2013-09-01,3,4,2007-11-01,10,1,12,1,11,1,10000,6000
1023092,2017-12-13T17:17:45Z,106682,1970-12-26,2,2007-02-07,2,1,22,4,2014-06-01,2014-06-01,6,8,1993-10-01,25,3,3,6,11,2,5000,4000
1022864,2017-12-13T15:52:17Z,108394,1996-05-20,2,2012-08-29,4,0,0,1,2005-09-01,2005-09-01,23,27,2015-06-01,2,1,12,3,,6,7000,4000
1006170,2017-12-11T01:54:19Z,106891,1971-04-05,2,1999-08-04,4,3,22,5,2002-10-01,2002-10-01,3,4,2016-01-01,25,1,6,5,,5,8000,4000
1022493,2017-12-13T14:20:06Z,108343,1989-07-29,2,2005-09-27,3,0,0,3,2016-08-01,2016-08-01,10,12,2016-04-01,8,1,12,3,9,1,8000,5000
1022296,2017-12-13T13:32:40Z,108306,1984-07-10,1,2007-05-11,3,1,10,1,2015-02-01,2015-04-01,13,16,2009-09-01,8,1,2,5,6,1,10000,4000
1021812,2017-12-13T10:49:27Z,98496,1990-05-16,2,2006-08-22,4,0,0,5,1991-05-01,1991-05-01,18,22,2017-01-01,5,1,13,5,11,2,7000,1000
1021595,2017-12-13T09:42:14Z,108154,1988-07-01,1,,3,1,2,5,2011-04-01,2011-04-01,6,8,2011-06-01,8,1,6,4,,6,7000,3000
1023152,2017-12-13T17:41:30Z,27467,1987-12-21,2,2004-03-23,3,2,8,1,1987-12-10,1987-12-10,9,11,2006-06-10,13,3,3,6,,3,9000,3000
1023657,2017-12-13T20:41:19Z,108545,1993-08-08,2,2009-10-09,4,0,0,1,2013-05-01,2005-07-01,8,23,2016-01-01,4,1,11,2,,6,9000,4000
1022019,2017-12-13T11:59:29Z,108251,1988-02-23,2,2004-06-29,3,2,4,1,2014-09-01,1988-02-01,11,14,,4,5,,,9,2,9000,4000
1016128,2017-12-12T17:42:36Z,103665,1986-05-12,2,2016-06-04,1,0,0,1,2015-06-01,1986-05-01,8,25,2015-11-01,8,1,11,2,9,1,7000,3500
1021379,2017-12-13T08:30:50Z,108109,1982-08-05,2,1999-03-22,3,1,7,5,2012-01-01,2012-01-01,3,4,2017-05-01,15,1,11,4,6,1,10000,5000
1023025,2017-12-13T16:47:31Z,108427,1994-01-20,2,2010-07-15,4,0,0,1,1994-01-01,1994-01-01,1,2,2015-03-01,3,1,6,6,,3,6000,3000
1022128,2017-12-13T12:41:54Z,86254,1982-06-25,1,2000-07-03,4,0,,5,2000-07-01,2000-07-01,3,4,2017-01-01,12,1,8,5,,5,4800,1000
1023061,2017-12-13T17:04:05Z,108438,1991-11-05,2,2008-01-25,4,0,0,5,1994-10-01,1994-10-01,18,22,2017-07-01,7,1,12,4,11,1,10000,4000
1022458,2017-12-13T14:14:24Z,99989,1993-10-22,2,2015-02-19,3,1,2,1,2015-04-01,2015-04-01,10,12,2016-11-01,3,6,11,6,,6,4000,1000
1022811,2017-12-13T15:37:24Z,102382,1979-06-13,2,2016-04-20,4,0,0,4,2012-08-01,1996-03-01,22,26,2016-12-01,17,1,11,3,5,1,7000,3500
1023333,2017-12-13T18:20:04Z,61666,1995-04-27,1,2011-10-03,4,0,0,5,2014-10-01,2014-10-01,15,18,2017-11-01,5,1,12,6,,5,5000,2500
1023478,2017-12-13T19:18:14Z,107438,1987-10-12,1,2016-08-25,3,0,0,5,1987-10-01,1987-10-01,20,24,,6,2,,,4,1,5000,4000
1020961,2017-12-13T01:36:01Z,108038,1987-01-17,2,2015-06-24,4,0,0,1,1987-01-01,1987-01-01,8,10,2016-03-01,1,1,13,4,4,1,6000,3000
1021553,2017-12-13T09:26:43Z,73464,1982-03-03,1,2006-12-15,2,1,10,1,2014-05-01,1982-03-01,12,15,2016-07-01,10,1,11,5,4,1,7500,1000
1015175,2017-12-12T13:45:30Z,107728,1994-03-11,2,2010-05-18,4,0,0,1,1994-03-01,1994-03-01,11,14,2015-02-01,4,1,6,4,6,1,7000,5000
1015689,2017-12-12T15:44:21Z,104440,1979-06-25,2,1996-05-12,3,2,12,5,2003-11-01,2003-11-01,2,3,,15,5,,,9,7,4500,1500
1009339,2017-12-11T22:16:17Z,97371,1990-08-17,2,2008-10-10,2,0,0,3,2014-01-01,2014-01-01,1,2,2012-06-01,5,3,12,6,4,1,10000,3500
1009379,2017-12-11T23:10:38Z,107448,1997-10-14,2,2013-12-10,4,0,0,5,2014-07-01,1997-10-01,8,13,2017-09-01,2,1,11,2,11,2,10000,8500
1009416,2017-12-11T23:58:13Z,107450,1981-10-01,2,2006-09-02,3,1,9,5,1998-08-01,1998-08-01,21,25,2017-08-01,12,1,6,2,,6,7000,3500
1015810,2017-12-12T16:16:37Z,107817,1993-02-10,2,2009-12-04,4,0,0,1,2000-09-01,2000-09-01,4,6,2013-03-01,5,1,2,5,9,2,6900,2000
1014490,2017-12-12T10:41:56Z,107610,1953-07-21,1,1998-06-01,5,3,35,5,2007-01-01,2007-01-01,11,14,,35,2,,,6,1,3500,500
1014960,2017-12-12T12:53:00Z,107686,1995-04-25,2,2011-04-28,4,0,0,1,1995-06-01,1995-06-01,19,23,2017-04-01,3,1,6,5,11,1,4600,2000
1014762,2017-12-12T12:03:49Z,36843,1989-09-09,2,2006-04-04,4,0,0,5,2015-10-01,2003-04-01,18,22,2016-04-01,9,1,11,1,,6,10000,3000
1016015,2017-12-12T17:14:55Z,107851,1987-07-08,2,2003-12-23,4,0,0,5,2014-06-01,2014-06-01,8,10,2011-12-01,10,1,11,5,,6,10000,6000
1015141,2017-12-12T13:39:49Z,107707,1995-06-08,2,2015-11-12,4,0,0,5,1995-06-01,1995-06-01,13,16,2017-11-01,4,1,12,4,,6,6000,2000
1015293,2017-12-12T14:20:36Z,107725,1985-07-08,1,2010-07-22,2,1,11,4,2003-12-01,2016-04-01,20,24,2009-12-01,8,1,12,1,4,1,8500,5000
1006422,2017-12-11T07:38:43Z,104560,1984-12-24,2,2002-07-05,3,1,2,5,2002-06-01,2002-06-01,8,10,2016-12-01,12,1,6,4,5,1,10000,16000
1016282,2017-12-12T18:43:53Z,107916,1996-05-30,2,2012-09-21,4,0,0,1,2017-06-01,1996-06-01,18,22,2017-07-01,3,1,5,1,9,1,11000,1000
1014517,2017-12-12T10:51:39Z,84838,1979-03-17,1,1996-06-20,4,0,0,5,2010-03-01,2010-03-01,8,10,2015-02-01,15,3,11,6,9,7,16000,4500
1015784,2017-12-12T16:08:48Z,107812,1987-04-18,1,2013-11-22,2,0,0,1,2004-05-01,2004-05-01,18,22,2017-06-01,0,1,12,6,,6,4000,2500
1013654,2017-12-12T04:17:24Z,97713,1993-07-17,2,2009-09-24,3,0,0,1,2006-06-01,2006-06-01,4,6,,7,5,,,10,1,3500,2000
1016005,2017-12-12T17:11:22Z,103302,1979-04-21,2,,2,0,0,5,1980-01-01,1980-01-01,20,24,,15,2,,,,6,10000,1500
1015171,2017-12-12T13:44:32Z,64517,1990-05-21,1,2013-09-17,3,1,2,5,2012-06-01,2012-06-01,16,20,2013-02-01,7,1,5,2,,6,10000,100
1016251,2017-12-12T18:27:59Z,107906,1991-01-18,2,2015-11-13,1,1,5,1,1991-01-01,1991-01-01,12,15,2015-08-01,6,1,13,3,,6,4500,4000
1016458,2017-12-12T20:01:41Z,107952,1989-07-23,2,2005-08-11,4,0,0,1,2001-02-01,2001-02-01,3,4,2015-10-01,2,1,6,5,11,1,6500,5700
1013565,2017-12-12T00:13:38Z,107457,1991-05-10,2,2007-12-27,3,1,1,3,2013-11-01,2013-11-01,15,18,2016-05-01,1,1,3,2,,5,5000,2000
1014111,2017-12-12T08:28:16Z,98762,1971-04-04,2,,3,0,0,5,1998-10-01,1998-10-01,20,24,2014-10-01,29,1,13,4,,6,4500,3000
1016135,2017-12-12T17:45:41Z,107874,1995-02-02,2,2011-10-13,4,0,0,1,2017-09-01,2001-05-01,8,13,2017-09-01,6,1,12,3,,5,8500,2500
1006789,2017-12-11T09:21:41Z,106954,1992-05-11,2,2008-10-20,4,0,0,4,1995-05-01,1995-05-01,3,4,2013-08-01,6,1,13,5,2,2,6000,1200
1014451,2017-12-12T10:30:53Z,107596,1993-12-13,2,2010-03-11,4,0,0,1,2017-02-01,2017-02-01,13,16,2017-01-01,5,3,12,6,,6,15000,10000
1015640,2017-12-12T15:34:01Z,107275,1992-03-11,2,2008-04-01,3,1,4,4,2012-01-01,2012-01-01,3,4,2017-09-01,1,1,13,4,,6,4000,3200
1015859,2017-12-12T16:28:26Z,107808,1982-02-14,1,2000-06-27,3,1,5,5,1987-08-01,1987-08-01,8,10,1999-09-01,15,1,4,1,6,1,8200,5000
1013578,2017-12-12T00:53:56Z,107463,1989-04-21,2,2012-04-17,4,0,0,5,1993-04-01,1993-04-01,10,12,2016-01-01,5,1,12,3,,5,6000,3000
1016032,2017-12-12T17:19:30Z,107866,1993-01-28,2,2009-03-23,4,0,0,1,2009-05-01,2009-05-01,4,6,2017-09-01,8,6,6,2,11,1,6500,2000
1015265,2017-12-12T14:16:09Z,107740,1984-03-02,2,2000-04-11,3,1,2,5,1984-03-01,1984-03-01,3,4,2017-04-01,15,1,11,4,9,1,14000,14000
1013630,2017-12-12T02:13:48Z,107476,1998-09-29,2,1998-12-12,4,0,0,5,1998-09-01,1998-09-01,18,22,,0,4,,,11,2,3000,1900
1014303,2017-12-12T09:36:20Z,79686,1995-09-10,2,2012-01-02,4,0,0,1,2012-09-01,2012-09-01,15,18,2016-09-01,2,6,3,2,2,2,8000,5000
1015731,2017-12-12T15:54:27Z,107807,1989-11-12,2,2006-01-05,4,0,0,1,2011-08-01,2011-08-01,21,25,2005-08-01,10,1,11,6,,6,6000,1500
1013740,2017-12-12T06:06:41Z,107502,1997-05-13,1,2015-09-04,3,1,1,1,2015-08-01,1997-05-01,18,22,,0,5,,,,6,7000,6500
1015936,2017-12-12T16:54:58Z,107828,1976-09-24,1,2000-12-26,1,1,12,1,1994-11-01,1994-11-01,8,10,2008-05-01,20,1,10,4,,6,8500,1000
1013959,2017-12-12T07:46:24Z,107512,1986-11-20,2,2004-06-16,4,0,0,3,1986-11-01,1986-11-01,1,2,2011-10-01,7,3,12,6,,5,8000,3500
1014805,2017-12-12T12:19:17Z,107673,1992-04-14,2,2008-10-08,4,0,0,5,1992-04-01,1992-04-01,3,4,2015-09-01,5,1,4,4,,6,5000,3000
1013928,2017-12-12T07:30:59Z,102965,1994-12-15,1,2011-01-27,4,0,0,1,2017-09-01,1994-12-01,9,25,2016-09-01,5,1,10,2,6,2,4500,3000
1016117,2017-12-12T17:38:55Z,107856,1979-04-16,2,1996-02-13,3,1,13,5,2004-01-01,2004-01-01,12,15,,10,5,,,,3,5000,4000
1014352,2017-12-12T09:53:12Z,107582,1999-06-17,2,2015-07-29,4,0,0,2,2013-10-01,2013-10-01,20,24,2017-01-01,1,1,11,1,,6,10000,6000
1014147,2017-12-12T08:43:37Z,107397,1992-11-12,2,2009-03-09,4,0,0,5,2013-03-01,2007-05-01,20,24,2015-03-01,6,1,3,4,4,1,6000,4800
1014577,2017-12-12T11:08:24Z,84701,1981-03-14,1,2001-08-01,3,1,14,1,2016-11-01,2016-11-01,18,22,2007-05-01,10,1,13,5,4,7,9000,3000
1014646,2017-12-12T11:31:49Z,107617,1996-05-13,2,2012-06-08,4,0,0,4,1996-05-01,1996-05-01,18,22,2017-04-01,9,1,11,3,4,2,6000,6000
1008513,2017-12-11T17:00:45Z,107282,1993-12-05,1,2010-02-22,4,0,0,1,2016-09-01,1993-12-01,3,4,2016-07-01,2,1,11,4,10,1,5500,1000
1016028,2017-12-12T17:17:36Z,107844,1990-07-13,2,2006-08-25,4,0,0,1,2006-08-01,2012-06-01,18,22,2012-09-01,5,1,3,2,2,1,10000,8500
1014073,2017-12-12T08:10:05Z,105512,1986-02-26,1,2003-12-12,3,0,0,5,2014-09-01,1996-06-01,11,14,2009-06-01,12,1,11,1,11,1,15000,2000
1009358,2017-12-11T22:49:45Z,107442,1989-12-12,2,2006-05-16,3,1,4,5,1989-12-01,1989-12-01,3,4,2011-12-01,6,1,6,4,10,1,6500,2500
1014200,2017-12-12T08:52:00Z,107549,1994-03-05,2,2010-06-16,4,0,0,5,1996-06-01,1996-06-01,18,22,,1,4,,,9,2,3600,1500
1015877,2017-12-12T16:37:57Z,107837,1995-07-14,1,2015-03-25,1,1,2,1,2015-11-01,2015-11-01,20,24,2016-04-01,2,1,11,6,,6,4500,2000
1014978,2017-12-12T12:58:56Z,107672,1987-02-05,2,2003-08-19,4,0,0,5,1987-02-01,1987-02-01,11,14,2015-03-01,15,1,4,4,11,1,12000,10000
1014293,2017-12-12T09:30:28Z,107561,1993-02-18,2,2009-09-14,4,0,0,5,2016-03-01,2016-03-01,2,3,2016-04-01,2,1,12,5,4,1,7000,3000
1014713,2017-12-12T11:48:07Z,107647,1982-10-13,1,1999-08-19,4,0,0,1,1982-10-01,1982-10-01,14,17,2010-04-01,8,1,8,2,,5,6000,3000
1009309,2017-12-11T21:56:59Z,107432,1996-06-09,2,2012-08-27,4,0,0,5,2002-09-01,2002-09-01,15,18,2017-09-01,2,1,12,2,6,2,7000,3000
1015044,2017-12-12T13:19:21Z,107704,1986-08-05,2,2011-10-12,4,0,0,4,2010-03-01,1986-08-01,9,2,2016-09-01,11,3,12,6,,6,60000,6000
1015954,2017-12-12T17:00:44Z,107842,1998-11-18,1,2015-01-23,4,0,0,5,2017-03-01,2017-03-01,13,16,2017-11-01,1,6,12,3,7,2,5000,3900
1016214,2017-12-12T18:18:35Z,107867,1994-01-17,1,2010-03-02,4,0,0,5,2010-09-01,2010-09-01,15,18,2017-01-01,6,1,12,6,6,1,7000,2000
1015576,2017-12-12T15:22:24Z,107792,1987-06-24,2,2003-12-17,4,0,0,5,1999-10-01,1999-10-01,3,4,2010-10-01,10,1,13,5,8,1,5000,2000
1016036,2017-12-12T17:20:20Z,107862,1995-01-11,2,2011-03-10,4,0,0,1,2000-06-01,2000-06-01,8,10,2017-09-01,1,1,7,1,3,2,9000,5000
1015351,2017-12-12T14:33:07Z,107761,1982-01-15,2,1998-07-01,4,1,13,1,2015-06-01,2015-06-01,13,16,2016-06-01,17,1,11,4,,6,8000,4000
1007824,2017-12-11T13:57:12Z,106729,1990-03-13,2,2006-11-16,4,0,0,4,1990-03-01,1990-03-01,3,4,2013-07-01,7,1,13,2,,5,6200,3000
1015008,2017-12-12T13:08:41Z,107694,1989-09-11,1,2008-07-26,4,1,4,1,2015-03-01,1989-09-01,9,21,2017-08-01,6,1,12,6,,6,7000,2800
1014844,2017-12-12T12:28:07Z,107676,1999-09-20,2,2015-10-30,4,0,0,1,2015-10-01,2015-10-01,3,4,2014-07-01,3,1,11,3,,6,5500,4200
1015030,2017-12-12T13:15:25Z,107697,1994-09-20,2,2011-02-14,4,0,0,5,2013-02-01,2017-06-01,8,10,,1,4,,,9,1,8000,7000
1014923,2017-12-12T12:45:24Z,107242,1990-01-13,1,2013-12-12,3,1,9,1,2015-06-01,1990-01-01,5,11,2017-04-01,6,1,13,5,4,2,10000,5000
1015269,2017-12-12T14:16:44Z,107744,1986-06-26,2,2003-02-13,4,0,0,4,2005-02-01,2005-02-01,12,15,2010-05-01,7,3,11,6,6,1,6500,2500
1013977,2017-12-12T07:51:03Z,107535,1987-08-27,2,2005-07-05,3,2,7,4,2009-11-01,2010-07-01,17,21,2011-02-01,7,6,2,2,,6,6000,3000
1015009,2017-12-12T13:08:47Z,107689,1994-01-01,2,2010-02-18,4,0,0,1,1994-01-01,1994-01-01,3,4,2017-06-01,5,1,9,1,11,2,3000,1500
1015586,2017-12-12T15:24:15Z,107795,1985-01-15,2,2001-05-15,3,2,9,1,2009-08-01,2009-08-01,3,4,2015-05-01,10,1,13,2,9,1,9000,7000
1016356,2017-12-12T19:14:43Z,107905,1977-05-25,2,2012-10-28,3,1,4,5,2007-06-01,2007-06-01,9,11,2015-04-01,2,1,12,3,,6,8000,5000
1009411,2017-12-11T23:51:19Z,88713,1985-10-14,2,,1,0,0,5,1994-04-01,1994-04-01,16,20,2007-03-01,5,1,3,6,,6,10000,3500
1014658,2017-12-12T11:33:46Z,104133,1994-11-08,2,2011-11-09,4,0,0,1,2004-01-01,2017-05-01,11,14,2013-07-01,4,1,13,5,11,1,6000,6
1013781,2017-12-12T06:23:44Z,107509,1972-07-30,1,2006-09-21,4,1,19,1,2003-05-01,2003-05-01,8,10,2013-01-01,23,3,3,3,,6,30000,16000
1016332,2017-12-12T19:02:41Z,85401,1982-07-11,1,2016-06-02,3,2,7,3,1982-07-01,1982-07-01,18,22,2012-10-01,15,3,11,6,9,7,10000,2000
1015047,2017-12-12T13:20:09Z,101472,1988-05-25,2,2009-07-23,3,1,7,1,2004-05-01,2004-05-01,13,16,2016-08-01,11,1,12,3,,5,10000,7500
1007827,2017-12-11T13:58:52Z,68401,1990-04-16,2,2006-05-12,4,0,0,1,2000-10-01,2000-10-01,20,24,2016-09-01,1,1,3,3,4,7,15000,10
1001304,2017-12-10T16:37:14Z,101235,1955-12-10,1,2001-05-08,5,2,43,5,2010-02-01,2010-02-01,10,12,2011-10-01,36,1,12,6,4,1,8000,1500
1001374,2017-12-10T17:13:42Z,9686,1974-03-15,1,1996-01-23,3,2,23,1,2016-07-01,2016-07-01,1,2,2003-04-01,24,1,10,4,,6,3500,3000
1008457,2017-12-11T16:45:58Z,107276,1995-08-26,1,2011-09-28,4,0,0,1,2017-09-01,2014-03-01,15,18,2017-06-01,0,1,11,2,6,2,5000,1000
1006124,2017-12-11T00:33:35Z,86328,1993-03-22,2,2009-10-10,4,0,0,1,2013-09-01,1993-04-01,23,27,,1,4,,,6,2,6500,2700
1001846,2017-12-10T22:01:55Z,106827,1997-03-14,2,1997-04-16,4,0,0,5,1998-03-01,1998-03-01,11,14,2014-01-01,3,1,2,5,,6,10000,7000
1007455,2017-12-11T12:27:47Z,106837,1996-04-01,2,2012-06-26,4,0,0,1,2017-02-01,2017-02-01,3,4,2017-10-01,3,3,11,1,,6,8000,4000
1001909,2017-12-10T23:01:19Z,106868,1993-06-12,2,2009-07-02,4,0,0,1,2005-09-01,2005-09-01,14,17,2016-04-01,12,6,12,3,6,2,7000,2500
1008311,2017-12-11T16:09:03Z,107245,1990-01-17,2,2007-02-10,3,1,4,1,2009-12-01,2009-12-01,4,6,2012-06-01,6,1,2,1,6,7,8500,5000
1009219,2017-12-11T21:14:21Z,107401,1990-08-22,2,2006-12-05,4,0,0,5,1995-01-01,1995-01-01,8,10,2014-07-01,10,1,11,2,8,4,25000,15000
1008157,2017-12-11T15:22:06Z,44622,1996-07-11,2,2012-08-22,4,0,,2,2015-09-10,2015-09-10,13,16,2015-06-01,2,3,12,6,4,2,6000,2000
1006447,2017-12-11T07:52:04Z,106928,1986-04-28,2,2002-08-09,3,2,7,1,1990-04-01,1990-04-01,3,4,2011-04-01,6,1,2,1,,6,6500,3000
1006938,2017-12-11T10:05:00Z,106983,1977-07-22,2,1996-03-27,4,0,0,1,1986-05-01,1986-05-01,11,14,1998-11-01,20,1,1,5,,6,8500,4500
1009262,2017-12-11T21:26:57Z,6637,1997-02-13,1,2013-04-25,4,0,,1,1997-02-10,1997-02-10,13,16,2017-10-01,1,1,11,6,4,2,4500,2000
1008110,2017-12-11T15:03:31Z,107210,1990-08-02,2,2006-08-15,4,0,0,3,1990-08-01,1990-08-01,8,10,2009-11-01,8,3,11,6,11,1,15000,5000
1007915,2017-12-11T14:23:26Z,107173,1989-07-21,2,2006-09-14,3,1,3,1,1989-07-01,1989-07-01,11,14,2017-10-01,1,6,12,6,4,1,8000,5000
994626,2017-12-09T14:10:45Z,106253,1991-09-28,2,2013-02-07,4,0,0,1,2007-11-01,2007-11-01,3,4,2017-01-01,5,1,12,5,11,2,7000,3000
1009241,2017-12-11T21:22:52Z,107419,1993-10-15,2,2010-01-20,3,0,0,5,2017-03-01,2017-03-01,3,4,2017-12-01,0,1,5,5,8,1,6500,2500
1007157,2017-12-11T10:57:36Z,107042,1980-01-10,1,2008-01-23,4,0,0,4,2015-04-01,2015-04-01,21,25,1999-09-01,14,1,2,3,9,1,8000,1500
1006933,2017-12-11T10:04:18Z,106970,1996-08-16,2,2012-10-30,4,0,0,1,2013-09-01,2013-09-01,8,10,2017-07-01,3,1,5,2,4,1,12000,7000
1008829,2017-12-11T18:37:39Z,107351,1993-03-29,2,2009-06-02,4,0,0,1,1993-03-01,1993-03-01,16,20,2016-01-01,7,1,3,2,9,1,8000,5000
1009173,2017-12-11T20:54:41Z,107406,1999-05-22,2,2015-08-21,4,0,0,5,2012-05-01,2012-05-01,14,17,2016-05-01,1,1,2,5,,6,8000,2000
1006694,2017-12-11T08:48:12Z,20132,1993-05-10,1,1993-01-12,3,0,0,1,2015-11-10,2009-06-10,13,16,2016-04-01,1,1,8,5,11,1,6600,3000
1006821,2017-12-11T09:32:27Z,106912,1987-09-05,1,2004-03-26,4,0,0,1,1996-01-01,1996-01-01,2,3,2015-01-01,10,1,12,2,,6,6000,3000
1000667,2017-12-10T12:16:45Z,106599,1993-04-29,1,2010-03-11,4,0,0,1,1994-10-01,1993-04-01,13,16,2015-07-01,5,1,8,5,,6,8000,2500
1006940,2017-12-11T10:05:07Z,106995,1994-10-24,2,2010-12-02,1,0,0,5,1994-12-01,1994-12-01,18,22,2013-10-01,4,1,6,3,4,1,6500,6500
1007066,2017-12-11T10:38:19Z,107026,1997-04-23,2,2013-06-26,3,1,1,1,2014-06-01,2014-06-01,3,4,2017-06-01,6,1,2,5,10,2,9760,7000
1006686,2017-12-11T08:45:06Z,104310,1999-06-27,1,,4,0,0,1,1999-06-01,1999-06-01,19,23,2016-11-01,1,1,12,3,6,1,3200,1500
1009016,2017-12-11T19:48:47Z,59624,1992-04-08,1,2016-09-12,3,0,,1,2016-08-10,2015-01-10,3,4,2014-08-01,3,1,10,4,10,1,3200,1500
1007840,2017-12-11T14:00:53Z,107168,1997-02-11,2,2015-01-14,4,0,0,1,1997-02-01,1997-02-01,12,15,2016-02-01,3,1,1,5,,6,8000,3000
1008638,2017-12-11T17:32:11Z,104688,1990-11-27,1,2015-12-08,3,2,8,1,1990-11-01,1990-11-01,14,17,2017-07-01,6,6,11,2,,5,4100,2500
1007759,2017-12-11T13:45:24Z,107135,1988-06-10,2,,2,2,6,5,1988-06-01,1988-06-01,11,14,2012-03-01,12,1,3,2,,3,7600,2500
1008542,2017-12-11T17:06:11Z,107289,1982-12-01,2,2009-03-04,4,0,0,5,2008-08-01,2008-08-01,1,2,2017-05-01,8,3,7,6,4,1,6000,4000
1008408,2017-12-11T16:33:53Z,107223,1991-07-08,2,2007-08-01,4,0,0,1,2014-12-01,2014-12-01,21,25,2013-08-01,5,1,13,1,11,1,3500,3000
1006276,2017-12-11T05:58:50Z,106904,1997-06-23,1,2013-07-04,4,0,0,5,1997-06-01,1997-06-01,16,20,2017-08-01,1,6,11,4,10,2,3500,2000
1008436,2017-12-11T16:39:22Z,107263,1986-05-24,1,,3,3,7,5,2010-05-01,2010-05-01,3,4,2011-11-01,8,3,10,2,6,1,12000,10000
1006884,2017-12-11T09:50:40Z,80875,1984-05-17,1,2002-09-23,3,2,15,1,2007-10-01,2007-10-01,11,14,2016-08-01,10,6,12,4,,6,5000,3000
1007769,2017-12-11T13:47:13Z,107079,1977-11-13,2,1995-06-09,3,3,16,1,2009-02-01,1983-08-01,18,22,2015-08-01,17,1,2,6,8,1,3200,3000
1007314,2017-12-11T11:50:42Z,107069,1991-08-31,2,2007-11-09,3,0,0,1,2008-02-01,2008-02-01,6,8,2011-07-01,13,6,12,6,10,2,5000,3500
1006757,2017-12-11T09:09:26Z,42902,1998-02-18,2,2014-02-18,4,0,0,5,2014-09-01,2014-09-01,3,4,,3,4,,,10,2,5000,1500
1007825,2017-12-11T13:58:12Z,107160,1991-04-28,1,2014-05-24,4,0,0,2,2017-10-01,1991-04-01,8,25,2017-10-01,8,1,12,1,4,1,25000,12000
1006139,2017-12-11T00:52:25Z,106886,1978-12-11,2,2001-03-29,3,1,13,5,1978-12-01,1978-12-01,11,14,2013-04-01,15,3,7,6,11,1,6000,4000
1006922,2017-12-11T10:02:15Z,90948,1986-02-16,2,2014-07-24,3,0,,1,2002-10-01,2002-10-01,20,24,2004-03-01,10,1,11,6,,5,9000,1000
1006306,2017-12-11T06:32:48Z,106900,1984-08-08,1,2012-01-18,2,2,12,1,2001-02-01,2001-02-01,1,2,2011-08-01,6,1,5,6,10,1,6100,2000
1007326,2017-12-11T11:53:51Z,107059,1988-05-29,2,2004-12-30,3,1,2,3,1988-05-01,1988-05-01,9,11,2017-05-01,8,1,11,2,7,1,10000,8000
1006469,2017-12-11T07:55:29Z,104448,1987-10-06,2,2003-12-25,4,0,0,1,2017-03-01,2017-03-01,12,15,2009-05-01,8,1,1,5,11,1,8900,4000
1007770,2017-12-11T13:47:19Z,107156,1977-06-29,1,1999-02-19,2,1,18,1,1977-06-01,1977-06-01,1,2,,4,2,,,,6,4500,1600
1007962,2017-12-11T14:37:08Z,106468,1974-08-31,2,2013-08-28,2,1,16,5,2007-06-01,2007-06-01,6,8,1995-12-01,27,1,2,5,,5,11000,3000
1007506,2017-12-11T12:42:52Z,107115,1987-01-12,1,2003-11-26,4,0,0,1,1993-09-01,1993-09-01,18,22,2016-07-01,6,1,6,2,8,1,7000,5000
1006783,2017-12-11T09:18:42Z,51357,1990-12-15,2,2007-02-21,3,1,1,1,2012-09-01,2017-06-01,3,25,2017-02-01,10,1,3,3,10,1,9000,10
1007493,2017-12-11T12:38:49Z,107104,1995-02-06,1,2011-09-15,4,0,0,1,2015-12-01,2015-12-01,1,2,2014-04-01,3,1,8,2,7,1,3500,1500
1007882,2017-12-11T14:11:22Z,106170,1980-05-26,2,2008-10-20,4,0,0,4,2008-10-01,2008-10-01,3,4,2016-08-01,8,3,11,6,11,1,6000,3700
1007185,2017-12-11T11:08:23Z,107050,1994-08-26,1,2015-10-30,3,0,0,1,2015-10-01,1994-08-01,5,7,2017-01-01,7,6,4,6,,6,4000,3000
1007590,2017-12-11T13:05:41Z,107129,1984-06-02,2,2001-06-11,3,2,7,1,2012-09-01,2012-09-01,9,11,2015-07-01,16,1,2,1,1,1,11400,11400
1007648,2017-12-11T13:20:18Z,107133,1992-07-30,2,2010-02-13,3,1,2,5,2008-08-01,2008-08-01,1,2,2015-01-01,6,1,11,4,,6,4460,1500
1001716,2017-12-10T20:40:16Z,106824,1981-10-25,2,1999-09-04,3,1,10,5,1982-01-01,1982-01-01,6,8,2008-01-01,7,1,13,1,,6,10000,7000
1008382,2017-12-11T16:27:03Z,107253,1998-02-17,1,,3,1,1,1,1999-06-01,1999-06-01,16,20,2016-01-01,1,1,4,6,,6,4000,2500
1008330,2017-12-11T16:13:29Z,107249,1996-12-12,2,2015-10-15,4,0,0,1,2014-09-01,2014-09-01,21,25,2017-02-01,1,1,11,3,6,2,5000,1500
1006959,2017-12-11T10:08:28Z,106999,1987-03-16,2,2004-03-18,3,0,0,5,1998-12-01,1998-12-01,5,7,,10,5,,,4,1,8000,5000
1008784,2017-12-11T18:24:57Z,107339,1996-12-04,1,2012-12-12,1,0,0,1,2014-09-01,2014-09-01,16,20,,0,4,,,6,1,8000,4000
1008476,2017-12-11T16:51:25Z,107271,1995-10-04,1,2011-11-19,4,0,0,1,1997-04-01,1997-04-01,9,11,2015-04-01,3,1,12,3,,5,8000,6000
1008788,2017-12-11T18:27:00Z,107340,1996-03-31,1,2016-01-26,3,1,1,1,2016-02-01,2016-02-01,8,10,,1,5,,,6,2,7000,4500
1006895,2017-12-11T09:54:24Z,106997,1983-03-04,2,1999-03-22,4,0,0,1,1983-03-01,1983-03-01,22,26,,14,5,,,,6,7000,3500
1001220,2017-12-10T16:07:23Z,85814,1999-05-25,2,2015-06-23,4,0,,1,2005-12-01,2005-12-01,9,11,2016-11-01,2,1,11,1,,5,4500,4500
1006341,2017-12-11T07:09:08Z,106918,1999-06-04,2,2015-07-28,4,0,0,1,2015-03-01,2015-03-01,14,17,2017-07-01,1,1,11,1,4,2,5000,2000
1008137,2017-12-11T15:16:53Z,107212,1995-10-07,2,2011-10-19,3,1,1,5,1997-01-01,1997-01-01,22,26,2016-04-01,2,6,3,6,,6,6000,5000
1006949,2017-12-11T10:07:04Z,106994,1983-02-14,2,2009-04-07,1,2,6,3,2010-07-01,2010-07-01,6,8,2012-03-01,16,3,12,6,,6,8000,4000
1009199,2017-12-11T21:05:09Z,88555,1994-03-22,2,2010-10-01,4,0,0,1,2016-12-01,2016-12-01,9,11,2012-12-01,3,3,7,6,2,2,5000,3000
1007978,2017-12-11T14:41:00Z,107190,1996-09-18,2,,4,0,0,5,1996-03-01,1996-03-01,22,26,,0,4,,,,6,5000,2000
1001900,2017-12-10T22:49:49Z,106797,1999-11-11,2,2016-01-14,4,0,0,2,2016-02-01,2016-02-01,15,18,2016-04-01,6,3,4,3,4,2,11000,6000
1007723,2017-12-11T13:37:44Z,107145,1999-06-03,1,2015-07-01,4,0,0,1,2004-05-01,2004-05-01,8,10,2017-09-01,3,1,7,5,,6,15000,4000
1001478,2017-12-10T18:07:07Z,106765,1993-03-19,2,2009-06-06,1,0,0,5,2001-03-01,2001-03-01,3,4,2015-09-01,6,1,6,4,9,2,4500,3000
1001776,2017-12-10T21:22:00Z,103719,1994-01-25,2,2010-01-26,3,1,1,1,2000-01-01,2000-01-01,1,2,2016-12-01,7,1,11,3,10,1,6000,4500
1008140,2017-12-11T15:17:08Z,107221,1998-12-31,2,2015-02-20,4,0,0,5,2015-03-01,2015-03-01,14,17,,4,4,,,,6,2000,1500
1008575,2017-12-11T17:15:32Z,107296,1995-04-07,1,1995-10-25,4,0,0,1,2014-09-01,2014-09-01,13,16,,0,4,,,6,2,6500,5500
1007257,2017-12-11T11:34:12Z,106942,1995-05-27,1,2012-10-23,4,0,0,1,1995-05-01,1995-05-01,5,7,2014-03-01,3,1,12,6,,6,7000,4500
1006196,2017-12-11T02:42:33Z,106894,1995-12-13,2,2012-01-19,4,0,0,5,1995-12-01,1995-12-01,3,4,2015-04-01,4,1,2,5,,5,9000,9000
1007474,2017-12-11T12:34:31Z,107114,1996-04-16,2,2012-07-05,1,1,3,5,2015-03-01,2015-03-01,21,25,2016-04-01,2,6,12,1,8,2,7000,5000
1008689,2017-12-11T17:53:03Z,107321,1998-11-26,2,2015-01-20,4,0,0,1,2016-09-01,2016-09-01,11,14,,0,4,,,,5,10000,7000
1000374,2017-12-10T10:24:23Z,106545,1999-02-14,2,1999-04-02,4,0,0,1,1999-02-01,1999-02-01,1,2,2017-05-01,1,1,6,5,,6,6500,3500
1001126,2017-12-10T15:34:40Z,106695,1999-03-23,2,2016-11-10,4,0,0,4,2007-07-01,2007-07-01,16,20,2015-03-01,2,1,12,4,7,2,6000,4000
1000560,2017-12-10T11:29:15Z,106581,1954-08-26,1,1999-12-16,3,2,40,5,1995-06-01,1995-06-01,9,11,1990-04-01,27,1,10,2,3,1,9000,4000
1001074,2017-12-10T15:14:17Z,106522,1989-02-21,2,2005-06-09,4,0,0,1,1989-02-01,1989-02-01,14,17,2012-03-01,6,1,6,5,5,1,4000,4000
1000967,2017-12-10T14:30:51Z,106666,1995-02-06,2,2011-07-22,4,0,0,3,2000-04-01,2000-04-01,15,18,2016-11-01,1,1,1,4,,6,7500,7500
988364,2017-12-08T18:18:07Z,105870,1990-09-13,2,2012-04-28,3,1,3,5,1990-09-01,1990-09-01,4,6,2017-08-01,5,1,12,4,11,1,12500,10000
1001241,2017-12-10T16:15:56Z,106717,1990-01-12,2,2006-03-06,4,0,0,4,2002-05-01,2002-05-01,3,4,2017-05-01,10,3,3,3,,6,6000,4500
1001354,2017-12-10T17:06:55Z,106742,1994-03-16,2,2010-03-31,4,0,0,2,2014-04-01,2014-04-01,3,4,2016-04-01,8,1,12,5,3,2,10000,4500
1001542,2017-12-10T19:07:05Z,106254,1993-01-17,1,2015-03-10,3,1,2,5,2001-08-01,2001-08-01,21,25,2016-07-01,5,3,12,6,8,2,6000,4000
1000138,2017-12-10T08:36:06Z,106507,1981-06-24,1,2006-09-19,3,3,15,4,2006-08-01,2006-08-01,11,14,2009-12-01,12,1,2,1,9,1,8000,2500
1000132,2017-12-10T08:28:25Z,100411,1986-06-24,1,2004-01-26,1,2,12,1,2012-03-01,2012-03-01,11,14,2016-11-01,5,1,7,5,,6,6000,5000
1000592,2017-12-10T11:46:06Z,106592,1987-03-11,1,2003-09-09,4,0,0,1,2006-04-01,2006-04-01,12,15,2012-05-01,9,1,11,3,10,1,4200,2300
1000048,2017-12-10T07:51:43Z,34004,1981-09-27,2,2009-05-14,4,0,,1,1981-09-01,1981-09-01,1,2,2015-08-01,20,1,11,4,,5,6000,3000
1000333,2017-12-10T10:08:20Z,106534,1999-05-08,2,2015-06-03,1,1,1,5,2005-04-01,2005-04-01,18,22,2017-07-01,1,1,6,5,,6,4800,3900
1001096,2017-12-10T15:23:08Z,106692,1996-02-07,1,2016-08-16,3,0,0,5,2015-09-01,2015-09-01,20,24,2015-02-01,2,3,4,6,10,2,5000,3000
1000002,2017-12-10T07:32:53Z,106484,1988-02-01,2,2004-02-04,3,2,3,4,2003-07-01,2003-07-01,7,9,2012-08-01,6,1,12,3,10,2,7100,2100
1000690,2017-12-10T12:34:30Z,106548,1996-10-03,2,2012-12-19,4,0,0,5,2000-10-01,1996-10-01,8,25,,5,4,,,6,1,7000,4000
1000211,2017-12-10T09:18:17Z,106516,1984-05-17,2,2005-10-15,4,0,0,5,1984-05-01,1984-05-01,18,22,2007-01-01,10,3,7,6,,6,8000,3500
995563,2017-12-09T21:39:54Z,80304,1998-08-18,2,2014-09-15,4,0,,4,1998-08-01,1998-08-01,3,4,2016-06-01,2,3,9,6,,6,6800,2000
999813,2017-12-10T02:59:01Z,106459,1998-03-12,2,2014-04-25,4,0,0,3,2013-09-01,2013-09-01,12,15,2016-05-01,2,1,12,5,,6,7000,4000
1000229,2017-12-10T09:28:45Z,106521,1995-06-13,2,2016-03-16,4,0,0,1,1999-12-01,1999-12-01,1,2,2016-11-01,5,3,12,6,10,2,9000,4000
1001611,2017-12-10T19:30:46Z,106788,1988-10-29,1,2005-01-21,1,2,10,5,2001-06-01,2001-06-01,8,10,2016-02-01,12,6,11,3,6,2,7000,7000
1001534,2017-12-10T19:04:37Z,106782,1987-05-08,2,2004-05-05,4,0,0,1,2004-05-01,2004-05-01,20,24,2002-01-01,7,3,12,6,4,1,6000,3000
1001546,2017-12-10T19:09:09Z,38505,1994-10-24,2,2010-12-09,3,0,,1,2012-09-10,2012-09-10,3,4,1970-01-01,0,4,,,2,2,2000,1000
1000266,2017-12-10T09:43:35Z,106533,1993-01-06,2,2011-11-01,2,0,0,1,2013-02-01,2013-02-01,3,4,2017-02-01,8,1,6,2,,6,8740,2370
995673,2017-12-09T23:33:20Z,106438,1996-03-30,1,2014-05-22,3,2,2,5,2015-03-01,2015-03-01,16,20,2014-03-01,4,3,12,6,6,1,12000,4000
1000079,2017-12-10T08:06:50Z,106487,1996-06-17,2,2012-07-11,4,0,0,3,2015-07-01,2015-07-01,15,18,2015-08-01,2,1,7,4,11,2,4200,2000
1001517,2017-12-10T18:54:07Z,106776,1997-03-05,2,2015-04-07,4,0,0,1,1997-01-01,1997-01-01,22,26,,0,4,,,4,1,5000,3500
1001571,2017-12-10T19:17:36Z,106793,1994-05-06,2,2010-08-10,4,0,0,1,1994-05-01,1994-05-01,22,26,2015-10-01,3,1,2,5,,6,5000,2000
1001308,2017-12-10T16:39:54Z,106730,1996-08-21,2,2012-10-09,4,0,0,1,2007-12-01,2007-12-01,9,11,2016-10-01,3,1,11,2,4,1,6000,4500
1000834,2017-12-10T13:27:11Z,75862,1986-01-16,1,2002-07-05,4,0,,1,2015-05-01,2015-05-01,8,10,2011-02-01,7,1,8,4,7,1,20000,3000
995134,2017-12-09T17:43:28Z,106367,1987-02-11,2,,3,1,2,5,1987-02-01,1987-02-01,22,26,2009-02-01,8,1,6,3,4,1,10000,5000
999801,2017-12-10T02:41:35Z,106458,1996-06-12,2,2012-11-17,4,0,0,5,2013-09-01,2013-09-01,22,26,2017-09-01,2,1,6,5,11,1,8000,4500
1000872,2017-12-10T13:37:50Z,106645,1991-01-28,2,2007-06-26,4,0,0,4,1991-01-01,1991-01-01,13,16,2012-09-01,5,3,3,3,,6,15000,7000
1000158,2017-12-10T08:56:03Z,106513,1995-09-05,2,2012-01-14,2,0,0,1,2014-08-01,2014-08-01,18,22,2014-08-01,5,1,10,5,,6,7500,4000
1000546,2017-12-10T11:22:14Z,106564,1986-02-08,1,2013-03-01,3,0,0,5,2016-05-01,1991-11-01,9,11,2011-02-01,10,3,4,6,6,1,25000,20000
1000762,2017-12-10T13:01:23Z,106572,1984-10-26,1,2001-05-21,4,0,0,5,2017-09-01,2017-09-01,3,4,2016-12-01,8,6,5,5,,6,3000,2000
1000709,2017-12-10T12:39:40Z,106609,1983-05-10,2,1999-06-07,3,2,10,5,2009-04-01,2009-04-01,22,26,2006-10-01,13,1,2,6,4,1,7000,1500
1001724,2017-12-10T20:44:06Z,106816,1995-02-14,2,2011-03-16,4,0,0,3,1995-02-01,1995-02-01,15,18,2016-05-01,2,1,12,2,,6,5000,2500
1001818,2017-12-10T21:50:39Z,106850,1995-12-31,2,2012-01-19,3,0,0,2,1996-01-01,1996-01-01,10,12,2013-07-01,3,6,3,3,,6,7000,4500
1001753,2017-12-10T21:05:49Z,106832,1992-01-07,1,,2,0,0,5,2016-09-01,2016-09-01,23,27,2015-01-01,2,3,11,6,9,1,4000,700
1000210,2017-12-10T09:17:54Z,106518,1989-05-11,2,2005-09-07,4,0,0,1,1989-05-01,1989-05-01,2,3,2013-06-01,5,1,13,5,11,1,10000,1000
1000997,2017-12-10T14:43:39Z,106670,1991-12-21,1,2011-03-02,1,1,3,4,1991-12-01,1991-12-01,1,2,2016-11-01,3,1,13,3,,5,3500,2000
999907,2017-12-10T06:07:13Z,106026,1952-08-16,1,2010-01-12,3,2,40,5,2015-07-01,2015-07-01,9,11,,44,2,,,4,2,5000,2000
1000011,2017-12-10T07:35:04Z,106483,1991-07-20,2,2013-09-05,4,0,0,4,1991-07-01,1991-07-01,9,11,2017-02-01,8,1,13,5,10,1,15000,10000
1001738,2017-12-10T21:00:22Z,106829,1996-07-02,2,2014-09-09,4,0,0,3,2016-09-01,2016-09-01,6,8,2014-09-01,2,1,3,5,,6,3900,1100
1000669,2017-12-10T12:19:16Z,106604,1995-03-31,2,2011-05-11,4,0,0,5,1995-03-01,1995-03-01,14,17,,0,4,,,,6,3000,2000
1000339,2017-12-10T10:10:19Z,106158,1995-06-03,2,2011-07-27,1,1,1,5,2014-08-01,2014-08-01,21,25,2017-11-01,5,1,11,3,4,1,3200,2000
1001157,2017-12-10T15:47:25Z,106705,1997-12-21,2,2014-09-11,4,0,0,1,2000-12-01,2000-12-01,18,22,,3,5,,,,6,4000,1500
1000126,2017-12-10T08:26:44Z,106501,1983-11-07,1,2000-11-14,4,0,0,5,2009-04-01,2009-04-01,19,23,2006-01-01,12,1,11,6,4,1,8000,1000
1001341,2017-12-10T16:59:43Z,106734,1987-06-14,1,2004-04-22,1,2,8,1,2012-06-01,2012-06-01,8,10,2015-08-01,3,1,2,3,,5,4500,1500
1000194,2017-12-10T09:12:32Z,106517,1977-07-11,1,1999-10-20,3,1,14,5,1993-09-01,1993-09-01,22,26,2016-05-01,15,1,12,6,,5,7000,6500
1000734,2017-12-10T12:53:10Z,86293,1995-02-20,1,2011-04-19,4,0,0,1,1995-02-01,1995-02-01,4,6,2017-03-01,3,1,11,6,,6,10000,4000
1001384,2017-12-10T17:21:47Z,105218,1991-12-25,1,2008-10-08,4,0,0,1,2007-12-01,2007-12-01,13,16,2014-12-01,3,1,3,5,2,1,7000,6500
994392,2017-12-09T12:58:43Z,106214,1993-02-04,2,2009-03-12,4,0,0,1,1993-04-01,1993-04-01,8,10,2017-07-01,7,1,10,2,10,1,10000,6000
993955,2017-12-09T10:29:26Z,14048,1992-11-09,2,2009-01-26,4,0,0,5,2013-05-01,1992-12-01,18,22,2013-04-01,6,1,12,2,,6,8000,4000
995291,2017-12-09T18:59:38Z,106384,1994-08-06,2,2010-11-06,4,0,0,4,2011-08-01,2011-08-01,18,22,2017-04-01,2,6,13,5,9,7,15000,4000
994794,2017-12-09T15:10:28Z,106285,1987-08-10,1,2004-06-08,4,0,0,1,2014-10-01,1987-08-01,8,8,2016-03-01,13,1,3,6,10,1,1400,1400
993495,2017-12-09T07:57:34Z,105726,1977-01-27,1,2012-06-18,2,1,7,5,1994-03-01,1994-03-01,19,23,2007-03-01,20,1,8,1,,5,4500,1500
994058,2017-12-09T11:15:03Z,30932,1972-07-17,1,1997-11-18,3,20,26,5,2016-10-01,2016-10-01,13,16,1993-08-01,26,1,10,1,6,1,10000,3000
995161,2017-12-09T17:52:07Z,106363,1991-12-12,1,2009-08-11,4,1,8,1,2002-04-01,2002-04-01,9,11,2017-06-01,3,1,12,3,,6,7400,1000
993741,2017-12-09T09:24:30Z,106085,1990-08-11,2,2006-10-11,4,0,0,1,1990-08-01,1990-08-01,11,14,2011-01-01,8,1,6,5,4,1,8000,6000
995188,2017-12-09T17:59:45Z,106369,1988-06-24,1,2004-07-01,3,1,4,5,1992-02-01,1992-02-01,8,10,2017-06-01,7,1,12,1,4,1,9000,4000
993259,2017-12-09T05:37:23Z,106027,1956-08-03,1,2001-10-30,2,1,40,5,1973-01-01,1973-01-01,8,10,,23,2,,,11,1,3000,2500
994169,2017-12-09T11:55:30Z,106171,1978-07-21,2,,4,0,0,5,1978-07-01,1978-07-01,3,4,2014-05-01,17,1,3,6,,6,12000,5000
994213,2017-12-09T12:10:09Z,106184,1995-04-09,2,2012-02-17,4,0,0,5,2000-01-01,2000-01-01,3,4,2017-06-01,0,1,12,1,11,1,9000,3500
994411,2017-12-09T13:06:09Z,105777,1998-04-15,2,2015-02-11,4,0,0,1,1998-04-01,1998-04-01,23,27,2014-05-01,3,3,3,6,,6,10000,6000
995033,2017-12-09T16:58:43Z,106347,1994-02-22,2,2010-03-26,4,0,0,3,2017-02-01,2017-02-01,21,25,,1,4,,,9,1,6000,1000
993775,2017-12-09T09:37:26Z,106101,1980-10-24,2,2013-01-13,3,2,7,1,2000-06-01,1980-10-01,18,22,2010-06-01,15,3,3,6,9,1,7000,4000
994552,2017-12-09T13:50:49Z,106224,1989-06-13,2,2011-01-15,2,0,0,3,2015-04-01,2016-02-01,8,6,2017-07-01,8,1,11,1,4,2,11000,3500
994181,2017-12-09T12:02:21Z,106155,1991-07-08,2,2007-12-22,2,1,6,5,1991-08-01,1991-08-01,6,8,,8,4,,,,6,5200,2300
995463,2017-12-09T20:32:35Z,106396,1979-06-28,2,1996-12-30,3,1,4,5,2006-07-01,2007-01-01,8,9,2017-06-01,15,3,13,1,4,1,30000,10000
994550,2017-12-09T13:49:30Z,105917,1991-03-08,2,2007-03-09,4,0,0,1,2010-01-01,2010-01-01,3,4,2013-11-01,4,1,2,3,10,1,8000,6000
995097,2017-12-09T17:30:40Z,106360,1997-07-24,2,2013-09-16,4,0,0,1,2016-02-01,2016-02-01,17,21,,4,4,,,9,2,2500,2200
993437,2017-12-09T07:32:04Z,106041,1986-04-24,1,2004-12-10,3,2,11,5,1990-02-01,1990-02-01,4,6,2017-03-01,10,1,12,4,11,1,30000,15000
986234,2017-12-08T09:02:49Z,72246,1993-08-03,1,2009-09-03,4,1,5,1,1993-08-01,1993-08-01,23,27,2017-03-01,4,1,11,6,,6,65000,2000
994023,2017-12-09T10:57:49Z,106124,1992-09-09,2,2008-10-22,4,0,0,1,1992-09-01,1992-09-01,9,11,2010-01-01,7,1,7,6,4,2,15000,5000
994956,2017-12-09T16:15:28Z,106315,1995-05-03,2,2011-05-13,4,0,0,5,1995-05-01,1995-05-01,16,20,2015-02-01,3,1,1,5,,6,7500,5000
993645,2017-12-09T08:47:05Z,90595,1994-01-22,2,2017-02-28,4,0,0,1,1994-03-01,1994-03-01,11,14,2015-05-01,3,6,12,6,,6,6800,4300
993513,2017-12-09T08:06:27Z,106064,1994-09-23,1,2010-11-02,4,0,0,5,2016-06-01,2016-06-01,13,16,2016-03-01,5,1,11,3,10,1,11000,5000
988204,2017-12-08T17:24:10Z,105851,1986-06-18,1,2015-04-09,3,1,2,1,2014-01-01,2014-01-01,14,17,2017-03-01,10,1,6,4,,6,5860,5000
993822,2017-12-09T09:55:18Z,106109,1984-04-18,1,2011-03-17,4,3,16,5,2004-11-01,2004-11-01,21,25,2015-06-01,10,1,6,1,,3,8000,2100
994108,2017-12-09T11:36:09Z,106153,1997-04-17,2,2013-10-25,4,0,0,1,2003-05-01,2003-05-01,20,24,,0,4,,,,5,2500,1900
993459,2017-12-09T07:46:34Z,106059,1991-11-07,2,2007-12-06,4,0,0,1,1991-11-01,1991-11-01,13,16,1991-11-01,3,3,6,6,9,1,5000,1000
993338,2017-12-09T06:42:52Z,106039,1989-04-16,1,2006-05-23,4,0,0,1,2012-08-01,2012-08-01,13,16,2017-02-01,6,1,8,2,3,2,8000,6000
993287,2017-12-09T05:59:34Z,89359,1994-10-30,2,1994-09-06,1,0,0,5,2011-07-01,2011-07-01,6,8,2016-06-01,2,1,2,5,,6,8300,5000
995359,2017-12-09T19:41:08Z,106400,1993-10-03,2,2009-11-24,3,1,1,3,1993-10-01,1993-10-01,3,4,2012-11-01,6,1,2,4,,5,6300,3000
993228,2017-12-09T04:58:15Z,106021,1997-07-08,2,2014-02-06,4,0,0,1,2016-09-01,2016-09-01,18,22,,1,4,,,,5,4000,3000
989008,2017-12-08T22:59:09Z,105972,1980-04-17,2,2002-07-25,1,0,0,5,2005-09-01,2005-09-01,20,24,2014-05-01,12,6,11,3,11,2,6000,3500
994136,2017-12-09T11:42:55Z,106154,1979-11-20,2,1996-07-02,2,2,15,5,2012-02-01,2012-02-01,8,10,2008-05-01,13,3,4,6,,6,20000,15000
993471,2017-12-09T07:50:58Z,106057,1977-04-11,2,1998-07-24,2,0,0,5,2007-03-01,2007-03-01,12,15,2015-01-01,2,1,6,1,4,1,12000,6000
994606,2017-12-09T14:08:36Z,106252,1986-01-14,2,2014-09-26,1,2,5,1,2003-02-01,2014-10-01,3,4,2016-02-01,6,1,6,5,,6,6000,3500
988952,2017-12-08T22:12:04Z,105935,1959-02-04,2,2000-09-14,3,2,33,5,1962-09-01,2012-12-01,3,10,,18,5,,,11,2,8000,6000
993056,2017-12-09T00:26:05Z,105990,1996-01-18,2,2012-04-27,4,0,0,5,2014-10-01,2014-10-01,3,4,2012-05-01,4,1,11,3,,6,11000,5000
994892,2017-12-09T15:57:42Z,106308,1997-02-25,2,2013-04-09,4,0,0,3,1997-02-01,1997-02-01,12,15,2017-09-01,1,1,1,5,,6,6000,3000
993861,2017-12-09T10:05:40Z,106110,1987-10-15,1,2010-04-23,3,2,8,1,2005-03-01,2005-03-01,14,17,2008-06-01,7,1,12,3,,6,7000,4000
994445,2017-12-09T13:15:41Z,86600,1995-01-05,2,2011-10-17,4,0,,5,2001-04-01,2001-04-01,2,3,2016-04-01,5,3,8,6,7,2,7000,5500
994944,2017-12-09T16:13:04Z,106319,1988-05-09,2,2004-11-26,3,0,0,1,2016-08-01,2009-12-01,8,9,2016-07-01,7,3,7,6,3,1,30000,15000
994371,2017-12-09T12:53:49Z,106202,1990-08-06,1,2006-12-28,1,2,8,5,1990-08-01,1990-08-01,4,6,2016-01-01,1,6,13,6,,6,8,3
993901,2017-12-09T10:15:47Z,84854,1984-01-18,2,2012-10-09,4,0,0,5,1991-01-01,1991-01-01,22,26,2017-07-01,14,1,12,2,4,1,12400,3400
994919,2017-12-09T16:03:55Z,106314,1992-06-01,1,,4,0,0,5,1992-07-01,1992-07-01,13,16,,0,4,,,6,7,8000,5000
994829,2017-12-09T15:22:20Z,106289,1993-05-24,2,2010-03-03,4,0,0,5,2008-03-01,2008-03-01,8,10,2012-12-01,6,1,1,5,9,1,10000,1000
987131,2017-12-08T13:16:31Z,105655,1982-09-01,2,1999-04-01,3,0,0,3,1985-08-01,1985-08-01,6,8,2010-07-01,10,1,6,3,11,1,8000,4000
988091,2017-12-08T16:53:02Z,105828,1988-02-17,2,2004-05-19,2,1,5,3,2016-11-01,2016-11-01,14,17,2009-03-01,8,3,12,6,3,2,15000,3000
993793,2017-12-09T09:42:50Z,66338,1986-04-20,2,2003-05-05,2,1,1,1,2015-01-10,2015-01-10,9,11,2011-11-10,13,1,13,5,6,1,8000,4000
993141,2017-12-09T02:53:48Z,106006,1989-12-13,2,2005-12-28,3,1,5,5,2002-05-01,2002-05-01,7,9,2014-05-01,3,6,7,3,,3,7500,2500
993043,2017-12-09T00:04:00Z,105986,1997-05-27,2,1997-05-30,4,0,0,4,2017-03-01,2017-03-01,18,22,2016-10-01,4,3,7,6,4,2,8000,4000
993111,2017-12-09T01:46:51Z,68853,1994-09-08,2,2010-10-12,3,1,1,5,2001-08-01,2001-08-01,14,17,2013-07-10,5,1,9,5,,6,3200,2000
988998,2017-12-08T22:50:16Z,105974,1998-03-08,2,2014-04-01,4,0,0,4,2014-03-01,2014-03-01,16,20,2016-03-01,2,6,13,1,11,2,8000,3500
995074,2017-12-09T17:18:06Z,99854,1988-02-14,1,2012-09-26,2,1,4,1,1999-12-01,1999-12-01,12,15,2017-06-01,20,3,12,3,4,1,12000,8000
995322,2017-12-09T19:19:30Z,106393,1989-10-22,2,2006-04-06,4,0,0,1,1989-11-01,1989-11-01,3,4,,1,5,,,,6,6000,3000
993526,2017-12-09T08:09:39Z,106063,1995-07-27,2,2011-09-14,4,0,0,4,2014-03-01,2014-03-01,18,22,2017-06-01,1,1,2,4,1,1,8000,2000
989027,2017-12-08T23:19:47Z,86214,1987-01-17,2,2003-02-25,3,1,3,1,1987-01-01,1987-01-01,8,10,2011-01-01,6,1,7,2,11,1,15000,8000
993574,2017-12-09T08:26:35Z,106068,1998-03-08,2,2014-08-12,4,0,0,1,1998-03-01,1998-03-01,19,23,2017-02-01,2,1,12,2,,5,5000,2500
995567,2017-12-09T21:43:42Z,12094,1989-09-16,2,2006-02-17,3,0,0,1,2014-09-01,2014-09-01,11,14,2010-10-01,7,1,12,4,4,7,8000,3000
993185,2017-12-09T03:46:51Z,106013,1997-04-10,2,2013-04-10,4,0,0,3,2005-05-01,2005-05-01,23,27,2016-02-01,1,6,9,6,6,2,10000,5000
994279,2017-12-09T12:26:59Z,105223,1988-07-10,2,2005-11-11,1,0,0,5,1988-07-01,1988-07-01,7,9,2013-06-01,10,6,11,2,10,2,9000,4000
995147,2017-12-09T17:48:18Z,69439,1998-03-25,1,2014-04-25,4,0,,5,2005-08-01,2005-08-01,3,4,2016-03-01,2,1,11,1,4,2,5000,3000
995366,2017-12-09T19:44:43Z,106382,1991-05-17,2,2007-11-08,3,0,0,5,1999-07-01,1999-07-01,6,8,2016-12-01,7,1,6,3,11,1,7800,7500
988136,2017-12-08T17:06:13Z,105808,1994-04-23,2,2010-07-26,4,0,0,5,2015-08-01,1994-04-01,22,26,2017-03-01,3,1,2,4,9,1,9999,10000
988229,2017-12-08T17:30:51Z,105850,1983-09-29,1,2006-05-31,1,1,11,1,2014-08-01,2000-11-01,14,17,,3,5,,,,5,5000,3800
987616,2017-12-08T15:01:02Z,105754,1995-01-07,1,2011-06-17,4,0,0,1,2017-07-01,2017-07-01,18,22,2017-06-01,0,1,11,6,11,1,26000,17000
988693,2017-12-08T19:51:22Z,105901,1995-08-09,1,2011-12-01,4,0,0,1,1995-08-01,1995-08-01,7,9,2016-08-01,2,1,8,4,,6,3000,1200
986645,2017-12-08T11:03:45Z,105616,1993-09-13,1,2015-01-22,2,1,5,1,2000-12-01,2000-12-01,3,4,2008-10-01,9,3,11,6,6,1,15000,10000
988731,2017-12-08T20:11:58Z,105909,1992-09-24,1,2009-07-16,3,1,4,5,2015-01-01,1992-09-01,14,17,2015-01-01,7,1,11,2,,5,5000,2500
987160,2017-12-08T13:25:32Z,105689,1985-04-08,2,2001-08-14,1,0,0,1,2002-04-01,2002-04-01,3,4,2015-04-01,10,1,6,5,3,1,7000,2000
988065,2017-12-08T16:48:07Z,105246,1994-04-06,2,,3,0,0,5,2017-05-01,2000-04-01,8,11,2015-03-01,4,1,3,1,,5,12000,8000
988093,2017-12-08T16:54:01Z,105824,1968-09-13,2,1998-06-16,3,1,24,5,2011-07-01,2011-07-01,20,24,2017-09-01,25,1,6,5,6,1,6000,1000
988042,2017-12-08T16:41:43Z,105818,1993-02-25,1,2009-04-14,4,0,0,5,2002-06-01,2002-06-01,8,10,2017-08-01,1,3,8,6,9,2,8000,3000
981693,2017-12-07T23:46:12Z,105432,1992-04-28,2,2008-08-22,4,0,0,1,1997-03-01,1997-03-01,11,14,2016-02-01,2,1,2,5,9,1,8000,6500
987302,2017-12-08T14:14:11Z,105712,1995-02-05,1,,3,1,1,1,2012-08-01,1995-02-01,11,14,,5,5,,,,6,500,200
986848,2017-12-08T12:09:03Z,105628,1994-09-05,1,2011-01-06,4,0,0,5,1994-09-01,1994-09-01,21,25,2012-02-01,5,1,11,6,4,1,10000,2000
986343,2017-12-08T09:37:38Z,105557,1992-12-16,1,2009-02-27,4,0,0,5,2011-11-01,2011-11-01,13,16,2012-05-01,5,1,13,1,,5,4700,2500
986136,2017-12-08T08:42:33Z,105518,1987-03-10,2,2003-12-04,3,0,0,1,1994-09-01,1994-09-01,1,2,2007-09-01,8,1,3,4,,6,6500,5500
988510,2017-12-08T18:58:28Z,105886,1980-03-10,1,1999-06-11,4,1,18,5,1986-03-01,1986-03-01,23,27,2007-04-01,10,3,12,6,,6,7000,2000
981685,2017-12-07T23:35:12Z,105209,1990-08-09,1,2010-10-14,2,1,5,1,1990-08-01,1990-08-01,3,4,2010-03-01,7,1,8,1,,6,4440,1500
987314,2017-12-08T14:16:43Z,105732,1993-10-30,2,2010-10-31,3,0,0,5,2000-03-01,2000-03-01,13,16,2016-01-01,2,1,2,2,9,1,6000,3000
987992,2017-12-08T16:29:23Z,99005,1998-02-26,2,,4,0,0,5,1998-02-01,1998-02-01,6,8,2017-08-01,4,1,10,4,,6,8000,4500
988251,2017-12-08T17:40:29Z,105855,1986-03-08,2,2002-07-31,3,1,9,5,2017-07-01,1986-03-01,13,3,2017-07-01,11,1,3,3,,6,12000,5500
986841,2017-12-08T12:05:57Z,105629,1997-03-23,2,2013-11-26,4,0,0,5,2000-04-01,2000-04-01,3,4,2017-11-01,1,3,12,6,,6,6000,6000
985716,2017-12-08T00:17:31Z,59595,1976-03-28,2,2013-09-12,4,0,0,5,2002-12-10,2002-12-10,16,20,2013-01-10,5,1,7,1,11,1,10000,4000
988353,2017-12-08T18:12:03Z,105867,1997-01-29,2,2013-04-25,4,0,0,1,2015-02-01,2015-02-01,13,16,2016-06-01,2,6,11,4,6,2,7000,3500
986735,2017-12-08T11:30:31Z,101792,1989-01-29,2,2005-08-30,3,0,0,1,1989-02-01,1989-02-01,18,22,2012-11-01,5,1,7,5,11,1,3800,1800
986616,2017-12-08T10:56:17Z,105618,1994-11-29,1,2013-11-05,3,1,2,1,2012-05-01,2012-05-01,3,4,2017-02-01,5,1,12,1,,6,3200,1300
987560,2017-12-08T14:49:42Z,105734,1996-12-26,2,2013-07-05,4,0,0,1,1996-12-01,1996-12-01,9,11,2017-09-01,6,1,10,5,6,2,10000,4000
986408,2017-12-08T09:57:21Z,105577,1993-04-21,2,2009-04-06,4,0,0,4,1993-04-01,1993-04-01,9,11,2017-05-01,5,1,4,6,4,2,6000,2500
988717,2017-12-08T20:01:20Z,105906,1993-05-12,2,2011-09-05,4,0,0,5,1993-05-01,1993-05-01,12,15,2016-08-01,6,1,2,5,3,1,13000,7000
987184,2017-12-08T13:29:45Z,105700,1990-02-24,2,2006-07-08,3,0,0,5,2013-02-01,2013-02-01,21,25,2017-07-01,9,3,10,6,11,1,9500,5000
987008,2017-12-08T12:43:48Z,105586,1986-08-20,2,2003-05-22,3,0,0,1,2013-10-01,2013-10-01,20,24,2008-09-01,10,3,6,6,4,2,12000,5000
986029,2017-12-08T08:01:10Z,71294,1998-08-09,2,2014-12-14,4,0,0,3,2001-05-01,2001-05-01,1,2,,3,4,,,4,2,2500,850
986502,2017-12-08T10:27:49Z,74129,1995-03-23,1,2015-04-28,3,2,6,5,2012-01-01,1995-03-01,15,18,2012-02-01,5,6,12,6,,6,4000,2000
987033,2017-12-08T12:51:35Z,105662,1992-12-14,2,2009-04-14,4,0,0,4,2011-04-01,2011-04-01,14,17,2015-04-01,5,1,6,5,10,1,8000,5200
986980,2017-12-08T12:38:08Z,13437,1994-04-04,1,2015-11-28,3,1,2,1,2015-04-01,2015-04-01,18,22,2016-06-01,2,1,6,3,10,1,4000,1500
988455,2017-12-08T18:45:59Z,105768,1991-04-26,1,2014-08-22,2,0,0,1,2016-04-01,2012-02-01,18,22,2016-07-01,9,1,12,3,3,1,6500,3000
988691,2017-12-08T19:51:13Z,105895,1995-10-25,2,2012-09-25,3,1,1,5,2013-03-01,1995-10-01,9,13,2012-08-01,5,3,3,6,,3,7300,5600
987635,2017-12-08T15:04:56Z,105758,1984-02-28,2,2001-07-06,4,0,0,5,1990-01-01,1990-01-01,11,14,2016-09-01,13,3,12,6,10,1,7500,5900
988307,2017-12-08T18:00:19Z,105866,1996-06-21,2,2012-09-13,4,0,0,1,1998-06-01,1998-06-01,3,4,2017-01-01,2,1,1,5,11,2,8000,3000
987968,2017-12-08T16:22:48Z,89045,1997-03-13,2,2015-07-07,4,0,,1,1997-03-01,1997-03-01,3,4,2016-10-01,2,1,12,4,5,2,6400,4500
988026,2017-12-08T16:37:47Z,105813,1987-03-08,1,2011-11-25,3,2,6,1,2010-09-01,2015-10-01,6,8,2006-06-01,11,1,8,2,4,2,2800,2800
986075,2017-12-08T08:18:09Z,57740,1995-06-29,2,2011-08-03,4,0,,1,2017-05-10,2004-02-10,3,4,2016-09-10,4,1,1,5,,6,9000,2500
985824,2017-12-08T06:13:33Z,50617,1985-01-27,1,2010-12-21,2,1,6,5,2006-07-01,2006-07-01,8,10,2017-09-01,6,3,11,6,6,1,9000,10
988757,2017-12-08T20:20:08Z,105911,1979-07-20,2,1996-05-16,3,1,8,5,1981-06-01,1981-06-01,3,4,2005-07-01,12,1,4,3,6,1,9000,5000
981162,2017-12-07T18:56:00Z,105332,1985-03-26,1,2011-08-30,3,0,0,1,2002-09-01,2002-09-01,8,10,2005-09-01,14,1,12,1,10,1,5000,7000
988169,2017-12-08T17:13:58Z,105843,1991-02-03,1,2007-03-19,1,1,6,3,2005-08-01,2005-08-01,18,22,2017-05-01,5,6,12,6,,6,5500,2500
980843,2017-12-07T16:45:36Z,105276,1992-06-16,2,2008-10-14,4,0,0,1,2008-10-01,2008-10-01,6,8,2016-02-01,6,1,7,2,11,2,10000,4000
986916,2017-12-08T12:27:52Z,105658,1995-07-21,2,2011-09-09,4,0,0,1,2013-09-01,2013-09-01,21,25,2013-07-01,3,1,1,1,9,2,8000,5000
988657,2017-12-08T19:42:39Z,37152,1994-08-31,1,,3,1,6,5,2016-09-01,1994-10-01,9,10,2017-08-01,5,1,12,2,,5,7500,5000
987813,2017-12-08T15:46:56Z,105789,1998-01-24,1,2014-03-06,4,0,0,3,2004-09-01,2004-09-01,10,12,,0,4,,,3,2,2500,1000
986021,2017-12-08T07:58:26Z,93807,1973-11-10,1,,5,1,25,5,1996-01-01,1996-01-01,13,16,2010-01-01,20,1,12,3,4,1,11000,3500
988445,2017-12-08T18:41:28Z,105884,1989-11-01,2,2006-09-19,3,1,6,5,2000-11-01,2000-11-01,23,27,2015-10-01,7,1,13,1,,6,6000,2000
985941,2017-12-08T07:30:18Z,103918,1973-08-05,1,1996-01-24,2,1,20,1,1989-10-01,1989-10-01,11,14,2005-12-01,18,1,12,5,4,1,11350,6000
988399,2017-12-08T18:31:00Z,105879,1984-08-17,2,2001-08-24,3,1,1,1,1991-06-01,1991-06-01,1,2,2017-02-01,5,1,7,3,,6,4300,2000
987155,2017-12-08T13:24:43Z,78329,1977-03-31,2,1995-07-20,3,2,14,5,1977-03-01,1977-03-01,9,11,2013-10-01,18,1,3,4,,6,9000,1500
988599,2017-12-08T19:20:13Z,105898,1994-08-29,2,2010-11-10,4,0,0,4,1994-08-01,1994-08-01,7,9,,0,4,,,3,1,2800,800
986414,2017-12-08T09:59:32Z,105514,1987-01-09,2,2004-02-24,1,0,0,1,2017-02-01,1987-01-01,8,15,2017-02-01,9,1,13,5,,6,8500,4000
987791,2017-12-08T15:41:36Z,105781,1990-05-10,1,2015-06-10,4,0,0,1,2015-03-01,2010-08-01,8,6,2017-02-01,6,1,12,2,2,1,10000,6000
986051,2017-12-08T08:12:30Z,105496,1965-03-26,2,2013-06-20,1,0,0,5,2016-06-01,2016-06-01,2,3,2004-05-01,10,1,3,4,9,1,9000,3000
988401,2017-12-08T18:31:24Z,105880,1996-06-01,2,2012-07-12,1,1,3,1,2017-01-01,2017-01-01,3,4,2017-10-01,7,6,6,5,,6,5000,3000
985797,2017-12-08T05:18:55Z,105468,1967-11-14,2,2000-05-31,3,0,0,1,2011-11-01,2011-11-01,3,4,2016-09-01,26,1,10,2,10,1,3500,3000
986339,2017-12-08T09:36:18Z,105556,1987-01-02,2,2003-08-05,3,0,0,1,1987-01-01,1987-01-01,23,27,2007-12-01,11,1,2,2,1,1,10000,4000
986433,2017-12-08T10:04:22Z,92368,1990-11-18,1,2007-09-07,3,2,10,5,1990-11-01,1990-11-01,14,17,2016-10-01,4,3,12,6,,6,3500,1500
988882,2017-12-08T21:29:20Z,105934,1995-11-25,2,1995-01-24,4,0,0,5,2006-07-01,2012-01-01,20,24,,4,4,,,10,2,3000,1000
988380,2017-12-08T18:28:17Z,33431,1998-03-25,2,2014-04-01,4,0,0,5,1998-03-10,1998-03-10,8,10,2017-10-01,2,1,3,1,4,2,24000,6000
981644,2017-12-07T22:29:09Z,105413,1996-12-31,2,2013-02-20,4,0,0,4,2014-02-01,2014-02-01,3,4,2013-03-01,4,6,13,6,,6,8000,6000
988830,2017-12-08T20:54:54Z,105812,1985-01-03,2,2003-01-28,4,0,0,5,2015-03-01,1985-01-01,12,10,2015-02-01,10,1,1,1,,6,10000,5000
985876,2017-12-08T06:45:09Z,105479,1998-09-26,2,2015-04-18,4,0,0,1,2015-09-01,2015-09-01,18,22,,3,4,,,11,2,5000,3000
980084,2017-12-07T13:41:58Z,101318,1990-11-16,1,2011-07-21,3,2,6,1,1990-11-01,1990-11-01,20,24,,5,5,,,,6,2100,1700
980298,2017-12-07T14:34:50Z,105199,1999-04-10,2,2015-05-12,4,0,0,1,1999-04-01,1999-04-01,3,4,2017-08-01,1,6,3,3,10,2,6000,4500
980590,2017-12-07T15:41:17Z,105245,1991-03-06,2,2007-09-04,4,0,0,5,2007-09-01,2007-09-01,6,8,2015-07-01,6,1,3,4,,6,4500,3000
979357,2017-12-07T10:33:58Z,105047,1989-08-24,1,2015-06-22,2,1,2,1,2014-08-01,2014-08-01,3,4,2016-03-01,2,3,12,6,10,2,6000,3000
981484,2017-12-07T21:13:54Z,105395,1992-03-11,1,2008-04-01,4,0,0,5,1992-03-01,1992-03-01,8,10,2014-08-01,4,3,7,5,11,1,46000,15000
980220,2017-12-07T14:11:51Z,105178,1980-12-13,1,2009-08-05,3,2,17,5,2004-07-01,2004-07-01,12,15,2013-05-01,12,1,12,3,,6,5500,4000
980699,2017-12-07T16:07:00Z,89541,1973-03-05,2,2001-10-06,3,2,14,5,2001-06-01,2001-06-01,8,10,1997-03-01,20,3,7,6,11,1,8000,8000
979999,2017-12-07T13:23:06Z,105143,1989-04-20,1,2005-09-08,4,0,0,5,2013-04-01,2013-07-01,8,13,2013-05-01,10,1,12,2,6,1,10000,9000
974392,2017-12-06T21:15:58Z,104864,1965-09-29,1,2000-04-14,2,2,30,5,1981-04-01,1981-04-01,21,25,1984-08-01,34,1,8,5,,6,6500,2000
979344,2017-12-07T10:32:09Z,105045,1990-10-31,2,2015-11-17,3,1,4,4,2000-05-01,2000-05-01,11,14,2014-01-01,5,1,3,3,4,1,7000,5500
980450,2017-12-07T15:11:37Z,63908,1995-11-11,2,2012-02-10,4,0,0,1,2016-12-01,2017-08-01,6,8,2017-07-01,3,1,12,2,,5,4800,10
979676,2017-12-07T11:53:42Z,105114,1986-10-13,2,2003-01-03,3,0,0,1,1987-01-01,1987-01-01,18,22,2011-04-01,6,3,7,6,11,2,10000,2000
974499,2017-12-06T22:36:53Z,104895,1999-06-14,1,2015-08-12,4,0,0,5,1999-06-01,1999-06-01,11,14,,6,4,,,10,1,4000,3000
974530,2017-12-06T23:29:22Z,104903,1989-07-20,1,2012-03-01,3,2,4,3,2014-09-01,2014-09-01,23,27,2013-03-01,9,1,12,4,5,1,22000,14000
979813,2017-12-07T12:40:59Z,105064,1997-12-26,2,2014-04-15,4,0,0,5,2002-07-01,2002-07-01,10,12,2017-05-01,3,1,3,6,,6,10000,6000
979316,2017-12-07T10:24:52Z,105039,1994-05-27,2,2011-07-11,4,0,0,1,2005-03-01,2005-03-01,1,2,2017-04-01,1,1,2,1,5,2,7000,3000
978937,2017-12-07T08:23:41Z,104891,1992-05-05,2,2010-03-22,3,1,3,5,2008-11-01,2008-11-01,7,9,2017-07-01,6,1,7,6,,6,10000,7000
980460,2017-12-07T15:12:35Z,105205,1988-09-21,2,2004-10-12,4,0,0,3,1988-09-01,1988-09-01,15,18,2006-08-01,11,1,3,6,,6,6500,3500
978707,2017-12-07T05:41:58Z,104949,1994-05-02,2,2010-06-21,4,0,0,5,1994-05-01,1994-05-01,11,14,2013-01-01,6,3,12,6,11,2,14000,4000
980425,2017-12-07T15:07:22Z,86408,1987-04-26,1,2006-06-29,3,2,10,5,1987-04-01,1987-04-01,20,24,2016-10-01,10,1,12,2,,6,5500,1200
981253,2017-12-07T19:36:13Z,105348,1997-12-22,1,2015-04-23,4,0,0,5,1997-12-01,1997-12-01,11,14,2017-04-01,0,1,7,5,,5,5300,2000
981428,2017-12-07T20:48:09Z,105381,1982-06-04,2,2002-03-05,4,0,0,5,2007-06-01,2007-06-01,8,10,2015-05-01,6,1,12,1,,6,7500,5000
972081,2017-12-06T08:33:07Z,79199,1986-07-31,1,2006-12-21,2,1,10,5,2017-01-01,2017-01-01,10,12,2009-12-01,8,1,2,2,4,1,4800,600
979900,2017-12-07T13:00:51Z,21498,1990-01-23,2,2006-11-14,3,1,2,1,2014-05-01,1990-06-01,3,8,2013-03-01,10,1,10,3,2,1,9500,4500
974445,2017-12-06T22:00:18Z,104883,1992-07-28,1,2014-10-21,1,1,3,1,2002-10-01,2002-10-01,13,16,2015-02-01,5,3,10,6,,5,10000,1000
981270,2017-12-07T19:44:24Z,105355,1989-09-09,2,2015-10-09,4,0,0,5,2016-01-01,2010-06-01,8,2,2016-02-01,2,1,11,6,4,2,15000,7000
973965,2017-12-06T17:53:13Z,104775,1988-05-07,2,2004-11-30,4,0,0,5,1994-04-01,1994-04-01,3,4,2008-09-01,11,1,11,6,,6,6560,5100
980878,2017-12-07T16:54:31Z,105270,1994-12-10,2,2011-05-18,4,0,0,1,2012-09-01,2008-06-01,18,16,2017-02-01,0,1,1,5,9,2,9000,7000
980002,2017-12-07T13:23:42Z,96490,1995-06-22,1,2011-06-22,4,0,0,1,2012-09-01,2012-09-01,6,8,2016-07-01,2,6,8,5,7,2,4500,500
980236,2017-12-07T14:17:14Z,86130,1980-10-01,2,2004-12-11,3,0,,1,2000-07-01,2000-07-01,8,10,2011-05-01,20,1,3,1,2,1,8000,2000
978921,2017-12-07T08:19:50Z,104546,1989-02-28,1,2010-12-14,3,3,7,5,2009-01-01,2009-01-01,22,26,2009-04-01,8,6,6,6,5,2,8200,2000
978886,2017-12-07T08:03:46Z,104970,1995-04-22,2,2010-06-02,3,0,0,5,1995-04-01,1995-04-01,17,21,2016-08-01,1,1,10,2,10,1,6000,2000
979437,2017-12-07T11:03:46Z,105073,1986-06-23,2,2015-02-27,4,0,0,1,2015-08-01,2015-11-01,13,16,,12,2,,,,6,10800,4800
974463,2017-12-06T22:05:34Z,104885,1994-08-15,1,2010-10-01,4,0,0,5,1995-08-01,1995-08-01,8,10,2014-01-01,5,3,4,6,4,2,12000,8000
979683,2017-12-07T11:53:57Z,105105,1955-09-02,1,2001-09-04,4,1,36,5,1984-02-01,1984-02-01,3,4,,40,2,,,4,2,5500,3000
978978,2017-12-07T08:43:23Z,100962,1995-03-14,1,2011-12-29,4,0,0,5,2014-09-01,2014-09-01,19,23,,2,4,,,4,2,3500,2000
973359,2017-12-06T14:59:06Z,104642,1994-04-17,1,2015-10-20,3,1,2,5,2015-11-01,2015-11-01,8,10,2012-07-01,5,6,11,6,10,2,6500,1500
980237,2017-12-07T14:17:35Z,105185,1985-01-19,1,2001-10-01,4,1,10,5,1985-01-01,1985-01-01,9,11,2014-05-01,12,1,12,6,,6,4500,1500
980728,2017-12-07T16:15:23Z,105258,1995-07-30,2,2011-08-26,4,0,0,1,2015-03-01,2001-07-01,6,8,2017-04-01,5,1,13,4,,6,12000,3000
974518,2017-12-06T23:17:00Z,104899,1998-07-24,1,2014-07-28,4,0,0,5,2017-03-01,2016-05-01,3,4,2017-02-01,1,1,5,5,,6,9000,400
979564,2017-12-07T11:33:16Z,105031,1984-07-28,2,2006-12-04,4,0,0,5,1984-07-01,1984-07-01,19,23,2013-10-01,9,1,10,3,,6,3800,1500
980419,2017-12-07T15:05:15Z,105072,1996-04-25,1,2015-12-22,3,1,1,1,2015-04-01,2015-04-01,11,14,,0,5,,,,5,500,800
979538,2017-12-07T11:27:49Z,105093,1996-05-06,2,2012-07-30,4,0,0,5,2002-02-01,2002-02-01,3,4,2016-02-01,1,1,6,1,11,2,7000,4000
979371,2017-12-07T10:38:35Z,105054,1995-11-24,2,,4,0,0,5,2011-01-01,2011-01-01,3,4,2017-06-01,1,1,7,3,3,1,4500,1500
981325,2017-12-07T20:06:39Z,100666,1979-07-16,2,1995-08-22,3,1,7,4,2010-10-01,2010-10-01,10,12,1999-10-01,17,1,2,2,,5,6000,4500
972849,2017-12-06T12:41:10Z,104547,1977-06-27,2,2000-04-18,2,0,0,5,1977-06-01,1977-06-01,9,11,2015-04-01,3,1,1,5,11,2,8000,3000
980229,2017-12-07T14:15:47Z,105167,1994-01-21,2,2010-03-22,4,0,0,1,2016-11-01,1994-01-01,8,2,2016-05-01,3,1,12,4,,6,15000,3000
979131,2017-12-07T09:37:18Z,105009,1992-09-10,2,2009-03-20,4,0,0,5,2015-12-01,1992-09-01,8,8,2016-08-01,6,6,6,2,,6,7000,7000
979176,2017-12-07T09:54:20Z,105027,1998-08-04,2,2014-09-18,4,0,0,5,2017-08-01,2017-08-01,8,10,2017-07-01,1,6,12,5,6,2,6000,3000
972333,2017-12-06T10:04:13Z,44137,1991-12-30,1,2008-03-03,4,0,,1,2016-10-10,1991-01-10,8,17,2017-03-10,4,1,5,2,6,1,6000,6000
979499,2017-12-07T11:19:13Z,105070,1984-09-20,2,2001-12-12,3,2,13,5,2016-03-01,2001-12-01,13,16,2012-04-01,10,3,3,3,,5,10000,5000
981153,2017-12-07T18:52:12Z,105318,1997-08-24,2,2014-02-06,4,0,0,1,2017-09-01,2017-09-01,13,16,2016-01-01,2,1,1,5,1,1,7500,5000
981048,2017-12-07T18:00:01Z,105309,1996-05-02,2,2013-03-21,4,0,0,1,2017-12-01,2017-12-01,20,24,2017-12-01,1,1,11,4,10,2,5000,4000
980161,2017-12-07T13:58:17Z,105175,1996-02-14,1,2012-03-19,4,0,0,1,2016-05-01,2016-05-01,3,4,2016-12-01,2,1,3,5,,6,9000,2000
981551,2017-12-07T21:36:56Z,105401,1997-09-23,2,2014-01-23,1,0,0,3,2017-06-01,2017-06-01,9,11,,3,4,,,10,2,6000,3000
974556,2017-12-06T23:59:35Z,104907,1996-09-23,1,2016-06-18,1,0,0,5,1997-09-01,1997-09-01,8,10,2017-03-01,3,1,12,5,4,2,10000,8500
979601,2017-12-07T11:40:07Z,105056,1988-12-31,1,2009-07-06,1,3,8,5,2008-04-01,2008-04-01,13,16,2015-05-01,2,6,12,6,,3,6000,3500
978877,2017-12-07T08:00:06Z,35557,1993-12-14,1,2010-02-26,4,0,,1,2014-09-10,1994-01-10,3,4,2016-04-10,4,1,13,4,,6,4570,3500
979229,2017-12-07T10:05:55Z,105032,1995-03-11,2,2011-11-08,4,0,0,5,1995-03-01,1995-03-01,16,20,2016-08-01,4,1,11,6,3,1,10000,4500
974554,2017-12-06T23:57:55Z,104908,1995-03-16,2,2011-06-02,4,0,0,1,1995-01-01,1995-01-01,21,25,2015-10-01,2,1,1,5,,5,6430,8000
980910,2017-12-07T17:05:35Z,43662,1990-02-19,1,2007-05-11,4,0,,1,2017-02-10,1990-02-10,9,11,2017-06-10,4,1,13,4,6,1,8000,4000
980748,2017-12-07T16:19:10Z,105261,1976-05-15,1,1998-06-25,3,2,19,5,1992-05-01,1992-05-01,8,10,2012-05-01,15,3,7,6,6,1,18000,5000
978987,2017-12-07T08:46:26Z,104971,1994-03-10,1,2010-06-24,4,1,3,5,2007-04-01,2007-04-01,8,10,2016-04-01,6,3,7,6,,6,19700,12300
979253,2017-12-07T10:09:15Z,79919,1999-08-12,2,2015-09-22,4,0,,1,2016-10-01,2016-10-01,18,22,,1,4,,,,5,3300,2800
981050,2017-12-07T18:01:33Z,105307,1981-01-16,2,1997-08-05,2,2,12,5,1988-05-01,1988-05-01,17,21,2006-12-01,13,1,12,6,11,1,9000,1700
979520,2017-12-07T11:23:52Z,105089,1999-09-20,2,,4,0,0,1,2000-01-01,2000-01-01,1,2,,0,4,,,,6,900,700
981554,2017-12-07T21:38:46Z,105399,1997-06-18,2,2015-01-31,4,0,0,5,2015-03-01,2004-01-01,8,5,2015-02-01,3,1,7,1,11,2,13000,10000
980707,2017-12-07T16:10:14Z,105256,1986-05-18,2,2002-10-26,3,1,1,1,1996-02-01,1996-02-01,4,6,2017-09-01,14,3,12,6,,6,8500,3000
979093,2017-12-07T09:26:05Z,103503,1982-03-14,2,1998-10-20,1,2,4,3,2000-03-01,2000-03-01,21,25,2007-12-01,17,3,12,6,,6,10000,6000
979105,2017-12-07T09:30:52Z,105012,1986-10-04,1,2012-07-18,3,1,5,1,2016-04-01,1986-10-01,21,25,2015-07-01,12,1,6,4,4,2,5500,1500
980543,2017-12-07T15:28:23Z,15358,1994-09-08,2,2010-11-19,4,0,0,1,2003-12-10,2003-12-10,15,18,,0,4,,,9,2,5000,1200
979775,2017-12-07T12:32:10Z,92758,1987-07-29,1,2004-03-19,1,7,12,5,2009-10-01,2009-10-01,6,8,2014-03-01,7,3,12,6,,6,11000,7000
981259,2017-12-07T19:37:47Z,105354,1987-12-22,1,2015-05-05,3,2,11,1,2015-07-01,2015-07-01,19,23,2014-07-01,7,1,12,6,,5,10000,3600
981344,2017-12-07T20:14:03Z,105375,1989-10-27,1,2006-03-21,1,2,11,5,2005-03-01,2005-03-01,4,6,2012-01-01,10,3,13,6,,6,10000,3000
978753,2017-12-07T06:40:35Z,104959,1994-06-29,2,2011-01-28,4,0,0,5,2013-04-01,2013-04-01,2,3,2013-07-01,5,3,8,1,,6,7000,2500
979580,2017-12-07T11:35:35Z,56716,1995-04-23,2,1995-06-14,4,0,,1,2016-07-10,2017-07-10,2,3,2016-08-10,1,1,2,1,9,2,7000,3000
981077,2017-12-07T18:12:10Z,105201,1987-11-30,2,2012-10-09,4,0,0,1,2004-04-01,2004-04-01,13,16,2017-05-01,10,1,12,2,4,1,7000,3000
973209,2017-12-06T14:20:02Z,100312,1986-06-12,1,2003-06-09,3,6,14,3,2006-12-01,2006-12-01,4,6,2017-02-01,10,1,6,5,,5,9000,3000
972726,2017-12-06T12:12:24Z,104530,1986-05-10,1,2011-09-28,2,2,8,5,2007-04-01,2007-04-01,3,4,2015-06-01,12,1,8,5,,6,6000,3000
965745,2017-12-05T10:59:22Z,89757,1987-06-01,1,2016-07-13,3,0,0,5,1987-06-01,1987-06-01,8,10,2007-08-01,19,1,10,4,6,1,7500,4000
974001,2017-12-06T18:09:58Z,95232,1994-07-25,1,2006-04-03,3,1,3,1,2008-04-01,2008-04-01,9,11,2014-08-01,5,1,12,1,,6,7000,3000
973491,2017-12-06T15:34:40Z,104660,1985-01-03,2,2014-07-17,4,0,0,5,1985-01-01,1985-01-01,21,25,2015-09-01,10,1,11,6,,6,4000,1500
974196,2017-12-06T19:24:11Z,104822,1985-12-22,2,2007-05-03,3,2,10,4,2003-03-01,2003-03-01,11,14,2013-05-01,5,1,3,5,,6,3000,1700
973349,2017-12-06T14:57:07Z,104613,1986-01-14,1,2002-04-11,1,1,12,5,1990-02-01,1990-02-01,6,8,,0,2,,,,5,5500,3500
973417,2017-12-06T15:14:34Z,104661,1987-11-10,2,2004-04-09,2,1,5,5,2013-01-01,2013-01-01,12,15,2008-06-01,9,1,6,5,11,1,12500,3000
974335,2017-12-06T20:47:35Z,104816,1994-04-24,2,2010-06-17,4,0,0,5,2003-03-01,2003-03-01,3,4,,1,5,,,3,2,2500,200
973633,2017-12-06T16:06:21Z,104704,1986-07-10,2,2002-08-29,4,0,0,1,2014-08-01,2014-08-01,10,12,2016-12-01,6,1,2,2,6,1,7000,1000
972686,2017-12-06T12:04:59Z,104521,1997-06-11,2,2013-09-26,4,0,0,1,1997-06-01,1997-06-01,7,9,,1,4,,,4,2,3000,3000
973474,2017-12-06T15:31:06Z,104673,1992-01-22,1,2008-04-07,2,1,3,1,2000-01-01,2000-01-01,5,7,2017-11-01,5,6,6,4,4,2,7800,4000
973290,2017-12-06T14:46:45Z,104637,1995-07-02,2,2011-08-11,4,0,0,2,2013-07-01,2013-07-01,14,17,2017-10-01,0,1,11,6,8,1,5100,3000
973088,2017-12-06T13:47:30Z,104589,1972-06-09,2,1997-01-29,3,2,7,1,2007-11-01,2007-11-01,19,23,2017-08-01,29,3,13,6,11,1,5000,2500
971708,2017-12-06T03:12:30Z,104344,1989-10-21,2,2007-02-19,3,1,3,4,2007-09-01,2007-09-01,1,2,2016-10-01,2,3,13,3,,6,9000,2000
973779,2017-12-06T16:50:14Z,104741,1993-08-30,2,2009-10-30,4,0,0,1,1993-01-01,1993-01-01,22,26,2017-03-01,1,1,3,2,11,1,8000,2500
973776,2017-12-06T16:48:49Z,104744,1985-11-29,2,2002-04-02,3,1,5,4,1985-11-01,1985-11-01,7,9,2011-03-01,0,3,7,6,,5,8000,6000
972000,2017-12-06T08:04:21Z,104384,1984-09-26,2,2001-05-24,4,0,0,4,2014-11-01,1987-03-01,6,8,2015-12-01,7,1,12,6,4,1,9000,4000
972015,2017-12-06T08:08:00Z,104377,1987-05-31,1,2015-07-20,3,1,2,3,1987-06-01,1987-06-01,3,4,2011-05-01,10,1,10,1,,6,11000,9000
972472,2017-12-06T11:01:35Z,104459,1998-02-19,1,2014-04-25,1,0,0,1,2004-06-01,2004-06-01,10,12,,0,5,,,,6,6500,2400
973975,2017-12-06T17:58:23Z,104780,1994-04-09,1,2010-07-10,1,0,0,5,1994-04-01,1994-04-01,8,10,2012-01-01,7,1,6,4,4,2,14000,11000
973372,2017-12-06T15:03:08Z,104651,1994-11-27,2,2010-12-07,4,0,0,5,2013-09-01,2013-09-01,16,20,2015-08-01,4,1,8,1,,6,5000,2000
974317,2017-12-06T20:34:01Z,64388,1992-10-25,2,2008-11-28,4,0,,1,1993-09-10,1993-09-10,14,17,2017-04-10,5,1,1,5,,6,6000,3500
972564,2017-12-06T11:24:35Z,104501,1988-05-17,1,2005-05-23,1,1,6,1,2011-01-01,1988-05-01,5,7,2008-02-01,10,3,12,6,6,1,10000,6000
974023,2017-12-06T18:16:26Z,104779,1987-07-22,2,2015-08-15,1,1,1,1,2013-03-01,1987-07-01,21,25,2017-06-01,8,1,6,5,,6,6500,2000
972531,2017-12-06T11:20:24Z,104489,1984-02-11,2,2013-12-12,3,4,8,1,2008-04-01,2008-04-01,6,8,2004-09-01,0,3,3,6,,6,3500,1300
971931,2017-12-06T07:38:11Z,104373,1990-06-14,1,2012-01-19,1,1,5,5,2015-11-01,2015-11-01,3,4,2012-07-01,5,1,11,6,4,1,20000,10000
967606,2017-12-05T22:38:40Z,104302,1975-02-22,1,2016-05-31,2,2,19,3,2007-08-01,2007-08-01,9,11,2015-05-01,25,1,11,1,4,1,15000,7000
974359,2017-12-06T21:02:26Z,104865,1992-10-06,2,2008-11-26,2,0,0,5,1998-08-01,1998-08-01,17,21,2016-09-01,8,3,13,5,4,2,8000,3000
972928,2017-12-06T13:10:51Z,104567,1997-12-18,2,2014-01-23,4,0,0,1,2014-01-01,2014-01-01,2,3,2016-07-01,1,1,2,5,,6,13000,4000
971994,2017-12-06T08:02:52Z,104380,1979-08-20,1,1997-04-19,2,2,20,5,2006-09-01,2006-09-01,15,18,2017-11-01,15,1,5,4,4,1,15000,4000
972291,2017-12-06T09:50:31Z,104442,1984-04-07,1,2013-07-05,3,1,4,1,2010-03-01,2010-03-01,18,22,,8,5,,,7,1,6500,6000
973597,2017-12-06T15:58:42Z,104693,1993-05-26,2,2009-06-27,4,0,0,5,1997-05-01,1997-05-01,4,6,2016-03-01,4,1,6,4,,6,6000,4000
972277,2017-12-06T09:46:16Z,82250,1974-05-21,2,2000-12-11,3,4,14,1,2011-05-01,1974-05-01,11,14,1992-08-01,5,3,11,6,,6,10000,8000
972438,2017-12-06T10:50:22Z,104474,1986-07-27,2,2003-01-31,3,1,2,1,2017-02-01,2017-02-01,4,6,2016-03-01,11,1,11,3,4,1,5000,1500
972888,2017-12-06T12:52:22Z,103756,1990-11-04,2,2006-12-14,4,0,0,1,1998-04-01,1998-04-01,13,16,2016-04-01,6,1,3,6,,6,7000,3000
972130,2017-12-06T08:49:36Z,104418,1987-08-04,1,2007-12-21,1,1,9,1,2013-03-01,2013-03-01,19,23,2015-08-01,12,1,6,5,4,2,6500,2000
973550,2017-12-06T15:44:54Z,97074,1996-11-29,2,2012-12-21,4,0,0,5,1997-01-01,1997-01-01,18,22,2016-02-01,2,1,1,5,,6,7200,3500
971674,2017-12-06T02:14:27Z,94468,1992-10-05,2,2015-05-22,4,0,0,5,1992-10-01,2008-12-01,8,11,2017-09-01,5,1,11,2,4,1,7000,4000
974270,2017-12-06T20:01:27Z,104812,1989-03-05,1,2006-03-14,1,0,0,1,1990-03-01,1990-03-01,8,10,,3,5,,,6,1,6000,3000
966084,2017-12-05T12:50:41Z,103978,1963-05-12,1,2012-08-06,4,1,27,5,1979-12-01,1979-12-01,22,26,2002-11-01,15,3,12,6,5,2,15000,5000
971969,2017-12-06T07:54:12Z,104388,1988-07-02,1,2015-06-25,2,0,0,1,1993-10-01,1993-10-01,21,25,2014-09-01,9,1,12,4,,6,13100,3000
973266,2017-12-06T14:36:30Z,104620,1994-11-11,2,2015-01-16,4,0,0,1,1994-11-01,1994-11-01,3,4,,1,4,,,4,2,4000,2000
973381,2017-12-06T15:08:02Z,26375,1987-07-19,2,2004-02-12,3,1,4,4,2014-10-01,2014-10-01,1,2,2013-03-01,8,6,13,6,11,1,8000,8000
973587,2017-12-06T15:54:30Z,104698,1994-06-10,2,2010-08-31,1,0,0,5,1994-06-01,1994-06-01,9,11,2016-07-01,7,1,11,4,,5,12000,9000
972309,2017-12-06T09:56:45Z,104439,1983-11-04,1,2014-07-22,3,2,13,1,1989-11-01,1989-11-01,3,4,,10,5,,,,5,5000,4000
973016,2017-12-06T13:28:57Z,104576,1995-11-18,2,2011-12-22,1,0,0,4,1995-12-01,1995-12-01,3,4,2013-04-01,4,1,13,1,,6,8000,4000
973734,2017-12-06T16:35:23Z,104736,1993-01-02,2,2009-04-04,4,0,0,1,2004-04-01,2004-04-01,18,22,2015-11-01,2,1,12,6,9,2,4500,2500
973034,2017-12-06T13:30:35Z,104582,1994-07-19,2,2017-07-20,4,0,0,2,2009-09-01,2009-09-01,3,4,2015-11-01,2,6,13,6,4,1,14000,1500
972746,2017-12-06T12:20:42Z,104534,1991-03-06,1,,3,0,0,5,2013-02-01,2007-09-01,21,25,2017-07-01,7,3,10,6,4,1,9500,5000
972094,2017-12-06T08:40:03Z,95680,1995-04-12,2,2011-11-21,4,0,0,1,2008-08-01,2017-08-01,3,4,2017-04-01,7,1,2,5,,6,7300,2000
972140,2017-12-06T08:51:56Z,104248,1992-10-20,1,2010-12-17,4,1,2,5,1997-11-01,1997-11-01,18,22,,3,2,,,,5,4500,3000
972342,2017-12-06T10:08:45Z,104452,1997-01-17,2,2013-03-07,4,0,0,1,2015-08-01,2003-06-01,8,7,2016-08-01,2,6,4,1,10,2,7000,4000
973532,2017-12-06T15:41:10Z,104656,1995-09-10,1,2011-10-24,4,0,0,1,2010-09-01,2010-09-01,19,23,2017-02-01,5,1,12,1,6,2,4000,500
973325,2017-12-06T14:53:41Z,104643,1991-09-06,2,2014-08-23,4,0,0,1,2006-12-01,2006-12-01,2,3,2017-04-01,1,6,4,4,10,1,6500,1500
973401,2017-12-06T15:11:02Z,104650,1974-01-23,2,2010-04-06,4,0,0,5,2010-04-01,2010-04-01,3,4,2016-01-01,17,1,8,5,,6,5000,2000
971665,2017-12-06T00:59:12Z,104330,1989-02-15,2,2005-08-29,4,1,6,5,1992-02-01,1992-02-01,14,17,2012-09-01,8,1,12,4,,6,5000,1000
972095,2017-12-06T08:40:37Z,104403,1987-07-01,1,2010-05-19,5,1,5,5,1993-11-01,1993-11-01,18,22,2016-12-01,9,1,12,1,,6,7000,4000
972316,2017-12-06T09:58:16Z,104275,1989-04-13,1,,3,2,10,1,1996-03-01,1996-03-01,11,14,,3,5,,,,6,15000,11000
972675,2017-12-06T12:03:45Z,104522,1984-12-06,2,2001-09-27,2,0,0,1,2005-04-01,2005-04-01,21,25,2017-09-01,15,1,1,5,,6,8000,6000
972904,2017-12-06T13:00:34Z,104554,1993-01-28,2,,4,0,0,1,1993-01-01,1993-01-01,18,22,,5,5,,,,6,6000,2000
967207,2017-12-05T18:53:48Z,71986,1991-10-31,1,2014-06-20,3,2,4,1,2014-07-01,2014-07-01,6,8,2017-05-01,3,3,11,6,,6,6000,3000
973083,2017-12-06T13:45:26Z,104580,1991-03-13,2,2008-04-02,4,0,0,1,2016-04-01,2016-04-01,18,22,2011-08-01,6,1,1,1,3,1,8700,6000
973455,2017-12-06T15:24:57Z,104653,1992-02-15,2,2014-06-19,4,0,0,1,2012-06-01,1992-02-01,9,12,2012-09-01,5,1,3,4,11,2,8000,6000
973648,2017-12-06T16:09:34Z,104682,1991-12-24,2,2007-12-27,2,1,2,5,2004-12-01,2004-12-01,12,15,2016-08-01,5,1,11,6,,6,3200,3200
973185,2017-12-06T14:12:51Z,96073,1993-11-02,2,2010-02-19,4,0,0,1,2010-05-01,2010-01-01,3,23,2012-01-01,5,1,6,4,,6,8000,5000
972454,2017-12-06T10:57:48Z,104445,1992-01-06,1,2010-02-09,4,0,0,1,2013-07-01,1992-01-01,20,24,2013-08-01,4,1,13,4,4,1,6500,3100
972771,2017-12-06T12:25:25Z,103926,1979-01-18,1,2015-08-05,2,2,18,1,2004-09-01,2004-09-01,17,21,2004-02-01,12,6,4,3,,6,4000,4000
972510,2017-12-06T11:13:48Z,104491,1994-08-11,1,2010-11-05,4,1,2,1,2012-07-01,2006-04-01,3,4,,5,5,,,,3,2000,1000
973717,2017-12-06T16:30:04Z,104732,1992-10-11,1,2013-07-17,3,0,0,1,2012-04-01,2012-04-01,18,22,2016-01-01,3,1,12,6,,5,4000,1000
973304,2017-12-06T14:49:21Z,104638,1983-04-20,1,2007-01-10,2,1,8,1,2017-09-01,2006-11-01,18,22,2016-07-01,10,1,5,3,4,1,14000,10000
972125,2017-12-06T08:48:47Z,104289,1995-07-19,1,2014-08-27,3,1,3,1,2005-07-01,2005-07-01,6,8,2017-06-01,4,3,12,6,,6,5500,1500
973872,2017-12-06T17:15:46Z,104750,1989-10-13,1,2009-11-12,3,2,7,3,1989-10-01,1989-10-01,15,18,2013-07-01,4,1,12,6,,5,12000,3000
974055,2017-12-06T18:32:30Z,104789,1991-02-19,1,2014-12-20,3,0,0,5,1991-02-01,1991-02-01,23,27,2014-04-01,8,1,12,6,,6,4500,3000
971973,2017-12-06T07:55:44Z,104389,1994-08-26,1,2014-08-19,3,1,4,5,2011-02-01,2011-02-01,18,22,2017-06-01,4,1,5,5,,6,5000,500
973263,2017-12-06T14:35:12Z,104628,1994-07-28,2,2013-12-11,3,1,6,1,1994-06-01,1994-06-01,3,4,2012-10-01,6,1,2,1,,5,9300,4000
973063,2017-12-06T13:39:51Z,104592,1998-09-21,2,,4,0,0,5,2013-01-01,2013-01-01,18,22,2015-02-01,2,6,3,2,,6,10000,5000
974071,2017-12-06T18:36:52Z,104800,1985-10-09,2,2003-06-10,3,0,0,5,2008-07-01,2008-07-01,12,15,2014-05-01,10,1,12,6,,6,10000,4000
973066,2017-12-06T13:41:29Z,104586,1992-12-13,2,2009-01-30,1,0,0,5,1992-12-01,1992-12-01,8,10,2017-12-01,4,1,6,5,4,2,10000,8000
974153,2017-12-06T19:07:30Z,104813,1998-01-18,1,2014-12-20,1,0,0,5,2017-06-01,1998-01-01,4,6,2017-01-01,0,1,8,6,10,2,7000,3500
973801,2017-12-06T16:56:02Z,104714,1988-01-20,2,2004-01-25,3,2,3,1,2017-03-01,2011-05-01,9,27,2016-07-01,10,1,12,2,10,1,9000,5000
971695,2017-12-06T02:50:42Z,104343,1986-02-21,2,2008-10-08,3,1,2,5,1986-02-01,1986-02-01,23,27,2010-02-01,12,3,7,5,,5,15000,10000
972970,2017-12-06T13:19:34Z,104577,1957-05-21,2,,5,2,37,5,2013-05-01,2013-05-01,14,17,,35,2,,,1,1,6000,2500
972237,2017-12-06T09:38:08Z,98558,1993-08-01,2,2009-12-01,4,0,0,4,2008-05-01,2008-05-01,9,11,2016-06-01,5,1,1,5,1,1,10000,8000
974341,2017-12-06T20:53:40Z,104857,1993-03-10,2,2009-07-14,4,0,0,1,2015-03-01,1993-03-01,8,5,2017-03-01,5,3,3,6,,6,20000,10000
967648,2017-12-05T23:53:23Z,26628,1993-02-21,1,2009-05-05,4,0,,5,1994-01-10,1994-01-10,6,8,1970-01-01,0,5,,,,6,11000,2000
965427,2017-12-05T09:04:46Z,103835,1994-07-22,1,2016-02-20,3,1,1,5,2005-02-01,2005-02-01,11,14,2014-03-01,6,1,5,5,9,1,8000,3000
967025,2017-12-05T17:52:14Z,92025,1997-06-30,2,2013-07-11,3,0,0,1,1997-07-01,1997-07-01,8,10,2017-02-01,1,1,12,1,,5,9600,4700
966553,2017-12-05T14:58:00Z,96061,1995-01-03,1,2012-01-25,4,0,0,1,1995-01-01,1995-01-01,3,4,2016-11-01,1,1,5,1,6,2,5000,2000
966785,2017-12-05T16:12:27Z,104105,1988-10-20,2,2004-12-27,4,0,0,5,1992-01-01,1992-01-01,3,4,2015-06-01,3,1,3,5,2,2,8000,3000
966866,2017-12-05T16:42:41Z,104130,1989-01-01,1,2013-02-18,1,1,9,5,1989-01-01,1989-01-01,3,4,2014-08-01,4,1,11,6,11,4,15000,5000
965968,2017-12-05T12:18:11Z,103966,1996-07-22,1,2012-08-23,4,0,0,1,1996-08-01,1996-08-01,10,12,2017-03-01,1,1,7,2,6,1,10000,5000
961013,2017-12-05T00:01:00Z,103720,1986-11-09,2,2003-02-01,4,0,0,5,2015-02-01,2015-02-01,13,16,2010-11-01,7,1,6,3,6,1,10000,5000
965858,2017-12-05T11:35:43Z,65102,1994-02-08,2,2010-02-10,4,0,0,1,2016-03-10,1994-02-10,8,17,2015-04-10,5,1,1,5,,5,7150,4000
967074,2017-12-05T18:13:19Z,104192,1997-01-01,2,2013-02-23,4,0,0,1,2015-09-01,2015-09-01,18,22,2017-10-01,1,6,11,4,11,2,30000,1000
965446,2017-12-05T09:11:00Z,103828,1972-01-07,1,2014-03-04,2,1,17,3,2012-06-01,2012-06-01,17,21,2012-07-01,25,3,7,6,9,1,4000,2000
965200,2017-12-05T07:30:11Z,50224,1971-10-08,2,2002-03-25,3,1,0,1,2012-12-10,2012-12-10,16,20,2015-03-10,25,1,6,2,,6,5000,5000
966136,2017-12-05T13:10:31Z,74858,1998-02-04,2,2014-03-07,4,0,0,1,2001-06-01,2001-06-01,7,9,2015-07-01,2,6,12,3,,6,6500,3500
966478,2017-12-05T14:45:11Z,36181,1997-02-14,2,2013-03-16,4,0,,5,2000-04-10,2000-04-10,6,8,2017-03-10,6,1,12,5,11,2,3800,1800
960832,2017-12-04T20:31:13Z,103659,1985-01-12,2,2001-06-09,3,1,5,4,2011-06-01,2011-06-01,9,11,2017-02-01,14,1,2,2,9,2,4000,3000
967181,2017-12-05T18:43:15Z,104204,1989-07-26,2,2006-01-11,3,2,8,4,2008-05-01,2008-05-01,9,11,2009-08-01,12,3,3,3,,5,10000,5500
966387,2017-12-05T14:26:46Z,103961,1994-05-14,1,2016-06-16,3,0,0,5,2000-09-01,2000-09-01,2,3,2013-09-01,5,1,10,4,6,1,5000,3000
965891,2017-12-05T11:48:11Z,103942,1997-01-05,1,2013-03-02,1,0,0,5,1998-04-01,1998-04-01,9,11,2016-12-01,3,1,3,2,4,2,10000,10000
965943,2017-12-05T12:10:54Z,103955,1992-05-11,1,2008-07-30,4,0,0,1,2017-02-01,1992-05-01,18,22,2017-03-01,2,1,12,1,,6,3000,3000
967273,2017-12-05T19:24:52Z,104213,1997-10-09,2,2013-11-28,4,0,0,1,2015-09-01,2015-09-01,12,15,2015-08-01,2,1,11,6,8,2,5000,2500
965817,2017-12-05T11:23:22Z,103928,1994-02-03,1,2010-12-10,4,0,0,4,1994-02-01,1994-02-01,21,25,2015-09-01,5,1,3,2,4,7,5000,3000
965424,2017-12-05T09:04:40Z,102158,1990-06-26,2,2006-07-06,4,0,0,1,2015-02-01,2015-02-01,19,23,2007-08-01,10,1,2,1,9,1,8200,2000
967382,2017-12-05T19:59:05Z,104249,1956-06-18,1,2002-06-22,3,3,43,5,1976-05-01,1976-05-01,11,14,,35,2,,,,6,7000,3000
965118,2017-12-05T06:29:29Z,103697,1986-12-10,2,2004-12-28,1,1,4,5,2004-12-01,2004-12-01,3,4,2008-04-01,13,1,11,1,,6,7000,4000
965990,2017-12-05T12:23:07Z,103962,1993-09-13,2,2009-09-17,3,0,0,4,2014-11-01,2014-11-01,8,10,2010-10-01,10,1,4,5,9,7,18000,6000
967502,2017-12-05T21:10:54Z,70260,1993-01-23,2,2009-05-25,4,0,,1,1993-01-01,1993-01-01,1,2,2017-06-01,0,1,6,4,,6,5500,3000
965925,2017-12-05T12:02:17Z,101531,1987-06-13,1,2004-04-03,4,2,7,1,2010-02-01,2001-05-01,12,15,2017-03-01,8,1,12,6,7,2,4000,1800
966129,2017-12-05T13:08:46Z,103988,1993-10-23,1,2015-07-09,4,0,0,5,1993-10-01,1993-10-01,10,12,2016-09-01,1,1,8,4,7,2,3200,2500
960980,2017-12-04T22:33:35Z,103700,1997-05-10,2,2013-07-04,3,0,0,1,2013-04-01,2013-04-01,15,18,2017-04-01,3,1,6,5,,6,7000,3000
965524,2017-12-05T09:33:13Z,103840,1981-01-22,1,2009-02-24,3,2,19,5,1981-01-01,1981-01-01,19,23,2015-05-01,13,1,6,2,,6,4500,2000
965492,2017-12-05T09:21:45Z,103849,1993-06-04,2,2015-02-03,1,0,0,5,2012-03-01,2012-03-01,16,20,2011-12-01,7,1,3,3,2,1,8000,2500
958583,2017-12-04T08:15:22Z,103224,1995-06-30,2,2011-08-01,3,1,1,4,1995-06-01,1995-06-01,12,15,2013-10-01,4,1,6,5,,6,8700,5000
966071,2017-12-05T12:46:45Z,103980,1993-01-14,2,2009-03-25,4,0,0,5,2003-09-01,2003-09-01,13,16,2016-03-01,3,6,6,4,,6,8000,3000
967059,2017-12-05T18:10:01Z,68824,1984-09-04,1,2014-10-04,3,1,0,1,2013-07-10,2013-07-10,3,4,2001-01-10,15,1,6,5,4,2,5000,2000
965226,2017-12-05T07:40:31Z,103793,1999-01-11,1,2015-02-17,4,0,0,1,2010-06-01,2010-06-01,14,17,2017-08-01,2,1,11,3,,6,4000,2500
967514,2017-12-05T21:21:06Z,104259,1995-01-04,2,2015-03-20,4,0,0,1,1995-01-01,1995-01-01,6,8,2015-05-01,2,1,1,5,,6,7500,7000
967046,2017-12-05T18:05:05Z,104172,1989-03-07,1,2008-02-02,3,2,8,1,2017-10-01,1993-05-01,21,25,2016-03-01,5,1,6,1,,6,4000,2000
965181,2017-12-05T07:19:54Z,103780,1993-06-02,1,2012-12-19,3,1,4,1,2012-08-01,2012-08-01,21,25,2015-02-01,6,1,12,3,,6,500,3000
966183,2017-12-05T13:20:45Z,104001,1991-02-21,2,2007-04-20,4,0,0,1,2007-04-01,2007-04-01,6,8,2016-09-01,5,1,12,3,,6,5000,2500
965701,2017-12-05T10:42:09Z,103902,1997-03-30,2,2013-08-14,4,0,0,4,2012-05-01,1997-05-01,1,2,2014-05-01,3,1,3,4,2,1,8000,3000
966031,2017-12-05T12:33:27Z,103956,1996-11-14,1,2013-02-05,4,0,0,5,1996-11-01,1996-11-01,8,10,2016-03-01,3,1,5,2,10,2,25000,20000
953867,2017-12-03T19:18:41Z,103047,1993-02-14,2,2016-08-18,3,0,0,2,2016-01-01,2015-07-01,14,17,2015-02-01,7,1,1,5,1,1,11400,3000
966495,2017-12-05T14:48:17Z,104045,1988-01-29,1,2007-02-10,2,1,10,5,1988-09-01,1988-09-01,3,4,2014-03-01,8,1,6,5,,6,6200,4500
966778,2017-12-05T16:10:02Z,104098,1999-09-24,2,,4,0,0,4,1999-09-01,1999-09-01,3,4,,1,4,,,,6,2500,2000
960193,2017-12-04T16:15:34Z,103513,1989-11-18,2,2006-08-11,3,1,7,5,1989-11-01,1989-11-01,6,8,2016-11-01,10,1,1,5,,6,10000,13000
965147,2017-12-05T06:57:11Z,103772,1986-04-02,2,2004-09-28,1,1,1,5,2000-09-01,2000-09-01,20,24,2012-09-01,15,3,3,6,,6,8000,1500
966081,2017-12-05T12:49:57Z,48534,1994-08-19,1,2016-01-05,3,1,1,1,1995-03-10,1995-03-10,9,11,2015-01-10,5,3,12,6,4,2,9000,6000
960809,2017-12-04T20:06:16Z,103655,1987-09-09,2,2004-02-10,4,0,0,5,2004-09-01,2004-09-01,14,17,2015-11-01,13,1,2,2,4,1,10000,70000
960963,2017-12-04T22:16:23Z,103695,1995-11-23,2,2011-12-23,1,0,0,5,2016-06-01,2016-06-01,14,17,2014-03-01,3,3,3,6,,6,7000,3000
965838,2017-12-05T11:29:30Z,103927,1991-04-18,1,2007-12-06,4,0,0,3,1991-04-01,1991-04-01,21,25,,3,5,,,4,7,4000,1500
967518,2017-12-05T21:21:47Z,95332,1994-10-18,1,2015-11-23,3,1,1,5,2007-06-01,2007-06-01,3,4,2015-02-01,3,6,8,2,,6,2800,1600
961001,2017-12-04T23:28:13Z,103685,1996-03-08,2,2013-12-13,4,0,0,1,2017-09-01,1996-03-01,23,4,2017-09-01,0,1,1,5,,5,7200,3000
966662,2017-12-05T15:33:11Z,104072,1991-01-15,2,2009-01-23,4,0,0,5,1991-01-01,1991-01-01,8,10,2013-01-01,4,3,7,6,4,7,15000,12000
965367,2017-12-05T08:48:24Z,103827,1993-04-16,2,2010-10-29,3,1,2,1,2011-05-01,2011-05-01,11,14,,3,5,,,,6,7000,4000
960365,2017-12-04T17:15:01Z,73786,1997-03-13,1,,4,1,3,5,2011-06-01,2011-06-01,2,3,,1,2,,,,6,6300,3000
967364,2017-12-05T19:53:12Z,57301,1979-01-26,2,2006-08-18,3,2,17,5,1996-06-01,1996-06-01,3,4,2010-01-01,3,1,12,6,4,1,5000,10
966971,2017-12-05T17:21:20Z,104154,1997-04-20,1,,1,1,1,1,1997-04-01,1997-04-01,3,4,,1,5,,,6,2,4000,2000
967453,2017-12-05T20:37:30Z,104263,1996-02-14,2,2012-03-19,4,0,0,1,2017-02-01,2017-02-01,3,4,,0,4,,,7,2,5000,200
966586,2017-12-05T15:11:33Z,104033,1999-07-06,2,2015-07-16,4,0,0,1,2016-08-01,2016-08-01,6,8,,2,4,,,6,2,4600,3500
965735,2017-12-05T10:56:15Z,94360,1991-02-20,1,2009-12-04,3,1,7,1,2008-02-01,2008-02-01,18,22,2012-03-01,5,3,11,6,9,2,8000,4000
965431,2017-12-05T09:05:10Z,103844,1973-08-20,2,2009-02-19,3,1,14,5,2017-01-01,1986-01-01,8,12,2013-01-01,25,1,3,2,2,7,25000,16000
958848,2017-12-04T09:59:09Z,103279,1984-06-24,1,2007-04-27,2,2,10,1,2013-08-01,2013-08-01,6,8,2017-01-01,13,1,12,1,4,1,8000,3500
966578,2017-12-05T15:08:56Z,104035,1974-06-10,2,2001-03-19,2,1,20,5,1991-03-01,1991-03-01,16,20,,22,5,,,11,1,10000,3000
966955,2017-12-05T17:15:19Z,29996,1969-11-13,1,1996-02-12,3,2,23,5,2000-12-01,2000-12-01,5,7,1996-08-01,25,1,10,4,6,1,8300,1300
960147,2017-12-04T15:56:52Z,103507,1990-04-19,2,2006-09-30,2,1,4,5,2017-04-01,1990-04-01,14,17,2016-11-01,5,1,6,5,,6,8000,4000
965458,2017-12-05T09:13:49Z,103847,1996-04-25,2,2012-06-08,4,0,0,3,2016-01-01,2005-11-01,9,25,2017-11-01,2,1,11,2,4,1,15000,5000
965563,2017-12-05T09:49:05Z,90083,1992-07-16,1,2017-08-17,4,1,5,1,2010-01-01,2010-01-01,6,8,2015-08-01,3,1,8,4,,6,3200,2500
965657,2017-12-05T10:21:39Z,103889,1996-11-21,1,2014-12-09,3,2,3,1,1996-11-01,1996-11-01,18,22,,0,5,,,,6,3720,2000
967493,2017-12-05T21:07:44Z,104273,1995-10-27,1,2012-01-04,4,1,5,5,2012-01-01,2012-01-01,18,22,2017-10-01,1,6,12,1,,5,6000,5500
965340,2017-12-05T08:31:37Z,103819,1994-05-10,2,2011-07-21,3,1,2,1,1994-05-01,1994-05-01,21,25,2017-04-01,3,1,1,5,11,2,7600,2000
960110,2017-12-04T15:40:20Z,103486,1980-08-20,1,1996-12-24,1,1,10,5,1980-08-01,1980-08-01,8,10,2011-08-01,15,3,11,6,4,1,8000,3000
960988,2017-12-04T22:46:35Z,103706,1993-10-24,2,2009-12-19,4,0,0,5,2011-11-01,2011-11-01,1,2,2013-08-01,7,1,6,2,,6,6000,6000
965093,2017-12-05T05:37:13Z,64766,1983-03-13,1,2000-11-30,4,1,0,5,2000-11-10,2000-11-10,3,4,2013-04-10,5,1,12,6,,5,6000,2500
965929,2017-12-05T12:04:03Z,103935,1968-10-13,2,2007-08-04,4,0,0,5,2016-02-01,2016-02-01,4,6,2017-02-01,14,1,13,1,10,2,10500,5000
966521,2017-12-05T14:51:11Z,102426,1995-06-22,2,2011-08-05,4,0,0,3,2016-01-01,1995-06-01,3,8,2015-11-01,5,3,1,1,,6,7500,5800
959113,2017-12-04T11:14:38Z,103315,1986-12-04,2,2003-05-07,4,0,0,5,2016-06-01,2016-06-01,12,15,2012-07-01,13,1,2,4,9,1,9500,4500
966109,2017-12-05T13:02:10Z,103992,1989-10-24,2,2007-04-19,4,0,0,1,1989-10-01,1989-10-01,19,23,2011-05-01,7,1,12,3,4,2,3500,1000
966327,2017-12-05T14:10:14Z,97174,1994-05-23,2,2011-02-23,3,1,1,1,2015-12-01,1994-05-01,12,15,2015-12-01,2,1,2,1,,5,8000,3000
965457,2017-12-05T09:13:45Z,103842,1990-04-13,2,2007-04-26,4,0,0,1,2016-12-01,2016-12-01,23,27,2016-12-01,1,1,1,1,4,1,10000,8000
965799,2017-12-05T11:21:04Z,103924,1993-08-24,1,2009-11-10,4,0,0,1,1993-09-01,1993-09-01,3,4,2016-03-01,1,1,6,4,4,2,2600,2300
967392,2017-12-05T20:02:03Z,104235,1997-07-01,2,2013-07-25,4,0,0,1,2017-06-01,1997-07-01,13,13,2017-07-01,1,1,6,5,10,2,11200,7500
967115,2017-12-05T18:25:53Z,104123,1985-01-23,2,2001-08-13,3,1,13,4,2012-01-01,2012-01-01,1,2,2015-01-01,12,1,11,4,4,1,10000,5000
967340,2017-12-05T19:48:19Z,104237,1989-12-20,1,2006-07-03,4,0,0,5,2006-08-01,2006-08-01,8,10,2011-11-01,8,1,5,1,6,1,15000,10000
966178,2017-12-05T13:20:19Z,103998,1992-01-24,1,2010-10-07,1,2,5,5,2008-02-01,2008-02-01,13,16,,5,5,,,4,1,8000,2500
966030,2017-12-05T12:33:26Z,45841,1991-03-25,2,2012-12-13,4,0,,1,1993-01-10,1993-01-10,1,2,2012-09-10,8,3,3,6,5,1,6000,2000
965392,2017-12-05T08:56:48Z,48955,1994-08-17,1,2010-08-21,1,1,1,1,1994-09-01,1994-09-01,9,11,2013-04-01,4,1,8,5,6,1,3500,10
965647,2017-12-05T10:18:43Z,103885,1982-12-12,1,2001-02-27,2,2,16,1,1998-02-01,1998-02-01,3,4,2015-11-01,10,3,11,3,,6,7000,4000
966756,2017-12-05T16:03:31Z,104094,1983-02-17,2,2015-03-14,4,0,0,5,2017-05-01,2005-05-01,3,5,2017-05-01,12,6,3,1,,6,9500,4700
966021,2017-12-05T12:31:26Z,1103,1992-05-24,2,2008-07-04,4,0,,5,2004-04-10,2004-04-10,11,14,2016-08-10,1,1,8,2,7,1,15000,8000
966813,2017-12-05T16:20:15Z,104112,1999-05-19,2,2015-07-14,4,0,0,1,1999-05-01,1999-05-01,22,26,2017-11-01,2,1,11,2,4,1,5000,3000
960836,2017-12-04T20:33:08Z,103660,1959-12-13,1,2001-03-12,3,3,23,5,1990-08-01,1990-08-01,16,20,1977-09-01,40,1,10,2,6,1,4500,2500
965481,2017-12-05T09:19:25Z,103851,1988-08-11,2,2011-04-14,4,0,0,1,2015-10-01,1992-04-01,13,16,2015-11-01,2,1,2,4,,6,31500,17300
958434,2017-12-04T07:40:35Z,103208,1985-01-23,2,2001-03-16,4,0,0,5,2008-08-01,2008-08-01,14,17,,5,5,,,4,1,5000,4000
960007,2017-12-04T15:11:23Z,101295,1996-05-12,1,2012-06-13,4,0,0,1,2013-09-01,2013-09-01,3,4,2016-06-01,1,1,12,5,11,1,9000,5000
960383,2017-12-04T17:24:24Z,103545,1977-03-16,2,2002-07-05,1,1,9,5,2003-08-01,2003-08-01,6,8,1998-06-01,20,3,3,6,,5,12000,4000
958810,2017-12-04T09:49:16Z,103273,1967-10-10,1,2002-04-30,3,2,28,5,2017-09-01,2017-09-01,20,24,2015-08-01,25,6,12,6,11,1,4000,1500
960318,2017-12-04T16:59:03Z,50008,1994-10-03,2,2010-11-15,4,0,0,5,2014-10-01,2014-10-01,12,15,,4,5,,,,6,6700,10
958626,2017-12-04T08:30:47Z,103227,1990-02-08,1,2012-08-04,3,1,5,5,2014-06-01,1990-02-01,10,12,2016-12-01,4,1,12,3,,5,4700,1500
960748,2017-12-04T19:32:52Z,88207,1991-09-07,2,2015-10-21,4,0,0,1,1998-05-01,1998-05-01,23,27,2016-10-01,5,1,11,3,,6,5000,2500
959539,2017-12-04T13:23:01Z,103380,1984-05-20,2,2001-07-10,4,0,0,5,2010-07-01,2010-07-01,4,6,2015-04-01,2,1,6,1,11,1,6800,2200
960184,2017-12-04T16:13:32Z,103314,1986-01-08,1,2003-01-29,1,0,0,1,2011-05-01,2011-05-01,14,17,2014-10-01,6,1,6,1,10,2,5000,2500
958435,2017-12-04T07:40:48Z,103209,1987-04-27,2,2004-04-22,3,1,1,3,2006-08-01,1987-04-01,13,16,2013-06-01,9,1,3,4,2,1,20400,3000
960635,2017-12-04T18:39:59Z,103608,1990-12-08,2,2007-01-25,3,1,3,1,2016-09-01,1991-09-01,9,5,2016-02-01,7,1,6,3,,6,11200,6000
958367,2017-12-04T07:09:31Z,103197,1978-05-05,1,1999-04-22,3,2,18,1,1985-09-01,1985-09-01,17,21,2007-11-01,10,1,13,5,,6,7000,3000
959100,2017-12-04T11:11:48Z,103313,1968-10-01,2,2004-05-11,3,2,26,3,1992-07-01,1992-07-01,18,22,2008-08-01,25,3,6,6,3,7,45000,30000
959837,2017-12-04T14:32:47Z,101261,1988-10-21,1,,4,0,0,5,2007-01-01,2007-01-01,18,22,2015-08-01,10,1,12,6,,6,6000,3500
953752,2017-12-03T18:32:12Z,102233,1988-02-26,2,2015-10-01,4,0,0,5,1995-03-01,1995-03-01,15,18,,4,5,,,4,2,3500,3000
959158,2017-12-04T11:32:16Z,103335,1995-04-27,2,2011-06-10,4,0,0,1,1998-08-01,1998-08-01,12,15,2013-10-01,4,6,2,2,,6,7000,5000
958180,2017-12-04T03:16:30Z,103159,1985-01-11,1,2001-08-16,4,1,14,5,2013-01-01,2011-06-01,10,12,2017-03-01,7,1,11,3,,6,3500,2000
959132,2017-12-04T11:20:55Z,101191,1984-02-05,1,2007-08-13,1,2,10,4,2017-05-01,2012-01-01,9,11,2010-06-01,9,3,12,6,6,7,8000,3500
959334,2017-12-04T12:24:13Z,103355,1977-12-01,2,2008-05-21,3,2,16,5,2016-04-01,1999-08-01,9,16,2014-03-01,20,1,11,3,10,1,150000,6000
959512,2017-12-04T13:15:37Z,103392,1995-07-15,2,2011-08-25,4,0,0,1,1995-07-01,1995-07-01,17,21,2015-06-01,3,1,7,6,,6,12000,6000
958632,2017-12-04T08:32:48Z,103231,1990-09-12,1,2012-09-07,3,1,3,3,2012-04-01,2012-04-01,16,20,2012-04-01,6,1,8,1,,6,35000,2000
954184,2017-12-03T23:17:20Z,103125,1994-09-30,1,2012-12-22,3,1,4,3,1994-10-01,1994-10-01,11,14,2017-07-01,4,1,11,2,,5,8500,5000
959055,2017-12-04T10:55:47Z,83412,1983-08-09,2,2000-04-14,1,3,11,1,1983-08-01,1983-08-01,11,14,2017-03-01,10,1,13,4,11,2,15000,6000
960680,2017-12-04T18:50:19Z,103175,1984-10-28,2,2000-11-10,1,1,2,4,2002-09-01,2014-03-01,6,8,2014-03-01,14,1,6,5,,6,7655,845
960733,2017-12-04T19:24:46Z,103623,1996-03-07,2,2012-04-17,4,0,0,1,2010-02-01,2010-02-01,3,4,2016-08-01,2,1,1,5,,6,7107,4500
960781,2017-12-04T19:52:39Z,103642,1991-04-04,2,2007-04-12,3,1,3,4,2015-07-01,2001-05-01,13,16,2012-07-01,10,3,3,3,,5,12000,5000
959640,2017-12-04T13:40:10Z,103410,1994-01-02,1,2010-03-13,3,0,0,5,2011-04-01,2011-04-01,10,12,2013-03-01,6,1,6,1,,6,12000,6000
960113,2017-12-04T15:44:03Z,103237,1972-04-01,2,2000-06-12,3,0,0,1,1992-11-01,1992-11-01,3,4,2015-03-01,28,1,12,1,4,1,12000,5000
958443,2017-12-04T07:43:57Z,103210,1986-07-21,1,2009-06-09,1,2,8,1,2012-04-01,2012-04-01,3,4,2017-08-01,8,1,10,2,,6,4200,2000
959242,2017-12-04T11:55:34Z,103098,1991-05-18,2,2007-07-12,1,0,0,1,2015-05-01,2007-07-01,8,2,2016-08-01,6,3,11,6,11,2,13000,4500
960294,2017-12-04T16:48:28Z,102232,1986-10-16,1,2015-05-25,3,1,3,1,2015-11-01,2012-06-01,5,26,2011-10-01,6,1,1,2,6,1,7000,3000
954177,2017-12-03T23:14:23Z,103127,1977-01-21,2,1997-04-22,2,0,0,5,2003-09-01,2003-09-01,8,10,2012-05-01,20,1,11,2,6,1,10000,2000
959727,2017-12-04T14:05:32Z,103426,1986-02-05,1,2011-07-23,2,1,5,1,2002-12-01,2012-12-01,8,10,2014-09-01,13,6,12,2,4,1,9000,8000
958236,2017-12-04T05:18:56Z,103170,1993-02-21,2,2010-01-21,3,0,0,5,2013-02-01,2013-02-01,9,11,,2,5,,,4,1,15000,10000
959572,2017-12-04T13:29:19Z,103390,1989-04-28,2,2005-08-10,4,0,0,4,2017-02-01,2016-07-01,8,5,2017-02-01,12,1,12,1,10,2,20000,18000
958964,2017-12-04T10:30:51Z,103282,1984-06-25,1,2000-09-12,4,0,0,1,2000-09-01,2000-09-01,13,16,2017-04-01,7,1,11,6,10,1,6000,2500
959362,2017-12-04T12:31:35Z,103373,1993-10-28,2,2009-12-07,4,0,0,5,1993-10-01,1993-10-01,1,2,2015-07-01,2,1,2,2,9,1,3000,1500
959891,2017-12-04T14:44:22Z,103463,1962-07-31,1,2001-03-26,3,1,39,5,2001-03-01,2001-03-01,3,4,,40,2,,,4,1,7900,2500
960131,2017-12-04T15:51:23Z,95799,1995-09-12,2,1995-09-12,4,0,0,1,2011-12-01,2011-12-01,7,9,2015-06-01,3,1,7,4,11,1,13000,5000
958705,2017-12-04T08:58:00Z,103240,1991-05-03,2,2007-12-26,3,0,0,1,2017-09-01,1991-05-01,21,25,2010-08-01,7,1,3,6,,6,7000,4000
960761,2017-12-04T19:39:58Z,103634,1997-01-22,2,2013-03-13,4,0,0,4,1997-01-01,1997-01-01,3,4,2017-02-01,1,1,12,5,,6,9500,4000
958307,2017-12-04T06:27:29Z,103181,1989-09-03,1,2013-09-11,3,2,8,5,2008-01-01,2008-01-01,4,6,2017-05-01,5,1,12,6,,5,5000,1200
958371,2017-12-04T07:12:11Z,103188,1994-02-17,2,2010-04-14,3,0,0,1,2014-05-01,2014-05-01,11,14,2014-04-01,4,1,1,5,,6,7500,5000
958741,2017-12-04T09:10:37Z,103221,1981-02-02,2,2014-04-24,4,0,0,5,2002-05-01,2002-05-01,13,16,2013-01-01,15,1,13,4,,6,20000,14000
958285,2017-12-04T06:12:49Z,101987,1991-02-08,1,2010-04-23,4,0,0,5,2006-09-01,2006-09-01,18,22,2013-06-01,8,1,11,6,4,1,6000,2500
958290,2017-12-04T06:15:18Z,102520,1988-08-21,1,,3,1,1,3,2006-07-01,2006-07-01,3,4,,8,5,,,,5,6860,5900
960893,2017-12-04T21:09:48Z,103674,1988-05-23,2,2005-02-16,3,1,5,4,2015-01-01,2015-01-01,6,8,2006-04-01,11,3,11,6,11,2,10000,5000
959995,2017-12-04T15:09:12Z,103473,1996-12-03,2,2013-08-29,1,1,1,1,1996-12-01,1996-12-01,12,15,2015-10-01,2,1,10,2,,6,7200,3000
954195,2017-12-03T23:37:35Z,99706,1999-06-07,1,2015-06-23,4,0,0,5,2015-06-01,2015-06-01,4,6,,1,4,,,,6,4500,2000
960590,2017-12-04T18:28:31Z,103597,1992-06-27,2,2008-09-12,1,0,0,5,2008-09-01,2008-09-01,3,4,2013-04-01,4,1,13,6,4,1,7500,3700
958420,2017-12-04T07:34:20Z,103202,1981-12-14,1,1998-10-29,2,1,10,4,1989-09-01,1989-09-01,3,4,2011-02-01,12,1,12,6,4,1,7000,3000
959298,2017-12-04T12:13:20Z,81743,1998-12-19,2,2015-02-05,4,0,,5,2015-02-01,2015-02-01,1,2,,2,4,,,9,2,6000,2500
960771,2017-12-04T19:44:21Z,103637,1986-06-01,2,2004-03-16,3,1,1,5,2014-05-01,1992-06-01,9,5,2014-09-01,12,3,12,6,,5,9000,3000
959948,2017-12-04T14:56:16Z,85808,1995-01-17,2,2011-05-18,4,0,,1,2013-03-01,2003-04-01,20,24,2017-05-01,3,1,7,3,,5,6200,2000
959967,2017-12-04T15:01:18Z,66166,1985-03-26,1,2004-06-23,3,1,12,1,2004-06-10,2004-06-10,6,8,2015-09-10,6,1,12,6,,6,3000,1000
960578,2017-12-04T18:25:51Z,103587,1980-06-17,2,1996-08-30,4,0,0,1,2002-03-01,2002-03-01,3,4,2016-08-01,1,3,12,6,,5,5000,3000
958192,2017-12-04T03:33:17Z,103132,1974-08-07,2,1997-02-27,2,1,21,5,2000-02-01,2000-02-01,17,21,1992-11-01,25,1,2,5,,6,5000,3000
960532,2017-12-04T18:13:57Z,103497,1984-08-24,2,2001-02-02,3,2,11,3,2015-12-01,2015-12-01,19,23,2010-03-01,6,3,6,6,10,4,15000,9000
958879,2017-12-04T10:07:08Z,103280,1976-05-11,2,1998-10-05,1,1,14,5,2003-09-01,2003-09-01,3,4,2010-09-01,24,1,6,3,10,1,6000,3000
959387,2017-12-04T12:37:00Z,103366,1987-06-17,1,2014-12-29,2,2,12,5,2000-03-01,2000-03-01,3,4,2015-08-01,2,6,11,5,,6,4500,3000
960073,2017-12-04T15:32:42Z,103241,1994-07-08,2,2010-07-21,4,0,0,1,2014-09-01,2014-09-01,3,4,2016-07-01,7,1,11,2,3,1,14000,3000
959426,2017-12-04T12:50:50Z,103365,1984-03-25,1,2016-04-09,3,3,12,5,2017-08-01,2017-08-01,1,2,2005-04-01,7,3,10,3,10,2,4500,2850
952480,2017-12-03T09:39:32Z,102720,1992-05-12,2,2010-11-05,3,0,0,1,2002-09-01,2002-09-01,18,22,2010-05-01,7,1,6,4,5,1,10000,3000
958970,2017-12-04T10:32:17Z,103293,1992-12-24,2,2010-06-10,4,0,0,5,1993-01-01,1993-01-01,15,18,2016-03-01,3,1,11,2,,6,3200,2000
958933,2017-12-04T10:20:59Z,103284,1978-07-23,2,2002-07-25,3,1,11,1,2016-12-01,2016-12-01,11,14,2016-11-01,11,1,12,1,11,1,12000,10000
960731,2017-12-04T19:24:12Z,103627,1964-09-03,1,1999-09-22,2,3,16,5,2010-11-01,2010-11-01,18,22,,27,2,,,,6,5000,2300
958493,2017-12-04T08:01:25Z,103185,1995-06-11,1,2011-09-03,4,0,0,5,1995-06-01,1995-06-01,18,22,2017-01-01,5,1,11,4,11,1,6000,4000
959648,2017-12-04T13:41:52Z,48689,1986-12-07,1,2014-06-25,4,2,8,1,1986-12-10,2006-04-10,19,23,2012-06-10,5,6,12,6,,5,5000,2500
960236,2017-12-04T16:26:33Z,103526,1993-10-14,2,2009-12-17,4,0,0,1,2017-02-01,2017-02-01,18,22,2017-02-01,5,1,1,5,1,1,9000,5000
960308,2017-12-04T16:56:25Z,103552,1991-07-10,2,2010-09-09,4,0,0,5,2015-06-01,2015-06-01,20,24,2015-07-01,2,1,8,2,7,1,3400,1800
960427,2017-12-04T17:39:38Z,103558,1993-07-15,1,2010-12-22,4,0,0,1,1993-08-01,1993-08-01,9,11,,3,5,,,6,2,4300,2600
959982,2017-12-04T15:05:47Z,103471,1993-02-25,2,2009-03-10,4,0,0,1,1993-02-01,1993-02-01,2,3,2017-06-01,4,1,13,3,10,1,6000,4000
947510,2017-12-02T17:15:38Z,102397,1994-11-06,2,2011-04-27,4,0,0,5,2002-09-01,2002-09-01,3,4,2016-01-01,2,1,6,5,11,1,6000,4000
959206,2017-12-04T11:45:41Z,103244,1984-03-26,2,2002-03-05,3,0,0,1,2011-08-01,2011-08-01,12,15,2017-02-01,13,1,12,4,4,1,8000,4000
960585,2017-12-04T18:27:45Z,103602,1995-03-09,1,2011-05-04,4,1,1,5,2012-04-01,2012-04-01,3,4,,0,4,,,,6,5000,3000
958209,2017-12-04T04:37:31Z,103167,1988-06-13,2,2004-08-31,3,1,2,2,1992-04-01,1992-04-01,1,2,2007-04-01,9,1,2,1,2,1,9500,3000
958944,2017-12-04T10:23:13Z,103291,1986-04-01,2,2002-06-25,3,0,0,3,1986-04-01,1986-04-01,5,7,2008-10-01,10,3,3,6,8,1,6000,4000
959740,2017-12-04T14:07:46Z,103431,1996-11-16,2,2013-03-06,1,0,0,5,2008-12-01,2008-12-01,1,2,2015-03-01,2,6,12,4,4,1,5000,2500
959817,2017-12-04T14:27:45Z,103451,1984-04-06,2,2000-10-18,2,1,5,5,2014-11-01,2014-11-01,16,20,2017-02-01,12,1,11,1,4,1,10000,3000
959403,2017-12-04T12:43:04Z,103376,1996-01-18,2,2012-07-05,4,0,0,1,2000-07-01,2000-07-01,15,18,2017-01-01,5,1,2,5,9,1,8500,5000
954143,2017-12-03T22:35:38Z,103120,1977-03-31,1,2001-12-12,1,1,21,3,2014-02-01,1998-11-01,13,25,2014-02-01,21,1,3,6,2,2,20000,7000
959661,2017-12-04T13:44:19Z,74637,1979-03-19,2,1996-04-16,3,2,15,3,2006-08-01,2006-08-01,18,22,2014-01-01,18,1,12,6,11,2,22000,15000
959688,2017-12-04T13:53:55Z,103424,1989-07-25,2,2006-01-25,4,0,0,1,2010-01-01,2010-01-01,20,24,2010-07-01,9,1,2,4,,5,10000,4000
959546,2017-12-04T13:24:02Z,103374,1988-12-13,1,2008-10-10,1,4,9,1,2016-05-01,2016-05-01,6,8,,9,5,,,,3,5000,4500
958268,2017-12-04T05:54:35Z,103171,1992-01-14,1,2008-06-20,1,1,2,4,2015-03-01,2008-06-01,8,15,2013-05-01,8,3,4,6,10,1,15000,10000
954203,2017-12-03T23:46:40Z,103135,1988-08-07,2,2004-11-26,4,0,0,1,2010-09-01,1988-08-01,21,25,2015-03-01,3,1,2,4,4,1,7000,3500
960924,2017-12-04T21:44:52Z,74601,1992-09-26,2,2009-05-13,3,1,3,4,1996-01-01,1996-01-01,9,11,2015-01-01,7,1,6,2,,6,8500,6000
959760,2017-12-04T14:15:35Z,103433,1974-07-22,1,2003-10-06,2,0,0,5,2014-01-01,2014-03-01,4,3,2016-02-01,17,3,12,6,,6,17000,5000
959259,2017-12-04T12:02:02Z,103344,1968-10-02,2,2011-03-10,1,0,0,3,1989-11-01,1989-11-01,8,10,2003-02-01,33,1,6,5,3,1,10000,7000
960047,2017-12-04T15:25:33Z,73281,1990-09-19,2,2006-10-03,4,0,,1,1990-09-01,1990-09-01,13,16,2009-01-01,8,1,2,1,1,1,14000,4000
959722,2017-12-04T14:03:43Z,103417,1961-10-01,2,1998-04-14,2,2,32,5,2001-10-01,2001-10-01,18,22,2003-09-01,38,3,12,6,,6,20000,12000
960595,2017-12-04T18:28:53Z,102058,1971-01-21,2,1998-01-14,3,2,26,5,1999-02-01,1999-02-01,3,4,2013-12-01,25,1,2,5,,5,6500,3500
959043,2017-12-04T10:53:09Z,102083,1993-06-25,1,2013-11-26,3,1,3,1,1994-06-01,1994-06-01,19,23,,8,5,,,,6,1700,1500
953640,2017-12-03T17:22:15Z,102983,1989-08-15,2,2005-10-03,3,0,0,1,2003-07-01,2003-07-01,13,16,,9,5,,,,6,15000,10000
952558,2017-12-03T10:09:25Z,102725,1985-09-11,1,2006-04-03,4,0,0,1,2014-05-01,1985-09-01,8,4,2016-10-01,14,1,12,5,11,2,8000,5500
953801,2017-12-03T18:46:54Z,103008,1987-08-25,1,2004-10-02,4,0,0,1,2010-08-01,1987-08-01,8,24,2017-08-01,7,1,12,6,,6,6000,2500
952469,2017-12-03T09:34:34Z,102711,1987-03-25,1,2012-10-18,3,1,5,5,1987-03-01,1987-03-01,19,23,,5,5,,,11,2,5500,2000
947030,2017-12-02T14:25:04Z,102297,1976-06-25,2,1996-07-24,3,2,7,1,1989-05-01,2004-01-01,14,17,1997-02-01,22,1,2,1,,6,8600,4500
952549,2017-12-03T10:07:24Z,102569,1993-08-11,2,2009-09-28,3,1,1,1,2015-02-01,2015-02-01,15,18,2015-02-01,7,1,1,5,11,1,13000,4000
952781,2017-12-03T11:19:35Z,102776,1957-01-12,2,1999-09-14,3,0,0,1,2012-01-01,2012-01-01,10,12,,40,2,,,4,1,10740,2000
952437,2017-12-03T09:24:06Z,102704,1989-05-09,2,2005-11-05,4,0,0,1,2016-05-01,1989-05-01,6,25,2015-03-01,10,1,2,5,3,1,12000,8000
953491,2017-12-03T16:08:17Z,102949,1986-08-22,1,2016-07-09,3,1,11,5,2015-08-01,1990-04-01,11,10,2017-04-01,10,3,12,3,,6,15000,8000
953791,2017-12-03T18:44:35Z,24809,1984-03-27,1,2005-10-10,2,1,8,5,2008-02-01,2008-02-01,20,24,2004-09-01,11,1,10,4,6,1,7500,3000
953732,2017-12-03T18:19:34Z,93591,1994-06-10,2,2010-08-19,4,0,0,5,1994-06-01,1994-06-01,7,9,2017-05-01,5,1,6,4,11,1,5000,5000
948102,2017-12-02T22:37:33Z,102554,1992-06-04,2,2008-09-26,4,0,0,1,1992-06-01,1992-06-01,6,8,2014-12-01,3,6,12,2,10,1,11000,6000
952590,2017-12-03T10:16:34Z,102699,1992-05-19,2,2009-05-19,4,0,0,1,1992-05-01,1992-05-01,11,14,2013-10-01,6,1,12,5,,6,7800,4000
953707,2017-12-03T18:01:58Z,103001,1995-08-11,2,2011-12-22,4,0,0,5,2017-10-01,2017-10-01,1,2,2017-11-01,2,1,11,1,,6,5000,1500
952683,2017-12-03T10:52:34Z,92554,1998-02-20,2,2014-04-22,4,0,,5,1998-02-01,1998-02-01,3,4,2016-02-01,4,1,6,2,,6,7000,3000
953269,2017-12-03T14:29:13Z,102890,1995-01-02,2,,4,0,0,1,2011-09-01,2011-09-01,2,3,2017-10-01,3,1,6,5,,6,8000,5000
953891,2017-12-03T19:41:29Z,103064,1987-06-22,1,2003-12-03,3,1,3,5,2009-11-01,2009-11-01,14,17,2014-09-01,7,1,10,2,6,1,5500,1000
952625,2017-12-03T10:28:51Z,102673,1990-05-28,1,2014-08-07,3,2,8,5,2009-09-01,2009-09-01,8,10,2016-05-01,9,3,12,6,9,1,10000,2000
952833,2017-12-03T11:30:21Z,102792,1994-07-19,1,2016-08-30,3,1,1,1,2016-03-01,2000-06-01,18,22,2014-10-01,4,1,12,4,,6,6000,3500
953010,2017-12-03T12:40:10Z,102795,1984-10-22,2,2001-02-27,3,1,5,5,1989-05-01,1989-05-01,19,23,2015-10-01,13,1,7,4,,6,7000,2500
953318,2017-12-03T14:49:13Z,102899,1986-09-21,2,2003-03-18,4,0,0,5,2014-09-01,1986-09-01,8,4,2015-11-01,2,1,11,2,,5,7000,5000
952510,2017-12-03T09:49:11Z,102706,1984-10-17,2,2001-04-01,1,0,0,1,1984-11-01,1984-11-01,18,22,2017-08-01,15,1,3,4,6,2,8000,4000
952150,2017-12-03T06:31:51Z,102631,1990-01-27,2,2006-12-19,3,0,0,1,1995-09-01,1995-09-01,8,10,2014-05-01,8,1,12,6,4,2,11000,5000
953793,2017-12-03T18:44:47Z,103035,1981-03-08,2,2014-08-07,4,0,0,4,2003-04-01,2003-04-01,8,10,2017-09-01,10,1,7,3,11,1,9000,5000
953101,2017-12-03T13:18:38Z,102853,1997-10-27,1,2013-11-29,4,0,0,1,2011-09-01,2011-09-01,18,22,2017-09-01,1,1,11,5,,6,5000,3500
952650,2017-12-03T10:37:21Z,102749,1993-03-17,2,2009-05-12,4,0,0,1,2007-04-01,2007-04-01,6,8,2012-11-01,9,1,6,5,,6,6500,5000
952916,2017-12-03T11:59:29Z,30379,1984-05-06,1,2001-06-07,4,1,5,5,1991-03-10,1991-03-10,23,27,2005-05-10,12,1,11,5,4,1,6500,2500
946905,2017-12-02T13:45:39Z,100398,1988-02-23,2,2015-12-16,3,0,0,5,2004-06-01,2004-06-01,3,4,2016-04-01,12,1,6,4,,5,9500,4000
952264,2017-12-03T08:01:56Z,94290,1989-05-19,2,2005-06-26,3,1,5,1,2011-05-01,2011-05-01,1,2,2011-05-01,9,1,1,5,,6,9000,4000
953071,2017-12-03T13:10:56Z,102141,1993-12-25,1,2010-07-30,4,3,7,1,2016-10-01,2016-10-01,21,25,,3,5,,,,6,7000,2000
952567,2017-12-03T10:10:59Z,102732,1999-02-23,1,2015-09-26,4,0,0,5,1999-02-01,1999-02-01,19,23,,0,4,,,4,2,5000,4500
952195,2017-12-03T07:18:28Z,102643,1993-01-15,1,2009-03-05,1,2,6,1,2011-09-01,1993-01-01,6,8,2013-09-01,4,1,8,5,,6,4000,3000
952241,2017-12-03T07:53:47Z,102659,1986-12-14,1,2003-01-16,4,0,0,1,2017-05-01,2017-05-01,8,10,2016-12-01,10,1,12,3,4,1,20000,7000
952338,2017-12-03T08:48:39Z,102682,1988-05-17,1,2016-06-22,3,2,4,5,1994-01-01,1994-01-01,9,11,2008-12-01,11,6,12,6,,6,5500,5000
953370,2017-12-03T15:22:29Z,102868,1953-12-13,1,2001-02-07,4,0,0,4,2000-02-01,2000-02-01,23,27,2015-02-01,40,1,8,3,,5,5300,2000
952863,2017-12-03T11:43:03Z,102801,1995-08-05,2,2011-11-02,4,0,0,5,2014-11-01,2014-11-01,6,8,,3,4,,,7,2,5000,2500
953024,2017-12-03T12:46:05Z,102836,1986-01-18,2,2002-04-08,4,0,0,5,2002-06-01,2002-06-01,13,16,2012-11-01,12,6,11,6,3,1,7000,3800
953590,2017-12-03T16:57:25Z,102970,1983-07-18,2,2009-08-18,1,0,0,5,1992-07-01,1992-07-01,20,24,2015-04-01,18,3,3,6,,6,5000,4000
952255,2017-12-03T07:56:48Z,102655,1993-10-11,2,2009-10-21,4,0,0,1,2017-03-01,2017-03-01,17,21,2016-06-01,2,1,2,3,1,1,7099,2560
952397,2017-12-03T09:11:24Z,28566,1993-09-22,2,2010-11-11,4,0,,5,2017-03-10,2017-03-10,4,6,2017-04-10,0,1,6,5,9,1,6500,3500
953450,2017-12-03T15:49:40Z,102942,1990-09-21,2,2016-11-15,4,0,0,1,1990-09-01,1990-09-01,1,2,2016-08-01,2,1,12,3,,5,4000,2500
953198,2017-12-03T14:04:20Z,102883,1995-01-03,2,2011-08-19,4,0,0,1,2016-01-01,2005-12-01,23,27,2016-10-01,4,3,3,3,,6,6000,3000
952461,2017-12-03T09:32:08Z,74873,1996-05-21,1,2012-05-31,4,1,1,1,2016-03-01,2016-03-01,2,3,,0,5,,,,6,2100,300
948056,2017-12-02T22:04:53Z,102539,1988-09-28,2,2005-08-31,4,0,0,3,1988-09-01,1988-09-01,13,16,2016-09-01,8,1,6,4,,6,9000,3000
947301,2017-12-02T15:57:11Z,85090,1993-01-25,2,2009-09-29,4,0,,1,2000-01-01,2000-01-01,9,11,2015-02-01,6,1,11,1,,6,2000,2000
952700,2017-12-03T10:57:47Z,102766,1983-11-28,1,2004-05-20,3,2,14,1,2008-03-01,2008-03-01,12,15,2010-04-01,10,1,8,1,,6,6500,2500
948141,2017-12-02T23:44:55Z,102567,1995-01-15,1,2011-02-14,4,1,3,1,2011-02-01,2011-02-01,13,16,2016-03-01,1,6,12,6,,5,6000,3400
951992,2017-12-03T00:31:07Z,102578,1994-08-01,2,2010-10-07,4,0,0,5,1994-08-01,1994-08-01,9,11,2017-09-01,3,1,3,6,,3,9000,7000
953528,2017-12-03T16:31:05Z,102954,1996-08-29,1,2012-10-03,1,1,3,1,1996-08-01,1996-08-01,10,12,2017-09-01,1,6,12,3,,5,3500,3000
952902,2017-12-03T11:52:37Z,75325,1978-11-08,1,2005-05-17,1,1,13,1,1978-11-01,1978-11-01,6,8,2016-07-01,20,1,6,3,4,1,6500,2000
952957,2017-12-03T12:17:38Z,102809,1984-03-11,2,2000-07-27,4,0,0,5,1984-03-01,1984-03-01,8,10,2015-01-01,12,1,11,1,10,1,8000,5000
953075,2017-12-03T13:11:52Z,102855,1985-07-30,2,2013-09-24,1,1,2,1,2012-03-01,2012-03-01,18,22,2017-06-01,9,1,3,1,,5,10000,10000
952578,2017-12-03T10:13:01Z,102730,1999-07-16,1,2015-09-05,4,0,0,5,2010-12-01,2010-12-01,18,22,,0,4,,,10,1,4000,3500
952017,2017-12-03T01:36:49Z,102588,1986-02-15,1,2016-07-23,3,1,10,5,1986-02-01,1986-02-01,21,25,2008-08-01,9,1,8,5,,6,4300,1000
953858,2017-12-03T19:16:57Z,103051,1990-01-25,1,2008-10-23,4,1,2,1,2005-03-01,2005-03-01,3,4,2017-09-01,6,3,11,6,,6,4500,2670
952738,2017-12-03T11:10:20Z,102781,1979-11-29,2,1996-04-12,2,1,12,5,1988-07-01,1988-07-01,8,10,2014-12-01,20,1,11,1,11,1,15000,8000
952849,2017-12-03T11:36:03Z,102800,1984-09-20,1,2005-08-18,3,2,12,5,2016-12-01,2016-12-01,23,27,2009-08-01,12,1,7,2,,6,12000,3900
952982,2017-12-03T12:27:56Z,102831,1993-01-19,2,2008-07-08,4,0,0,1,2016-12-01,2016-12-01,1,2,2014-03-01,4,1,2,4,9,1,10000,7000
954023,2017-12-03T21:10:11Z,102540,1984-09-11,2,2000-10-18,4,0,0,4,1984-09-01,1984-09-01,12,15,2017-10-01,10,1,12,2,,6,7500,3500
953881,2017-12-03T19:28:59Z,103062,1993-09-18,2,2010-01-25,4,0,0,5,1993-09-01,1993-09-01,18,22,2013-05-01,4,1,3,6,2,1,11000,6000
953626,2017-12-03T17:16:36Z,51463,1987-10-21,1,2007-07-09,3,2,10,1,2006-06-01,2007-07-01,3,4,,4,5,,,,5,6000,4000
953967,2017-12-03T20:35:46Z,102985,1991-08-13,2,2007-09-24,4,0,0,1,2009-04-01,2009-04-01,13,16,2012-12-01,5,1,2,5,,5,8200,3500
953357,2017-12-03T15:14:38Z,102905,1997-06-20,2,2013-07-25,1,0,0,1,2013-08-01,2013-08-01,3,4,2016-12-01,4,1,6,4,,6,3500,3200
953940,2017-12-03T20:16:51Z,103066,1991-07-06,2,2007-12-04,3,1,6,1,1991-10-01,1991-10-01,11,14,2016-12-01,5,1,12,3,9,1,6000,3000
946194,2017-12-02T09:33:33Z,102089,1985-01-11,2,2001-07-17,3,2,14,5,2007-10-01,2007-10-01,3,4,2015-08-01,12,1,6,5,,6,10000,7000
952062,2017-12-03T03:22:38Z,102604,1989-09-15,2,2006-06-29,4,0,0,4,1989-09-01,1989-09-01,8,10,,2,5,,,6,2,10500,5000
952331,2017-12-03T08:45:36Z,102685,1993-04-30,2,2009-06-24,4,0,0,5,1986-11-01,1986-11-01,11,14,2010-09-01,7,1,2,5,8,1,10000,5500
952097,2017-12-03T04:52:50Z,102617,1978-05-19,2,1996-02-14,2,0,0,5,2007-04-01,2007-04-01,14,17,2015-07-01,25,1,3,6,11,1,4000,3000
952213,2017-12-03T07:27:08Z,102651,1994-03-29,2,2013-05-15,4,0,0,1,2006-05-01,2006-05-01,22,26,2012-06-01,5,3,6,6,,6,10000,6000
953175,2017-12-03T13:57:16Z,102879,1980-04-24,2,2006-03-13,2,0,0,1,2016-03-01,2014-05-01,8,17,2016-06-01,20,1,6,2,11,1,20000,1000
953735,2017-12-03T18:22:12Z,103019,1994-10-06,2,2011-01-11,4,0,0,3,2016-10-01,2016-10-01,23,27,2013-11-01,4,1,13,5,,6,8000,3000
953546,2017-12-03T16:45:04Z,102952,1990-11-26,1,2011-10-29,1,1,6,5,1991-01-01,1991-01-01,10,12,,5,5,,,,6,10000,4000
947700,2017-12-02T18:44:00Z,102458,1974-07-22,2,2001-10-03,3,1,7,5,1994-12-01,1994-12-01,4,6,,10,2,,,,6,12000,1500
953609,2017-12-03T17:09:00Z,70326,1996-03-03,1,2013-06-17,4,0,,4,1996-03-01,1996-03-01,3,4,2015-08-01,2,1,12,6,,3,4500,2000
952996,2017-12-03T12:34:18Z,92605,1991-06-03,2,2007-12-17,4,0,0,5,1993-08-01,1993-08-01,14,17,2017-02-01,4,1,13,2,10,7,5000,3000
951975,2017-12-03T00:05:54Z,102572,1998-10-29,2,2014-10-28,4,0,0,1,1999-12-01,1999-12-01,12,15,2016-12-01,2,1,6,3,,6,7000,2000
952799,2017-12-03T11:23:11Z,102785,1983-08-24,1,2000-05-23,1,0,0,5,1984-12-01,1984-12-01,8,10,2010-05-01,7,1,12,6,4,1,8000,5000
952071,2017-12-03T04:02:23Z,102606,1991-03-29,2,2007-11-17,4,0,0,5,2016-05-01,2016-05-01,23,27,2015-06-01,2,1,1,5,,6,7200,5000
941582,2017-12-01T19:46:56Z,101892,1986-12-16,2,2003-02-20,3,2,8,5,2002-02-01,2015-05-01,18,22,2014-01-01,7,3,2,3,,6,7000,2000
953279,2017-12-03T14:34:00Z,102895,1989-10-23,2,2014-08-01,3,1,1,5,1995-12-01,1995-12-01,1,2,2016-10-01,5,3,12,6,,6,6000,2000
953067,2017-12-03T13:09:48Z,102826,1994-01-31,2,2010-03-25,4,0,0,3,2017-11-01,2017-11-01,16,20,2017-11-01,0,3,12,6,,6,3500,3000
952091,2017-12-03T04:44:47Z,102615,1976-06-29,2,1999-01-05,3,1,6,3,2007-10-01,2007-10-01,9,11,2017-05-01,20,1,6,3,,6,7000,7000
951982,2017-12-03T00:20:40Z,102577,1994-01-17,1,2016-08-01,3,2,5,5,2005-10-01,2005-10-01,3,4,,0,4,,,4,2,3000,2000
946273,2017-12-02T10:16:04Z,102115,1982-02-10,1,2005-11-09,3,2,14,1,2017-06-01,1999-06-01,10,12,2014-01-01,4,6,7,6,10,1,7000,5000
952971,2017-12-03T12:23:00Z,102827,1996-03-23,2,2012-05-18,4,0,0,3,1996-03-01,1996-03-01,15,18,,3,4,,,4,1,5000,2000
953382,2017-12-03T15:25:17Z,84031,1994-07-19,1,2011-01-12,4,0,,1,2012-09-01,2012-09-01,3,4,2016-05-01,1,1,1,1,,6,7500,3500
953418,2017-12-03T15:35:58Z,102908,1993-03-12,2,2010-05-12,4,0,0,1,2016-11-01,1999-09-01,12,15,2015-09-01,5,1,13,3,,6,7000,3000
946994,2017-12-02T14:13:40Z,97577,1992-03-15,2,2008-05-18,4,0,0,1,1992-05-01,1992-05-01,10,12,,4,5,,,11,1,4500,1500
946982,2017-12-02T14:12:04Z,102298,1989-12-14,2,2007-06-20,2,1,5,1,2016-09-01,2012-08-01,13,15,2017-03-01,0,3,13,5,8,1,18000,10000
947526,2017-12-02T17:27:12Z,102370,1975-12-07,2,2003-03-15,1,1,5,1,2001-01-01,2001-01-01,2,3,2009-12-01,15,3,11,6,,6,10000,6000
945931,2017-12-02T07:21:03Z,102016,1989-03-02,2,2005-05-11,3,1,1,1,2014-03-01,1989-03-01,2,3,2010-11-01,7,1,6,5,11,1,10000,8000
945935,2017-12-02T07:23:01Z,102032,1993-06-16,1,2011-07-29,2,1,6,5,2003-08-01,2003-08-01,15,18,2014-07-01,4,1,8,1,,6,5000,3000
947478,2017-12-02T17:08:45Z,102406,1994-02-04,2,2010-03-24,3,0,0,1,1994-02-01,1994-02-01,17,21,2016-09-01,1,1,1,1,,6,7400,4000
941858,2017-12-01T22:24:42Z,101966,1974-03-07,1,2001-01-22,2,1,20,1,1989-04-01,1989-04-01,9,11,1993-04-01,25,1,12,3,,6,10000,3500
946188,2017-12-02T09:31:13Z,102088,1964-08-07,2,1997-12-15,3,1,30,5,1964-08-01,1964-08-01,13,16,2017-11-01,30,1,12,5,11,2,7000,3000
948030,2017-12-02T21:44:59Z,102529,1997-07-22,2,2013-09-12,4,0,0,1,2005-09-01,2005-09-01,9,11,2016-06-01,5,1,2,5,,6,7000,3000
946854,2017-12-02T13:19:25Z,102227,1998-03-04,2,2014-04-11,4,0,0,5,2007-10-01,2007-10-01,18,22,2016-02-01,1,1,3,1,,5,5000,3
945832,2017-12-02T06:08:38Z,101835,1997-08-26,1,2013-08-29,4,0,0,1,2017-03-01,2017-03-01,21,25,2016-04-01,2,1,12,2,10,2,4500,1500
946155,2017-12-02T09:15:43Z,91287,1992-07-04,2,2008-12-10,4,0,0,1,2016-09-01,2016-09-01,3,4,2015-09-01,4,1,3,2,11,1,8400,5000
947913,2017-12-02T20:14:55Z,102481,1977-07-22,1,1998-10-29,4,1,17,1,1981-05-01,1981-05-01,6,8,2014-08-01,3,1,12,3,,5,4000,4000
947946,2017-12-02T20:47:04Z,71809,1988-07-12,2,2005-03-10,4,0,0,5,2005-11-01,2005-11-01,1,2,2011-06-01,6,3,12,6,,5,8000,4000
946387,2017-12-02T10:46:22Z,102125,1990-07-21,2,2006-12-15,4,0,0,1,2015-01-01,2015-01-01,18,22,2013-09-01,4,1,1,5,4,7,10500,5000
947473,2017-12-02T17:07:24Z,102401,1981-01-08,2,,4,0,0,5,1985-06-01,1985-06-01,14,17,,18,5,,,,6,6000,3000
946825,2017-12-02T13:07:40Z,102101,1982-07-03,1,2010-12-08,1,2,11,5,2014-07-01,2014-07-01,18,22,2011-07-01,16,1,4,6,10,2,5000,2000
947531,2017-12-02T17:32:05Z,102412,1992-02-19,1,2012-09-12,2,1,5,5,1998-02-01,1998-02-01,12,15,2013-08-01,4,1,10,2,6,1,6900,2500
947078,2017-12-02T14:43:07Z,102299,1994-11-14,1,2011-01-18,3,0,0,1,2017-03-01,2012-09-01,13,16,,1,5,,,6,2,7000,7000
946436,2017-12-02T11:04:16Z,102143,1988-03-27,2,2009-12-21,3,2,4,3,1988-03-01,1988-03-01,14,17,2016-03-01,13,1,7,6,4,1,8600,6000
946033,2017-12-02T08:25:25Z,101374,1991-06-21,1,2014-10-17,3,1,8,5,2001-05-01,2001-05-01,6,8,2012-09-01,9,1,12,3,10,2,4700,1100
947337,2017-12-02T16:06:57Z,102377,1997-08-02,1,2013-08-22,4,0,0,4,2011-06-01,2011-06-01,3,4,2016-07-01,1,1,12,4,4,2,5500,3300
946349,2017-12-02T10:36:45Z,102129,1974-09-10,1,1997-09-02,4,2,9,1,2012-05-01,2012-05-01,13,16,1996-05-01,21,1,2,5,8,1,10000,5000
947821,2017-12-02T19:39:25Z,102472,1997-12-18,2,2014-02-10,1,1,3,5,1997-12-01,1997-12-01,3,4,2016-02-01,1,3,3,6,,5,4000,3000
947947,2017-12-02T20:47:07Z,102510,1995-12-10,1,2012-05-24,4,0,0,5,2010-01-01,2002-03-01,9,11,2017-03-01,4,1,11,5,4,1,8000,8000
947065,2017-12-02T14:40:11Z,102176,1990-07-29,1,2009-11-26,3,1,6,1,1990-07-01,1990-07-01,9,11,2015-12-01,2,6,12,5,,6,10000,5000
946887,2017-12-02T13:39:22Z,102269,1999-11-08,2,2015-12-11,4,0,0,1,1999-11-01,1999-11-01,11,14,,0,4,,,,5,1900,300
946127,2017-12-02T09:05:39Z,80891,1977-11-19,1,2003-05-23,3,2,14,5,2003-09-01,2003-09-01,7,9,2001-06-01,17,1,1,1,,5,8000,4000
947909,2017-12-02T20:12:32Z,102492,1991-02-21,2,2016-09-07,3,1,1,5,2017-07-01,2017-07-01,12,15,2014-12-01,3,1,5,6,,6,15000,10000
947396,2017-12-02T16:36:47Z,86321,1986-05-26,1,2015-04-22,2,1,10,1,2003-10-01,2003-10-01,3,4,,10,5,,,,5,7500,2300
946483,2017-12-02T11:23:04Z,100815,1991-09-17,2,2008-08-15,3,0,0,5,2013-08-01,2006-08-01,8,17,2011-04-01,5,1,4,1,10,2,15000,8000
946267,2017-12-02T10:14:25Z,102099,1984-06-21,1,2010-10-12,3,0,0,5,1997-07-01,1997-07-01,14,17,2010-08-01,10,1,8,1,4,1,6000,4000
947464,2017-12-02T17:03:13Z,100261,1985-03-13,1,2014-08-19,3,0,0,5,1995-09-01,1995-09-01,8,10,2010-08-01,7,1,11,6,10,1,15000,8000
947277,2017-12-02T15:48:45Z,102362,1997-12-11,2,2015-04-15,4,0,0,1,2010-12-01,2010-12-01,8,10,2017-05-01,3,1,11,3,,6,7000,5000
946125,2017-12-02T09:04:41Z,102077,1990-08-27,2,2009-11-27,4,0,0,5,1997-09-01,1997-09-01,9,11,2015-09-01,4,1,4,3,6,1,6000,3000
947139,2017-12-02T15:06:11Z,102336,1993-04-17,1,2009-08-08,4,0,0,1,2016-09-01,2016-09-01,11,14,2016-12-01,7,1,6,1,6,1,8500,4500
945817,2017-12-02T05:54:50Z,96556,1988-06-25,2,2004-08-31,3,1,2,1,1990-05-01,1990-05-01,6,8,2010-02-01,7,1,6,1,,6,7500,2000
946287,2017-12-02T10:24:24Z,102120,1989-01-17,2,2005-08-25,4,0,0,1,1989-01-01,1989-01-01,11,14,2008-10-01,10,3,4,6,,6,10000,5000
946992,2017-12-02T14:13:28Z,102294,1991-05-28,2,2013-05-23,4,0,0,1,2017-05-01,1991-05-01,13,15,2017-04-01,5,1,6,4,,6,10000,5000
947358,2017-12-02T16:14:32Z,54053,1996-04-11,2,2012-06-23,4,0,0,5,2017-05-10,1996-04-10,8,24,2017-08-01,2,1,11,2,,6,7000,2000
946812,2017-12-02T13:05:34Z,102243,1997-03-13,2,,4,0,0,5,2004-04-01,2004-04-01,21,25,2015-08-01,2,1,6,2,11,2,5000,4500
946489,2017-12-02T11:24:04Z,102171,1979-09-06,2,1995-10-11,4,0,0,5,2006-05-01,2006-05-01,7,9,2000-12-01,18,1,1,5,,6,8200,4000
945763,2017-12-02T03:54:00Z,102000,1986-10-10,2,2016-10-16,4,0,0,1,2016-02-01,2006-01-01,3,4,2012-01-01,8,6,3,4,,6,3000,2000
947852,2017-12-02T19:50:40Z,102480,1995-05-15,2,2011-06-08,4,0,0,1,2015-09-01,2015-09-01,11,14,2017-09-01,3,6,10,4,10,2,4000,3000
941874,2017-12-01T22:27:51Z,101967,1994-07-17,2,2010-07-30,4,0,0,2,2010-07-01,2010-07-01,10,12,2016-09-01,3,3,5,6,9,1,10000,4500
946771,2017-12-02T12:57:40Z,102231,1979-09-08,2,2000-09-18,1,0,0,1,2003-06-01,1985-08-01,14,12,2017-06-01,7,1,6,5,11,2,7000,4000
946777,2017-12-02T12:58:05Z,102229,1997-12-18,2,2014-01-13,4,0,0,5,2002-05-01,2002-05-01,9,11,,4,4,,,,6,5000,3000
946889,2017-12-02T13:39:36Z,102264,1990-03-21,2,2006-07-20,3,0,0,1,2002-01-01,2002-01-01,3,4,2017-09-01,7,1,3,1,,5,7000,6000
947437,2017-12-02T16:53:04Z,102403,1993-02-06,2,2009-02-16,4,0,0,1,2003-08-01,2003-08-01,14,17,2017-02-01,6,1,12,2,4,2,5500,5000
946532,2017-12-02T11:40:26Z,102180,1986-08-31,1,2009-12-22,3,1,7,5,2002-10-01,2002-10-01,14,17,2015-02-01,2,1,5,5,4,1,6500,2000
941896,2017-12-01T22:39:53Z,101969,1985-03-19,2,2002-03-14,2,1,8,1,1987-07-01,1987-07-01,8,10,2016-05-01,14,1,12,2,4,1,9000,4000
946446,2017-12-02T11:09:02Z,102163,1993-05-08,2,2009-06-15,4,0,0,1,2011-09-01,2011-09-01,3,4,2016-07-01,6,1,6,1,,6,8000,2500
945705,2017-12-02T01:25:24Z,101990,1995-09-03,2,2011-09-08,4,0,0,5,2001-06-01,2001-06-01,1,2,2016-05-01,1,1,1,5,,6,7000,7000
946151,2017-12-02T09:15:07Z,102079,1991-06-05,1,2013-10-15,3,0,0,4,2011-03-01,2011-03-01,3,4,2011-10-01,7,3,12,6,4,2,10000,7000
946504,2017-12-02T11:29:06Z,24009,1982-06-11,2,1996-11-23,4,0,0,5,1992-03-01,1992-03-01,10,12,2008-07-01,10,3,3,6,,6,10000,5000
947053,2017-12-02T14:34:33Z,102311,1992-07-11,2,2008-07-19,4,0,0,1,2008-08-01,2008-08-01,21,25,2017-06-01,8,1,6,6,10,2,7000,4000
946643,2017-12-02T12:17:36Z,102190,1976-01-11,2,2004-09-30,3,1,10,5,2000-04-01,2000-04-01,9,11,2016-01-01,15,1,12,5,4,1,12000,7000
947363,2017-12-02T16:15:58Z,102380,1999-02-24,1,2015-07-23,4,0,0,5,2016-08-01,2001-03-01,8,10,2017-04-01,2,6,4,2,10,2,7000,3000
945992,2017-12-02T08:04:36Z,102044,1985-02-05,2,2014-03-04,4,0,0,1,1986-09-01,1986-09-01,9,11,2016-05-01,10,1,3,1,2,1,8500,7000
941673,2017-12-01T20:41:05Z,98497,1965-02-10,1,2001-03-27,3,1,1,3,1994-12-01,1994-12-01,12,15,1995-06-01,9,3,11,6,,6,15000,3000
947287,2017-12-02T15:52:14Z,48006,1994-09-29,2,2015-07-09,4,0,0,1,1995-11-01,1995-11-01,9,11,2016-01-01,4,1,2,5,,6,7000,10
946682,2017-12-02T12:27:16Z,102216,1976-10-15,1,1997-04-01,2,1,20,5,1997-04-01,1997-04-01,11,14,2007-05-01,10,1,2,5,,6,4000,2000
946789,2017-12-02T13:01:25Z,102234,1993-03-08,2,2009-04-08,4,0,0,1,1990-04-01,1990-04-01,18,22,2016-10-01,3,1,1,5,,6,8000,5000
947155,2017-12-02T15:10:47Z,102318,1993-11-26,2,2015-05-12,4,0,0,5,2015-08-01,1993-11-01,23,27,,4,5,,,,5,4000,3000
945858,2017-12-02T06:37:01Z,102015,1995-03-22,1,2011-04-28,1,1,1,1,1995-03-01,1995-03-01,18,22,2016-08-01,4,3,12,6,,5,6000,4000
946924,2017-12-02T13:52:37Z,102272,1998-11-23,2,2015-01-06,4,0,0,1,2000-09-01,2000-09-01,3,4,2017-09-01,0,1,6,5,,5,6000,6000
946260,2017-12-02T10:10:31Z,102116,1999-08-18,2,2015-08-27,4,0,0,4,2016-08-01,2016-08-01,18,22,2017-04-01,1,1,12,2,4,2,6500,3000
941133,2017-12-01T16:33:26Z,101783,1995-07-25,2,2011-09-26,4,0,0,1,1995-07-01,1995-07-01,23,27,2013-11-01,4,1,1,5,,5,7000,3000
948015,2017-12-02T21:32:58Z,102523,1987-10-22,1,2012-07-27,3,1,3,5,2017-10-01,1987-10-01,13,5,,5,5,,,11,1,10000,6500
945741,2017-12-02T03:08:27Z,101951,1993-07-11,2,2009-08-05,3,1,1,1,2006-03-01,2006-03-01,9,11,2015-10-01,5,1,12,2,,6,10000,7000
946339,2017-12-02T10:36:07Z,102130,1995-11-04,2,2011-11-14,4,0,0,1,2017-08-01,1995-11-01,8,24,2017-08-01,0,1,7,2,,5,8000,2000
947246,2017-12-02T15:37:06Z,84765,1998-04-20,1,2014-05-12,4,0,0,1,2017-09-01,2017-09-01,18,22,2017-10-01,2,6,4,2,9,2,5000,3000
947633,2017-12-02T18:20:23Z,102432,1995-06-11,2,2011-07-20,4,0,0,5,2014-06-01,2014-06-01,8,10,2017-01-01,1,1,12,2,4,1,30000,20000
946761,2017-12-02T12:56:02Z,63587,1999-02-04,2,2015-02-25,4,0,0,1,2002-01-10,2002-01-10,1,2,1970-01-10,0,4,,,,5,3000,2000
946460,2017-12-02T11:16:17Z,102161,1992-10-21,2,2010-04-01,4,0,0,5,2010-04-01,2010-04-01,13,16,2016-12-01,5,3,7,6,,6,12000,3000
946595,2017-12-02T12:04:36Z,102198,1992-03-23,2,2008-11-07,4,0,0,5,2000-01-01,2000-01-01,12,15,2016-02-01,1,1,3,4,10,1,7000,5000
946968,2017-12-02T14:08:18Z,102271,1980-12-10,2,2015-04-16,1,1,15,5,1998-10-01,1998-10-01,18,22,2012-05-01,15,1,3,4,,6,6000,4000
947643,2017-12-02T18:21:24Z,102451,1985-04-13,2,2001-11-24,4,0,0,1,2016-01-01,1998-01-01,20,24,2017-09-01,0,1,6,4,4,1,4500,3000
947238,2017-12-02T15:36:14Z,59779,1994-01-09,2,2010-01-12,4,0,0,5,2005-12-10,2005-12-10,9,11,2016-11-01,2,1,1,1,4,2,7359,300
946077,2017-12-02T08:43:48Z,102064,1993-05-06,2,2009-07-22,4,0,0,1,2003-03-01,2003-03-01,17,21,2013-01-01,5,1,2,4,9,1,8000,5500
946956,2017-12-02T14:03:25Z,102259,1995-05-27,2,2012-01-12,4,0,0,3,2016-10-01,2016-10-01,21,25,2017-08-01,4,6,11,6,6,2,2500,2000
947657,2017-12-02T18:23:09Z,102443,1983-03-15,2,2000-05-19,3,1,2,5,2000-04-01,2000-04-01,21,25,2017-01-01,8,1,2,2,10,2,4600,3000
947350,2017-12-02T16:11:54Z,102383,1999-07-13,1,2015-08-13,4,0,0,1,1999-07-01,1999-07-01,21,25,2017-01-01,0,1,11,5,6,2,4500,4000
939962,2017-12-01T11:03:41Z,99139,1988-05-29,2,2004-08-10,4,0,0,1,1988-05-01,1988-05-01,3,4,2015-04-01,2,1,6,5,,6,8000,3000
941508,2017-12-01T19:08:55Z,101880,1990-07-29,1,2007-06-11,4,1,2,5,1995-04-01,1995-04-01,11,14,,1,5,,,,6,1850,1000
939716,2017-12-01T09:49:46Z,101524,1993-05-09,2,2009-05-19,4,0,0,5,2002-08-01,2002-08-01,8,10,2015-03-01,5,1,13,3,11,2,8000,1500
939958,2017-12-01T11:02:38Z,101520,1993-01-22,2,2010-01-22,3,1,2,1,2000-01-01,2000-01-01,3,4,2012-12-01,6,1,6,5,,6,7000,600
940773,2017-12-01T15:03:36Z,101729,1993-02-13,2,2009-06-15,4,0,0,5,2006-09-01,2006-09-01,16,20,,0,5,,,,6,2500,1000
940061,2017-12-01T11:39:49Z,51962,1971-03-07,1,2000-03-20,2,1,0,1,1988-01-10,1988-01-10,3,4,1993-11-10,24,1,12,1,,3,3500,1500
940066,2017-12-01T11:40:58Z,53487,1989-12-27,2,,4,0,0,1,1990-01-01,1990-01-01,9,11,2012-05-01,5,1,13,5,8,1,8000,1000
940524,2017-12-01T13:50:10Z,101675,1990-11-20,2,2007-03-03,3,1,4,4,2011-02-01,2011-02-01,3,4,2017-04-01,7,1,13,1,,6,5000,2500
940850,2017-12-01T15:26:23Z,101686,1991-07-07,2,2007-10-11,4,0,0,4,1997-01-01,1997-01-01,2,3,2008-07-01,9,3,3,6,11,1,7000,4000
939612,2017-12-01T09:21:23Z,101511,1998-01-24,2,2014-03-05,4,0,0,1,2004-06-01,2004-06-01,20,24,2016-12-01,1,1,12,6,5,2,8000,4500
941603,2017-12-01T19:59:26Z,101901,1988-02-27,2,2004-12-13,4,0,0,1,2012-10-01,2012-10-01,18,22,2016-06-01,9,1,5,5,4,1,9000,2000
939451,2017-12-01T08:28:28Z,101481,1994-05-26,1,2010-07-27,4,0,0,1,2017-09-01,2010-09-01,21,25,2017-02-01,1,3,9,5,6,1,3100,3100
941469,2017-12-01T18:46:52Z,101871,1997-01-29,2,2013-11-13,4,0,0,1,2015-06-01,2015-06-01,11,14,2015-09-01,2,3,12,6,,6,5000,450
940973,2017-12-01T15:54:34Z,101768,1985-09-08,2,2003-03-18,3,2,4,5,2010-06-01,2010-01-01,19,23,2016-07-01,12,1,6,5,11,2,12000,6000
939140,2017-12-01T04:11:41Z,101442,1996-01-14,2,1996-03-14,4,0,0,5,2016-05-01,1996-01-01,18,4,2017-09-01,1,6,10,2,3,2,7000,4000
939602,2017-12-01T09:17:19Z,100163,1992-01-16,2,2008-08-21,4,0,0,1,1999-08-01,1999-08-01,1,2,2014-04-01,8,3,13,6,,5,4300,2400
940986,2017-12-01T15:56:49Z,101734,1985-06-17,2,2001-10-23,3,3,11,4,2016-11-01,2016-11-01,6,8,2017-09-01,13,6,12,2,,5,8000,2000
932719,2017-11-30T09:28:59Z,100912,1996-11-23,1,2015-08-19,3,1,1,5,2015-08-01,2015-08-01,16,20,2017-09-01,3,6,8,2,7,2,10000,8000
940377,2017-12-01T13:02:21Z,101644,1985-01-15,2,2001-05-18,4,0,0,1,1985-01-01,1985-01-01,16,20,2012-05-01,4,1,6,1,4,2,5000,1500
941019,2017-12-01T16:02:08Z,101769,1994-01-10,2,2010-01-19,3,0,0,1,1994-01-01,1994-01-01,1,2,2012-05-01,4,1,2,5,6,1,5000,1000
941523,2017-12-01T19:19:39Z,101889,1986-11-21,2,2003-02-20,4,0,0,2,1994-02-01,1994-02-01,23,27,2014-03-01,7,3,3,6,4,1,9000,5000
941148,2017-12-01T16:39:40Z,101804,1997-04-04,1,2013-06-06,4,0,0,1,1997-04-01,1997-04-01,1,2,2015-05-01,1,1,11,4,4,1,5000,5000
941655,2017-12-01T20:31:50Z,101917,1986-03-21,1,2013-09-27,1,1,10,5,2013-04-01,2013-03-01,18,13,2011-02-01,6,1,11,6,10,1,15000,5000
940375,2017-12-01T13:01:44Z,101617,1987-03-31,2,2014-05-13,4,0,0,1,1987-03-01,1987-03-01,11,14,2015-12-01,2,1,12,5,,6,3500,1000
935023,2017-11-30T23:36:17Z,101402,1987-02-07,2,2015-07-23,4,0,0,1,2007-05-01,2007-05-01,10,12,2014-06-01,10,1,6,2,,6,10000,4000
941131,2017-12-01T16:33:10Z,101794,1995-04-05,2,2011-10-21,4,0,0,1,1997-04-01,1997-04-01,1,2,2013-08-01,4,1,2,4,1,1,9400,6500
940008,2017-12-01T11:15:52Z,100096,1978-12-26,2,1995-06-04,4,0,0,5,1985-05-01,1985-05-01,8,10,2017-05-01,17,1,5,6,6,1,3500,3500
940091,2017-12-01T11:46:51Z,55698,1995-11-11,2,1995-11-11,4,0,0,5,1995-11-01,1995-11-01,11,14,2013-02-01,5,3,12,6,,6,3000,3000
932907,2017-11-30T10:37:15Z,100980,1990-01-10,2,2006-11-29,4,0,0,5,1996-02-01,1996-02-01,20,24,2010-02-01,7,1,4,4,,6,6000,3000
941632,2017-12-01T20:13:50Z,101912,1999-03-05,2,,4,0,0,1,2007-09-01,2007-09-01,10,12,2017-06-01,2,1,12,6,,3,4500,3000
940727,2017-12-01T14:49:55Z,101728,1993-02-22,2,2009-09-07,4,0,0,1,2009-09-01,2009-09-01,3,4,2016-11-01,4,1,6,5,,6,5000,4500
940096,2017-12-01T11:48:23Z,101595,1990-07-27,2,2007-02-08,5,0,0,6,2006-07-01,2006-07-01,23,27,2017-05-01,5,1,2,5,,5,12000,7000
939075,2017-12-01T00:33:54Z,101418,1997-01-06,2,2013-02-23,3,1,3,1,1997-02-01,1997-02-01,14,17,2017-07-01,1,1,2,5,,3,7200,5000
940833,2017-12-01T15:23:38Z,83932,1993-02-10,2,2009-07-07,4,0,0,5,2015-06-01,2015-06-01,18,22,,5,5,,,4,1,10000,6000
934895,2017-11-30T21:37:21Z,101368,1990-11-05,2,2006-11-30,3,2,8,5,2008-12-01,2008-12-01,14,17,2016-01-01,1,1,11,5,10,1,8000,1700
941039,2017-12-01T16:06:10Z,101773,1999-04-09,2,2015-04-29,4,0,0,1,2001-01-01,2001-01-01,1,2,,1,4,,,,3,4000,2500
934920,2017-11-30T21:54:09Z,101380,1988-08-10,2,2005-12-16,2,1,6,5,2016-12-01,1988-08-01,11,3,2017-02-01,6,1,12,4,4,1,7000,7000
940254,2017-12-01T12:32:26Z,88826,1988-07-23,1,2016-09-13,1,1,6,5,2014-03-01,2014-03-01,13,16,2015-09-01,9,1,12,6,4,1,12000,3000
940099,2017-12-01T11:48:58Z,101593,1991-03-31,1,2015-12-07,3,2,9,1,2007-12-01,2007-12-01,3,4,2016-03-01,1,6,3,5,,6,6000,5500
941424,2017-12-01T18:26:42Z,101852,1987-03-28,2,2016-01-23,4,0,0,5,2016-09-01,2003-05-01,18,17,2017-02-01,11,1,12,1,4,2,9500,3500
941089,2017-12-01T16:20:51Z,101790,1986-01-13,2,2002-04-11,3,2,9,1,2005-11-01,2005-11-01,14,17,2015-08-01,9,1,3,1,2,1,6000,2000
939259,2017-12-01T06:46:28Z,101454,1991-06-17,2,2008-02-18,4,0,0,5,2012-07-01,2012-07-01,2,3,,10,2,,,,6,3000,1200
939360,2017-12-01T07:43:13Z,3700,1989-06-07,2,2015-09-09,3,1,8,5,2000-02-10,2000-02-10,23,27,2013-06-10,8,1,6,5,,6,6000,1000
940338,2017-12-01T12:51:53Z,69339,1969-06-27,2,1997-05-19,3,1,26,5,2015-10-10,2015-10-10,9,11,2016-09-01,28,3,3,6,11,1,8000,6000
933981,2017-11-30T15:29:59Z,101175,1995-11-14,1,2012-07-10,4,0,0,1,2016-10-01,2016-10-01,19,23,2015-03-01,4,6,12,3,6,2,7500,5000
940428,2017-12-01T13:18:20Z,101648,1979-11-26,1,2003-06-05,3,1,15,1,2006-09-01,2006-09-01,12,15,2007-08-01,10,1,10,2,8,1,7000,3000
940142,2017-12-01T11:58:17Z,101572,1979-06-29,1,2000-09-22,4,1,19,1,2005-01-01,2005-01-01,13,16,2015-09-01,15,1,5,3,,6,7000,4000
940264,2017-12-01T12:34:35Z,101629,1996-03-29,2,2012-08-21,4,0,0,5,2017-04-01,2017-04-01,13,16,2016-12-01,2,1,2,3,,6,8000,5000
940685,2017-12-01T14:34:09Z,101710,1995-07-10,2,2011-08-20,4,0,0,4,1995-07-01,1995-07-01,19,23,2015-08-01,3,3,11,6,,6,7000,5000
941596,2017-12-01T19:54:26Z,101896,1969-12-17,2,2005-09-01,3,3,19,5,2009-03-01,2009-03-01,19,23,2017-09-01,30,1,7,4,,6,9000,5000
940106,2017-12-01T11:50:24Z,101602,1993-06-20,2,2009-07-10,1,0,0,4,2011-09-01,2011-09-01,14,17,2016-06-01,2,1,13,4,11,1,8000,4000
941726,2017-12-01T21:13:58Z,101934,1998-12-26,2,2015-02-09,4,0,0,1,2012-01-01,2012-01-01,18,22,2014-03-01,3,3,7,6,,6,10000,1500
939798,2017-12-01T10:17:38Z,101543,1994-03-01,2,2011-04-11,4,0,0,5,1994-03-01,1994-03-01,1,2,2015-06-01,2,1,6,4,4,1,6500,3000
927869,2017-11-29T21:24:08Z,100753,1980-08-01,2,2006-09-26,2,0,0,5,2004-07-01,2004-07-01,3,4,2017-11-01,15,1,11,4,4,1,10000,6000
939276,2017-12-01T06:58:08Z,101456,1988-12-22,1,2006-01-05,3,0,0,5,2006-01-01,2006-01-01,16,20,2015-04-01,2,1,6,1,,5,11300,5000
939299,2017-12-01T07:19:10Z,61656,1991-10-20,1,2016-11-22,3,1,6,5,1991-12-01,1991-12-01,3,4,2015-04-01,7,1,5,2,,6,7000,10
940225,2017-12-01T12:25:07Z,101626,1996-04-04,2,2012-04-04,4,0,0,1,1996-04-01,1996-04-01,12,15,2015-12-01,2,3,13,2,11,1,10000,6000
940278,2017-12-01T12:36:57Z,101630,1995-08-19,1,2015-11-20,2,0,0,1,2014-02-01,2014-02-01,3,4,2017-03-01,5,1,6,5,4,2,12000,800
940435,2017-12-01T13:21:14Z,101663,1990-09-28,2,2016-05-14,3,1,1,1,1991-01-01,1991-01-01,3,4,2014-08-01,3,1,6,1,2,2,6300,2700
941347,2017-12-01T17:48:57Z,95521,1986-07-08,2,2002-10-01,1,1,12,5,2016-06-01,2007-11-01,8,11,,5,5,,,,5,8000,5000
940489,2017-12-01T13:39:36Z,99953,1987-05-28,1,2002-09-22,3,0,0,3,2016-01-01,2016-01-01,12,15,2013-04-01,10,3,7,6,3,1,50000,5000
939824,2017-12-01T10:24:16Z,59795,1991-11-17,2,2007-12-13,3,2,0,5,1991-11-10,1991-11-10,7,9,2014-11-10,9,1,12,3,,5,12000,4000
935014,2017-11-30T23:23:10Z,101404,1994-06-27,2,2010-11-17,4,0,0,1,1994-06-01,1994-06-01,17,21,2017-03-01,3,1,6,5,11,2,10000,3600
934927,2017-11-30T21:57:13Z,101378,1985-02-11,2,2016-05-24,2,2,9,1,2004-03-01,2004-03-01,14,17,,8,5,,,,5,6000,1500
941326,2017-12-01T17:39:33Z,101836,1991-09-14,2,2007-10-10,1,2,4,1,1993-04-01,1993-04-01,1,2,2017-03-01,4,1,6,2,,6,5000,1250
941561,2017-12-01T19:38:38Z,94053,1988-07-07,1,2004-07-19,4,0,,1,2011-02-01,2011-02-01,18,22,2010-09-01,7,1,8,1,6,2,10000,5000
941409,2017-12-01T18:20:47Z,94293,1990-06-01,1,2014-10-08,2,0,0,5,2014-12-01,2014-12-01,18,22,2013-03-01,7,3,12,6,4,1,12000,5000
939535,2017-12-01T08:46:01Z,4210,1988-09-01,1,2007-11-06,3,1,2,5,2002-02-10,2002-02-10,3,4,2016-01-10,1,6,9,6,,6,3500,1500
940481,2017-12-01T13:36:56Z,88147,1999-02-08,2,2015-04-01,4,0,0,1,2000-06-01,2000-06-01,8,10,2016-06-01,3,1,7,3,11,2,12000,3000
939537,2017-12-01T08:46:45Z,101492,1991-11-20,1,2011-01-28,3,1,6,1,2010-10-01,2017-06-01,21,25,2017-08-01,4,1,10,1,8,1,3600,1500
939931,2017-12-01T10:58:42Z,101561,1985-12-13,2,2003-03-19,3,1,1,5,2013-10-01,1985-12-01,18,4,2016-05-01,11,3,12,6,,6,11000,8000
934501,2017-11-30T18:04:28Z,77396,1997-08-02,2,2013-08-10,4,0,,5,2005-04-01,2005-04-01,4,6,2017-05-01,1,1,6,5,,6,7000,3000
941556,2017-12-01T19:36:13Z,101900,1985-01-21,2,2010-07-13,4,0,0,5,2001-01-01,2001-01-01,8,10,2016-07-01,10,1,12,3,9,2,10000,6000
940866,2017-12-01T15:28:26Z,97171,1994-02-08,2,2010-04-13,4,0,0,3,2000-05-01,2000-05-01,18,22,2013-08-01,5,6,13,5,10,1,6000,5000
941237,2017-12-01T17:01:57Z,101812,1986-04-11,1,2016-07-25,2,0,0,5,2016-09-01,2016-09-01,3,4,2015-02-01,2,1,7,3,4,1,7000,4000
935043,2017-12-01T00:00:21Z,101408,1989-01-30,2,2005-01-30,3,1,2,1,2017-08-01,2017-08-01,20,24,2017-09-01,8,1,12,4,1,1,6000,4000
941399,2017-12-01T18:15:19Z,101840,1993-12-03,2,2010-01-28,4,0,0,1,2016-08-01,2016-08-01,18,22,2016-09-01,5,1,1,5,1,1,7100,4100
940164,2017-12-01T12:01:57Z,101324,1994-11-19,1,1999-02-26,4,0,0,1,2009-09-01,2009-09-01,20,24,,0,4,,,9,1,5000,200
941337,2017-12-01T17:45:53Z,100189,1973-02-02,1,2000-02-16,3,1,25,4,1991-06-01,1991-06-01,12,15,2017-06-01,18,1,6,5,,6,3000,300
940141,2017-12-01T11:58:06Z,101614,1990-02-08,1,2014-01-17,3,1,1,1,1990-02-01,1990-02-01,16,20,,4,5,,,5,1,1500,1000
939570,2017-12-01T08:59:53Z,101496,1985-09-13,2,2002-02-04,3,0,0,5,2006-07-01,2006-07-01,8,10,2017-06-01,12,1,12,1,6,1,10000,5000
941103,2017-12-01T16:27:15Z,101779,1997-04-23,2,2013-07-26,4,0,0,1,2017-03-01,2017-03-01,6,8,2017-04-01,1,1,6,5,,6,6000,2500
941097,2017-12-01T16:23:43Z,101771,1994-05-15,2,2016-07-07,3,0,0,5,2015-06-01,2015-06-01,12,15,2015-10-01,5,1,2,5,,6,8000,4000
941703,2017-12-01T21:02:00Z,101939,1991-06-17,1,2011-12-08,3,1,3,5,1991-06-01,1991-06-01,10,12,2011-03-01,10,3,11,6,,6,7500,4500
940804,2017-12-01T15:10:26Z,101701,1981-08-10,1,2016-10-21,3,0,0,5,2001-11-01,2001-11-01,3,4,2013-03-01,17,1,8,5,,6,7000,1500
939322,2017-12-01T07:28:33Z,101436,1978-06-23,1,2004-06-08,3,3,3,1,2010-04-01,2010-04-01,1,2,2012-06-01,6,3,3,6,,5,7000,3000
940573,2017-12-01T14:04:28Z,100226,1994-04-13,1,2014-10-25,3,1,3,5,1996-04-01,1996-04-01,12,15,2014-05-01,0,1,12,4,,6,8000,3000
941283,2017-12-01T17:21:28Z,73667,1991-06-29,1,2007-10-05,4,0,0,2,2016-10-01,2016-10-01,8,10,2016-06-01,8,1,12,1,4,7,13000,2000
940768,2017-12-01T15:02:52Z,101736,1946-07-07,1,2001-09-11,4,0,0,5,2005-07-01,2005-07-01,12,15,2005-05-01,45,1,12,4,6,1,7200,3500
940877,2017-12-01T15:30:55Z,101731,1981-10-05,2,2015-02-13,4,1,3,4,2015-04-01,2015-04-01,18,22,2007-07-01,15,1,6,6,11,1,9000,6000
941770,2017-12-01T21:35:52Z,101947,1977-08-11,1,1999-11-03,3,2,15,5,2013-03-01,2013-03-01,2,3,1996-08-01,18,1,2,2,,6,7000,1500
940038,2017-12-01T11:29:53Z,101583,1992-01-31,1,2011-02-24,3,2,6,1,2008-05-01,2008-05-01,21,25,,5,5,,,,5,5000,2500
934256,2017-11-30T16:38:56Z,101228,1980-05-03,2,2003-09-18,4,0,0,1,2003-10-01,2003-10-01,13,16,2012-06-01,5,1,12,5,,5,7000,4500
934507,2017-11-30T18:06:41Z,101275,1993-05-13,1,2012-12-05,3,0,0,1,2005-11-01,2005-11-01,12,15,2015-08-01,6,1,6,2,,6,6500,1000
932696,2017-11-30T09:22:52Z,95895,1986-05-25,2,2012-01-28,4,0,0,1,2015-05-01,2015-05-01,11,14,,7,5,,,4,1,5000,2500
932384,2017-11-30T07:28:41Z,100858,1973-02-16,1,2013-04-02,4,1,14,5,2016-01-01,2016-01-01,8,10,2017-07-01,29,1,11,3,4,7,12000,8000
932086,2017-11-30T00:40:52Z,80422,1997-08-07,2,2013-09-25,4,0,,5,2007-04-01,2007-04-01,6,8,2017-06-01,3,1,3,3,,6,7000,5000
933167,2017-11-30T11:51:01Z,5960,1972-06-06,1,1997-12-11,3,1,11,1,2015-07-01,1989-01-01,8,10,2005-09-01,22,3,3,6,4,1,12000,4000
934017,2017-11-30T15:35:21Z,101188,1989-06-04,2,2005-09-25,2,1,4,5,2010-04-01,2010-04-01,22,26,2015-04-01,3,3,12,5,,6,9000,3000
934129,2017-11-30T16:03:55Z,101170,1974-03-08,1,1996-03-13,2,2,16,5,2016-10-01,2015-08-01,8,10,2009-09-01,8,1,12,6,4,7,28000,6000
932459,2017-11-30T07:57:54Z,99221,1993-10-27,1,2010-12-03,1,0,0,5,1993-10-01,1993-10-01,9,11,2012-03-01,7,1,12,3,6,2,7000,5000
934686,2017-11-30T19:36:50Z,101330,1995-10-07,2,2012-07-31,4,0,0,1,2017-05-01,2017-05-01,18,22,2017-05-01,5,1,7,2,6,2,7000,5000
932119,2017-11-30T01:32:28Z,100806,1996-08-15,2,2012-10-09,4,0,0,1,1996-10-01,1996-10-01,13,16,2017-01-01,2,1,10,3,,6,6000,2500
934423,2017-11-30T17:31:18Z,101171,1994-09-29,1,2015-07-08,4,0,0,1,2014-04-01,2014-04-01,8,10,2017-07-01,5,1,12,5,7,2,7000,4000
933248,2017-11-30T12:07:04Z,97156,1994-12-05,2,2011-01-18,4,0,0,5,2000-01-01,2000-01-01,8,10,2015-03-01,2,1,3,2,3,2,8000,2500
934734,2017-11-30T20:03:54Z,101252,1959-01-24,1,2014-10-03,3,1,31,5,2003-03-01,2003-03-01,19,23,2015-03-01,14,3,11,6,6,1,8300,2300
927998,2017-11-29T23:10:02Z,100784,1987-06-11,2,,2,1,8,5,1995-04-01,1995-04-01,11,14,2015-08-01,3,1,1,1,10,2,8070,3000
934702,2017-11-30T19:44:01Z,99888,1977-09-20,2,2003-01-29,2,2,12,4,2015-03-01,2015-03-01,12,15,2012-07-01,10,1,6,4,,6,5000,2000
933404,2017-11-30T12:48:47Z,100741,1969-05-25,1,2003-08-20,2,0,0,1,2011-03-01,2011-03-01,13,16,2015-04-01,20,1,12,3,,6,7000,1500
934556,2017-11-30T18:29:07Z,101285,1987-05-07,1,2003-07-14,4,0,0,1,2014-09-01,2010-07-01,13,15,2014-06-01,10,1,6,1,5,1,9000,2000
932942,2017-11-30T10:45:57Z,22335,1985-12-23,1,2009-12-19,2,1,1,1,1991-05-01,1991-05-01,6,8,2017-10-01,14,1,12,4,,6,3200,1000
932247,2017-11-30T05:48:43Z,94783,1987-12-20,1,2010-11-30,1,1,5,3,2017-03-01,2017-03-01,23,27,2017-03-01,12,3,12,6,10,7,15000,6000
934294,2017-11-30T16:46:27Z,101230,1995-03-26,1,2016-08-17,3,0,0,5,2002-06-01,2002-06-01,3,4,2015-02-01,4,1,11,6,6,1,8000,3000
933291,2017-11-30T12:20:43Z,100366,1981-07-14,1,,1,2,17,5,2003-04-01,2003-04-01,12,15,2017-08-01,14,1,5,5,4,2,4500,1000
934104,2017-11-30T15:58:25Z,101200,1998-06-17,2,2016-10-22,3,0,0,5,2016-11-01,1998-06-01,9,10,2017-06-01,2,3,3,5,,6,12000,10000
934414,2017-11-30T17:28:38Z,101201,1957-07-19,1,2002-08-02,3,2,39,5,2002-08-01,2002-08-01,3,4,,40,2,,,,6,7200,2400
934137,2017-11-30T16:06:37Z,11701,1986-05-05,2,2004-02-02,3,2,5,3,1986-05-01,1986-05-01,22,26,2017-05-01,8,1,12,3,6,1,2500,10
932692,2017-11-30T09:22:23Z,100922,1994-12-08,2,2011-02-10,4,0,0,1,1994-12-01,1994-12-01,10,12,2015-04-01,2,1,2,5,,6,7500,4500
933324,2017-11-30T12:30:14Z,101037,1998-05-30,1,2014-06-19,1,0,0,3,2015-08-01,2003-06-01,22,24,2016-10-01,2,1,8,3,7,2,6800,2500
934664,2017-11-30T19:27:36Z,101323,1993-02-23,1,2016-12-15,3,0,0,1,1999-08-01,1999-08-01,4,6,2015-09-01,6,1,10,4,8,1,6000,6000
933575,2017-11-30T13:33:50Z,97406,1991-12-21,2,2008-04-11,4,0,,4,1991-12-01,1991-12-01,22,26,2016-11-01,10,3,12,6,4,1,9000,6000
933147,2017-11-30T11:44:58Z,101027,1987-10-27,2,2004-04-09,3,1,3,5,2017-10-01,2004-10-01,13,5,2017-08-01,10,1,12,2,11,1,12000,7000
933898,2017-11-30T15:08:16Z,101161,1998-08-14,2,2014-09-09,4,0,0,3,2017-09-01,2017-09-01,3,4,,2,4,,,5,2,2000,2000
932231,2017-11-30T05:36:54Z,36252,1991-05-30,2,2007-09-29,3,1,0,4,1998-09-10,1998-09-10,10,12,2016-06-10,8,1,13,5,,6,6500,2200
932727,2017-11-30T09:34:58Z,100930,1994-09-28,1,2016-09-22,3,1,1,5,2013-03-01,2013-03-01,9,11,2017-01-01,5,1,12,5,,3,6700,3000
933729,2017-11-30T14:23:35Z,100906,1993-01-23,1,2012-11-01,3,1,4,1,1996-09-01,1996-09-01,8,10,2016-09-01,6,1,11,3,10,2,6200,6200
932125,2017-11-30T01:36:46Z,65029,1999-08-21,2,2015-10-21,4,0,,4,2012-12-10,2012-12-10,6,8,2017-08-10,5,1,7,2,4,2,6000,3000
933669,2017-11-30T14:05:06Z,101126,1995-10-21,2,2011-10-28,4,0,0,1,2004-10-01,2004-10-01,4,6,2015-04-01,2,1,12,1,,6,7000,3000
932185,2017-11-30T03:39:59Z,100823,1993-11-11,2,2010-03-31,4,0,0,1,1993-11-01,1993-11-01,21,25,,2,2,,,,6,3500,1500
933983,2017-11-30T15:30:13Z,101177,1999-06-03,1,2015-06-12,4,0,0,3,1999-06-01,1999-06-01,4,6,2016-03-01,2,1,12,3,10,1,5000,3000
934317,2017-11-30T16:51:22Z,101227,1981-04-08,1,2004-10-07,3,1,10,1,2014-04-01,2005-07-01,8,11,2015-09-01,15,3,12,6,9,2,10000,3000
932341,2017-11-30T07:11:38Z,100751,1995-02-07,1,2011-03-11,4,0,0,1,2014-04-01,2014-04-01,23,27,2013-08-01,4,1,8,5,,6,7000,4000
933321,2017-11-30T12:29:42Z,101053,1982-11-02,2,1998-12-29,3,1,9,5,1998-12-01,1998-12-01,11,14,2017-01-01,12,1,6,4,,6,9000,2000
927933,2017-11-29T22:00:22Z,100769,1996-01-27,2,2012-06-05,4,0,0,4,1996-01-01,1996-01-01,2,3,2016-01-01,2,3,7,6,,6,9000,5000
927623,2017-11-29T19:07:16Z,48456,1995-08-04,1,2011-11-15,1,0,,1,2010-03-01,2010-03-01,8,10,2010-10-01,2,1,10,5,10,1,9000,1100
934115,2017-11-30T16:00:51Z,101213,1983-07-11,2,2000-01-28,4,0,0,1,2000-01-01,2000-01-01,9,11,2017-06-01,15,1,11,3,7,2,4500,2000
932171,2017-11-30T03:18:13Z,100818,1987-11-17,2,2004-03-13,3,0,0,5,2014-06-01,2014-06-01,21,25,2010-07-01,7,1,13,1,11,1,8000,2000
934775,2017-11-30T20:36:30Z,101357,1996-07-28,2,2012-09-20,4,0,0,1,2014-09-01,2014-09-01,12,15,2016-09-01,1,1,12,3,,5,4500,2500
933135,2017-11-30T11:43:06Z,101015,1991-11-10,2,2008-05-06,4,0,0,5,2014-08-01,2014-08-01,5,7,2014-08-01,4,1,2,2,,6,6200,3000
933776,2017-11-30T14:36:07Z,101142,1992-08-11,2,2008-10-18,4,0,0,5,2016-10-01,2016-10-01,6,8,2017-03-01,0,3,8,6,,6,2800,600
934392,2017-11-30T17:19:26Z,95505,1987-08-11,1,2011-11-03,3,2,5,1,1987-08-01,1987-08-01,15,18,,8,5,,,2,1,4000,1000
933433,2017-11-30T12:54:57Z,101034,1979-07-21,2,2000-09-26,3,2,13,1,1979-07-01,1979-07-01,1,2,2017-01-01,18,1,11,4,,6,3900,2000
933872,2017-11-30T15:00:48Z,101163,1989-08-10,2,2006-03-10,3,0,0,1,2017-01-01,1992-05-01,8,13,2017-05-01,8,1,4,6,11,1,27000,7000
933522,2017-11-30T13:15:32Z,101049,1983-08-29,2,2000-08-07,3,1,3,1,1985-08-01,1985-08-01,3,4,2007-09-01,18,1,6,5,,6,11000,9000
932579,2017-11-30T08:40:37Z,100893,1986-05-21,1,2007-04-23,3,1,10,1,2008-06-01,2008-06-01,3,4,2010-09-01,10,1,8,5,,6,5000,1500
933703,2017-11-30T14:16:02Z,95333,1984-09-24,1,2014-10-10,3,2,14,1,1990-11-01,1990-11-01,8,10,,3,5,,,,6,8000,8000
928004,2017-11-29T23:13:11Z,100787,1994-04-08,2,2016-08-29,3,1,1,1,2015-01-01,2015-01-01,3,4,2016-04-01,2,1,13,6,,6,6000,3500
932849,2017-11-30T10:17:44Z,100961,1995-07-30,1,2011-10-12,4,0,0,1,1995-07-01,1995-07-01,3,4,,3,5,,,,5,4500,2000
934034,2017-11-30T15:38:00Z,101192,1975-01-18,2,2000-03-30,3,2,13,1,2002-09-01,2002-09-01,9,11,2016-03-01,24,1,12,6,4,1,12000,10000
934689,2017-11-30T19:39:04Z,101211,1985-09-14,2,2002-01-21,4,0,0,5,1985-09-01,1985-09-01,18,22,2017-11-01,11,1,2,2,,6,48000,4500
932702,2017-11-30T09:24:15Z,100924,1994-02-25,2,2010-04-21,4,0,0,5,2000-05-01,2000-05-01,3,4,2016-03-01,3,3,12,6,9,1,10000,6000
928050,2017-11-29T23:58:16Z,100795,1991-06-18,2,2007-12-26,4,0,0,5,2000-06-01,2000-06-01,9,11,2017-04-01,5,1,6,2,4,2,10000,4000
932817,2017-11-30T10:00:42Z,79031,1994-10-18,2,2015-11-27,4,0,,6,1994-11-01,1994-11-01,21,25,2016-02-01,1,1,1,5,6,1,7500,4800
932930,2017-11-30T10:44:12Z,100978,1989-09-10,2,2006-02-02,4,2,8,1,2010-10-01,2010-10-01,14,17,2016-04-01,5,3,3,6,11,1,7000,3900
934231,2017-11-30T16:33:27Z,92481,1971-07-04,1,2003-12-15,5,2,13,3,1971-07-01,1971-07-01,22,26,2012-07-01,5,1,12,6,,5,10000,3000
933376,2017-11-30T12:41:45Z,100838,1995-06-18,1,2012-01-25,1,0,0,1,1995-06-01,1995-06-01,13,16,2013-08-01,5,1,12,6,,6,9000,2500
932775,2017-11-30T09:51:21Z,100931,1997-12-12,1,2014-10-21,4,0,0,1,1997-12-01,1997-12-01,9,11,,1,4,,,4,2,6000,3500
932323,2017-11-30T07:02:15Z,100613,1994-06-28,1,,3,1,3,1,2016-08-01,2016-08-01,21,25,2016-08-01,2,1,5,1,4,1,5000,1000
932112,2017-11-30T01:25:01Z,100803,1986-02-12,2,2003-12-12,4,0,0,1,1986-02-01,1986-02-01,3,4,2012-03-01,5,1,6,5,,6,9000,7000
933415,2017-11-30T12:50:05Z,101057,1987-01-14,2,2005-11-22,2,1,8,5,2005-11-01,2005-11-01,11,14,2015-04-01,8,1,11,2,,6,5200,2300
933003,2017-11-30T11:00:03Z,100964,1986-12-13,1,2007-07-02,3,0,0,5,1990-06-01,1990-06-01,3,4,2014-11-01,3,1,6,5,,6,6820,2000
927682,2017-11-29T19:32:04Z,100681,1979-02-14,2,1995-07-03,4,0,0,3,2017-09-01,2017-09-01,14,17,,33,5,,,5,2,6000,6000
927277,2017-11-29T16:22:51Z,92451,1993-03-12,2,2009-12-02,1,0,0,1,2013-03-01,2013-03-01,20,24,2013-03-01,6,1,2,1,,6,5000,2000
925715,2017-11-29T07:11:38Z,100273,1992-06-26,2,2008-08-29,4,0,0,4,1992-07-01,1992-07-01,12,15,2016-09-01,5,3,3,6,,6,7000,4000
925720,2017-11-29T07:13:05Z,100121,1978-11-27,1,2005-06-10,2,1,12,5,2001-02-01,2001-02-01,6,8,2013-11-01,25,6,11,3,,6,6000,3000
926921,2017-11-29T14:11:25Z,100521,1977-04-13,1,2003-09-03,3,1,8,5,1990-09-01,1990-09-01,18,22,2010-01-01,15,3,12,6,4,2,10000,5000
926043,2017-11-29T09:17:28Z,100331,1997-12-17,2,2014-01-20,4,0,0,1,2015-09-01,2015-09-01,4,6,,3,4,,,,5,3500,1000
927673,2017-11-29T19:31:11Z,100694,1984-02-23,1,,3,1,3,3,1984-02-01,1984-02-01,3,4,,7,5,,,11,2,10000,9000
925562,2017-11-29T03:31:46Z,100240,1981-09-20,2,1998-02-04,2,1,9,4,1987-07-01,2002-01-01,21,25,2011-06-01,16,3,11,6,9,1,10000,5500
927343,2017-11-29T16:54:48Z,100601,1990-04-28,1,2013-12-18,2,1,3,1,2017-02-01,2017-02-01,3,4,2016-10-01,6,1,2,3,4,1,4200,1500
926747,2017-11-29T13:05:00Z,100461,1986-02-09,2,2014-02-10,3,1,1,1,1986-02-01,1986-02-01,14,17,2009-07-01,8,1,2,2,9,1,6000,3000
925552,2017-11-29T03:08:55Z,100241,1992-05-31,2,2008-07-17,4,0,0,3,1992-05-01,1992-05-01,8,10,2017-01-01,10,1,13,1,4,1,10000,6000
926408,2017-11-29T11:23:14Z,99177,1987-05-08,2,2003-12-18,2,1,8,5,2017-06-01,2017-06-01,1,2,2015-06-01,15,1,6,5,11,1,5000,2500
927920,2017-11-29T21:53:23Z,100767,1989-12-04,2,2006-05-10,4,0,0,1,1989-12-01,1989-12-01,18,22,2013-05-01,10,1,12,3,,3,6000,4000
926886,2017-11-29T13:57:53Z,100513,1993-06-12,1,2009-06-15,1,0,0,1,2010-06-01,2010-06-01,3,4,2017-03-01,5,1,11,2,11,2,8000,3000
926116,2017-11-29T09:37:44Z,100339,1984-07-01,1,2004-06-02,1,1,7,5,2017-04-01,2007-01-01,9,16,2015-01-01,15,3,11,6,5,2,5000,2500
927247,2017-11-29T16:11:39Z,96821,1992-04-07,2,2009-04-28,3,0,0,5,2015-11-01,2015-11-01,2,3,2017-07-01,4,6,3,6,,6,4000,3000
927390,2017-11-29T17:13:36Z,100628,1999-07-09,2,2015-08-04,4,0,0,1,1999-07-01,1999-07-01,18,22,,0,4,,,,6,2000,500
926137,2017-11-29T09:42:16Z,100352,1995-10-28,2,2011-12-21,4,0,0,3,2001-01-01,2001-01-01,9,11,2016-05-01,2,6,7,4,6,2,5000,3000
927238,2017-11-29T16:08:56Z,100596,1998-01-04,1,2016-02-03,3,1,1,1,1998-01-01,1998-01-01,3,4,2016-10-01,1,1,12,2,,6,7000,2000
914155,2017-11-27T17:05:47Z,21472,1993-08-24,2,2014-08-09,4,0,,5,1993-09-10,1993-09-10,7,9,2017-07-01,1,1,8,1,7,1,3500,2500
927451,2017-11-29T17:35:09Z,100643,1994-02-27,2,2010-05-18,4,0,0,1,2004-07-01,2004-07-01,8,10,2013-10-01,3,1,12,2,,6,8000,1500
927492,2017-11-29T17:54:44Z,100637,1993-03-12,2,2009-11-25,4,0,0,1,2010-10-01,2010-10-01,11,14,2015-01-01,5,1,7,6,11,1,18400,4800
921172,2017-11-28T19:44:27Z,100145,1985-04-29,1,2006-12-12,3,1,5,1,2006-12-01,2006-12-01,9,11,2016-08-01,12,1,12,4,4,1,10000,2000
927513,2017-11-29T18:07:54Z,77025,1988-04-18,1,2015-10-17,3,0,0,4,1988-05-01,1988-05-01,9,11,2008-06-01,9,1,5,5,4,7,7000,3000
926198,2017-11-29T09:57:03Z,100355,1986-07-25,2,2002-07-29,2,1,8,1,1988-06-01,1988-06-01,12,15,2016-05-01,5,3,3,6,,5,3500,3500
927801,2017-11-29T20:34:02Z,96021,1990-12-14,2,2007-12-26,4,0,0,1,2009-09-01,2009-09-01,20,24,,3,5,,,4,1,3500,1500
926938,2017-11-29T14:15:35Z,52097,1992-09-23,1,2014-10-24,4,0,0,3,2016-01-01,2016-01-01,8,10,2016-01-01,5,1,7,3,4,1,10000,10
927534,2017-11-29T18:19:55Z,100670,1993-01-18,1,2009-03-23,4,0,0,1,2013-04-01,2013-04-01,8,10,2015-11-01,5,1,12,3,,6,7000,1000
921126,2017-11-28T19:11:58Z,55385,1992-03-09,2,2014-07-10,3,1,1,5,1992-03-10,1992-03-10,3,4,2016-09-01,5,1,6,5,10,2,5900,4500
925564,2017-11-29T03:42:41Z,100228,1993-01-17,2,2011-02-12,3,2,6,3,1993-01-01,1993-01-01,11,14,2017-02-01,5,1,13,5,,6,14800,3700
919859,2017-11-28T12:15:05Z,99896,1993-03-12,2,2013-03-12,1,0,,1,1993-03-01,1993-03-01,8,10,2017-05-01,6,1,12,3,,5,8000,5000
925764,2017-11-29T07:36:05Z,100285,1997-07-20,2,2013-09-09,4,0,0,1,1997-08-01,1997-08-01,3,4,,4,4,,,,5,4000,1000
927694,2017-11-29T19:37:59Z,100700,1992-11-28,1,2016-07-19,3,2,7,4,1992-11-01,1992-11-01,3,4,,4,5,,,4,1,6000,4000
927595,2017-11-29T18:51:14Z,100683,1981-06-19,2,1998-06-16,4,0,0,1,1981-06-01,1981-06-01,9,11,2013-03-01,16,1,2,5,6,2,6100,4500
926459,2017-11-29T11:46:49Z,64468,1996-01-18,2,2012-02-27,4,0,0,1,2011-12-01,2011-12-01,18,22,2013-05-01,3,6,12,1,11,2,8500,2500
926006,2017-11-29T08:56:30Z,100316,1955-06-27,1,2012-03-15,5,2,44,5,2014-10-01,2014-10-01,18,22,,28,2,,,2,2,4500,500
927844,2017-11-29T21:05:41Z,100746,1993-11-14,2,2010-03-03,4,0,0,1,2017-09-01,2017-09-01,12,15,2015-03-01,6,1,1,5,1,1,10000,9000
927634,2017-11-29T19:11:37Z,100678,1987-06-10,2,2004-04-02,2,0,0,1,2015-03-01,2009-07-01,1,2,2017-03-01,8,1,6,5,8,1,4900,3000
927190,2017-11-29T15:46:34Z,81403,1989-01-14,1,2017-07-28,3,2,5,5,2014-06-01,1989-01-01,8,20,2010-09-01,7,3,8,6,6,1,10000,10000
925858,2017-11-29T08:10:15Z,67352,1986-04-14,2,2011-08-30,3,3,10,5,1986-05-01,1986-05-01,8,10,2012-09-01,5,3,11,5,,6,25000,10
927183,2017-11-29T15:44:02Z,83250,1984-05-04,2,2000-10-21,3,1,3,1,2014-08-01,2014-08-01,8,10,2006-07-01,16,1,1,5,9,1,14000,9000
927668,2017-11-29T19:29:53Z,100696,1985-05-17,2,2001-07-10,1,0,0,5,1993-03-01,1993-03-01,8,10,2017-04-01,18,3,7,4,10,1,11000,8000
921401,2017-11-28T22:12:23Z,100201,1992-09-27,2,2012-09-28,3,1,3,4,2012-09-01,1992-09-01,15,18,2011-06-01,7,3,11,6,,6,10000,4000
921403,2017-11-28T22:14:24Z,100198,1994-03-12,2,2010-05-17,4,0,0,5,1994-03-01,1994-03-01,7,9,2016-04-01,4,3,3,3,2,1,6400,2200
927426,2017-11-29T17:30:29Z,100636,1987-10-08,2,2004-04-02,2,1,6,1,1992-03-01,1992-03-01,13,16,2017-03-01,12,1,11,6,11,1,28000,9000
925495,2017-11-29T00:27:42Z,100222,1993-08-21,2,2012-02-10,4,0,0,3,2009-02-01,2009-02-01,7,9,2016-09-01,2,3,8,3,7,1,15000,5000
927735,2017-11-29T20:03:28Z,100711,1994-01-23,1,2015-02-25,3,0,0,1,2000-07-01,2000-07-01,10,12,2015-03-01,5,6,12,6,,5,4000,2500
919361,2017-11-28T09:36:57Z,97938,1988-07-27,1,2014-10-04,2,0,,4,2011-02-01,2011-02-01,18,22,2011-04-01,11,1,12,6,,5,20000,7000
927000,2017-11-29T14:35:09Z,15049,1990-12-24,2,2007-01-17,4,0,0,5,2015-09-01,2015-09-01,18,22,2010-10-01,11,1,12,6,,6,7000,2000
926823,2017-11-29T13:30:12Z,100499,1987-05-22,2,2003-08-30,4,0,0,5,2011-09-01,2011-09-01,16,20,,0,2,,,,6,5400,1200
925815,2017-11-29T07:58:11Z,100295,1982-11-13,2,2009-08-12,3,2,10,1,2015-10-01,2001-01-01,2,3,2007-11-01,12,3,7,6,3,7,12000,4000
920466,2017-11-28T15:13:30Z,99943,1968-01-23,1,1999-12-14,2,1,24,5,1986-09-01,1986-09-01,5,7,2013-10-01,10,1,12,6,,6,8500,2500
926648,2017-11-29T12:39:24Z,100466,1987-09-03,2,2003-12-30,3,1,4,5,2013-03-01,2013-03-01,15,18,2010-05-01,7,6,13,3,3,1,8000,5000
925699,2017-11-29T07:06:01Z,18183,1997-02-02,2,2013-02-05,4,0,,1,2007-10-10,2007-10-10,5,7,2017-01-10,0,1,2,5,,6,6000,3000
926072,2017-11-29T09:25:50Z,100315,1979-07-26,1,2003-09-04,3,2,15,1,2003-08-01,2003-08-01,6,8,2009-03-01,10,3,12,6,,3,8000,2000
927060,2017-11-29T15:01:26Z,100550,1995-07-21,2,2011-09-30,4,0,0,1,2013-09-01,2013-09-01,3,4,,0,4,,,9,2,3000,2500
927852,2017-11-29T21:12:34Z,100749,1992-09-14,2,2008-09-29,4,0,0,5,2002-10-01,2002-10-01,13,16,2017-09-01,7,1,12,1,10,1,13000,7000
927927,2017-11-29T21:57:18Z,100759,1994-04-22,2,,3,1,1,1,2010-06-01,2010-06-01,3,4,2017-02-01,4,1,6,5,,6,7000,4500
925649,2017-11-29T06:10:07Z,100259,1986-03-16,2,2002-03-14,4,0,0,5,1993-08-01,1993-08-01,3,4,2010-01-01,11,1,11,2,,6,8000,5000
926838,2017-11-29T13:37:22Z,100501,1992-01-17,2,2008-02-19,4,0,0,1,2004-03-01,2004-03-01,11,14,2013-05-01,5,1,3,6,11,1,7000,4000
927817,2017-11-29T20:43:02Z,18297,1989-06-02,1,2009-07-02,3,2,8,3,1994-05-01,1994-05-01,11,14,2011-07-01,7,1,7,5,4,1,6100,3500
921475,2017-11-28T23:31:39Z,100130,1982-06-12,2,2010-04-12,2,1,6,3,2016-09-01,1998-11-01,1,2,2006-04-01,17,3,12,6,4,1,7500,4500
927868,2017-11-29T21:23:51Z,100744,1988-03-27,2,2004-12-21,4,0,0,1,2004-12-01,2004-12-01,8,10,2017-02-01,5,1,5,2,4,1,20000,4000
926664,2017-11-29T12:44:35Z,99958,1991-09-23,2,,3,1,1,2,2013-04-01,2013-04-01,18,22,2014-04-01,8,1,12,2,11,1,8500,5000
926516,2017-11-29T11:58:46Z,100452,1995-05-11,1,2011-08-08,4,0,0,1,2012-07-01,1995-05-01,3,4,2017-07-01,5,1,6,5,2,1,7500,2300
925601,2017-11-29T04:49:56Z,100247,1994-02-16,2,2014-08-07,4,0,0,3,1996-02-01,1996-02-01,1,2,2014-01-01,3,1,12,3,3,1,15000,10000
919162,2017-11-28T08:16:00Z,99763,1992-12-25,2,2009-02-10,3,1,1,5,1992-12-01,1992-12-01,4,6,2015-09-01,5,1,11,1,,6,7000,5000
919104,2017-11-28T07:41:21Z,99742,1995-11-07,2,2012-01-28,4,0,,2,2011-11-01,2011-11-01,18,22,2017-08-01,2,1,1,5,6,2,12500,100
920991,2017-11-28T18:14:04Z,100097,1991-02-22,2,2012-05-31,4,0,0,4,2005-05-01,2005-05-01,11,14,,1,5,,,4,2,7000,3500
919071,2017-11-28T07:30:59Z,99477,1993-10-25,2,2009-12-07,1,1,5,3,2013-06-01,2015-01-01,3,4,2015-01-01,6,1,12,6,,6,8000,2000
920336,2017-11-28T14:43:46Z,32761,1992-04-16,2,2008-05-23,4,0,0,5,1992-04-10,1992-04-10,4,6,2010-10-10,6,1,2,4,6,2,8100,5000
920242,2017-11-28T14:19:38Z,99973,1994-12-22,2,2011-01-19,4,0,0,1,1994-12-01,1994-12-01,4,6,2014-07-01,2,1,2,4,9,2,6000,5000
921320,2017-11-28T21:26:59Z,100182,1993-02-08,2,2009-05-26,4,0,0,5,2000-09-01,2000-09-01,3,4,2012-08-01,7,1,9,2,,6,7000,3000
919207,2017-11-28T08:52:01Z,99737,1985-11-23,1,2016-06-18,2,2,10,1,2013-10-01,2013-10-01,18,22,,1,4,,,,5,10000,7500
914830,2017-11-27T22:04:57Z,66015,1992-04-14,2,2008-08-08,4,0,,3,1992-04-10,1992-04-10,7,9,2012-05-10,5,1,11,1,4,2,10000,4000
920710,2017-11-28T16:16:45Z,100030,1959-08-07,1,2014-10-18,5,3,38,5,1983-05-01,1983-05-01,8,10,,30,2,,,,5,3000,1000
919233,2017-11-28T09:00:22Z,99680,1993-11-25,2,2013-10-14,3,0,,4,2013-04-01,2013-04-01,15,18,2015-01-01,3,1,2,1,,6,8000,3000
920268,2017-11-28T14:25:03Z,99451,1993-07-19,2,2009-12-05,4,0,0,5,1993-07-01,1993-07-01,20,24,2017-03-01,3,3,12,6,4,1,8000,5500
920637,2017-11-28T15:55:32Z,100033,1994-02-24,2,2010-10-27,4,0,0,5,2010-11-01,2010-11-01,13,16,2012-11-01,5,1,12,1,4,1,6500,2500
914086,2017-11-27T16:39:43Z,99502,1981-03-21,2,1998-12-17,4,0,,3,1997-05-01,1997-05-01,9,11,2015-12-01,17,1,3,4,,6,11000,2500
920906,2017-11-28T17:37:42Z,100055,1978-10-02,1,2006-08-25,3,2,20,1,1978-10-01,1978-10-01,12,15,2015-10-01,15,1,12,4,,6,6000,4000
920484,2017-11-28T15:16:46Z,100012,1988-09-22,1,2014-10-24,3,3,6,5,2016-10-01,2016-10-01,3,4,2016-06-01,5,1,12,6,,5,3500,1500
919745,2017-11-28T11:40:11Z,81442,1988-03-24,1,2013-09-03,2,1,4,1,2014-08-01,2014-08-01,3,4,2017-03-01,12,3,8,6,11,1,8000,5000
919377,2017-11-28T09:40:32Z,99815,1978-07-03,1,2001-07-12,4,0,,5,1978-07-01,1978-07-01,6,8,2012-06-01,20,1,12,6,6,1,9000,2000
921294,2017-11-28T21:14:42Z,100186,1992-03-04,2,2008-08-20,4,0,0,1,2011-09-01,2011-09-01,19,23,2014-01-01,6,1,12,6,,6,11000,6000
914914,2017-11-27T23:27:37Z,99692,1982-06-13,2,2010-11-25,4,0,,1,1997-06-01,2011-08-01,23,27,2012-12-01,10,3,13,6,6,1,10000,5000
921100,2017-11-28T19:04:17Z,100113,1991-04-30,2,2007-10-22,3,1,1,4,1991-04-01,1991-04-01,2,3,2015-07-01,6,1,10,4,6,1,5000,4000
919333,2017-11-28T09:27:54Z,99804,1992-05-14,1,2008-07-10,1,0,,6,2016-05-01,2000-04-01,8,17,2017-05-01,4,1,5,2,4,1,15000,5000
921284,2017-11-28T21:05:24Z,99711,1972-06-01,2,1997-07-01,4,0,0,4,1974-01-01,1974-01-01,9,11,2010-01-01,23,3,13,6,6,1,15000,8000
920339,2017-11-28T14:45:01Z,99984,1982-09-07,1,2002-03-04,3,1,15,4,2013-01-01,2013-01-01,3,4,2016-10-01,9,1,2,2,4,1,11000,11000
921131,2017-11-28T19:15:13Z,41521,1997-09-15,2,2013-10-31,4,0,,1,1997-09-10,1997-09-10,23,27,1970-01-01,1,5,,,,6,7000,2500
920360,2017-11-28T14:49:17Z,99990,1998-09-08,2,2014-10-22,4,0,0,5,1981-05-01,1981-05-01,3,4,2015-01-01,4,1,3,3,,3,8500,3000
919672,2017-11-28T11:20:31Z,99861,1972-08-21,1,1999-04-01,3,1,21,1,2002-10-01,2002-10-01,8,10,1995-09-01,20,1,10,4,4,1,6000,2000
921310,2017-11-28T21:24:18Z,100179,1984-07-30,2,,4,0,0,5,2017-07-01,1993-07-01,8,14,2014-04-01,14,1,2,5,11,1,10000,3000
914840,2017-11-27T22:10:00Z,92074,1986-06-05,2,2002-09-24,3,1,6,5,2000-08-01,2000-08-01,20,24,2007-08-01,14,1,2,4,9,1,12000,5000
921014,2017-11-28T18:20:46Z,100078,1996-04-29,1,,3,0,0,5,2004-02-01,2004-02-01,9,11,2015-05-01,2,3,10,6,6,1,4200,2000
920819,2017-11-28T17:00:55Z,79127,1993-03-30,2,2009-06-17,4,0,,1,2004-12-01,2004-12-01,3,4,2014-03-01,3,1,12,1,,6,6500,5000
919359,2017-11-28T09:35:27Z,85119,1993-05-27,2,2009-08-25,4,0,,1,1999-06-01,1999-06-01,3,4,2013-04-01,5,3,3,6,,6,4500,3350
918891,2017-11-28T02:21:57Z,99710,1974-01-29,2,1999-08-27,3,1,6,5,2006-08-01,2006-08-01,2,3,2013-07-01,4,1,11,2,4,1,9000,2800
919150,2017-11-28T08:07:38Z,99758,1992-09-07,2,2008-10-09,4,0,,4,2017-01-01,2017-01-01,15,18,2017-02-01,2,1,3,6,9,1,8000,3000
920016,2017-11-28T12:59:15Z,99720,1989-12-05,1,2012-10-31,2,0,,5,1989-12-01,1989-12-01,21,25,2016-05-01,2,1,11,1,9,1,10000,4000
920396,2017-11-28T14:55:31Z,99964,1995-01-20,1,2011-02-28,4,0,0,1,2012-09-01,2012-09-01,6,8,2015-05-01,2,1,8,1,7,1,3500,1500
921216,2017-11-28T20:14:06Z,100164,1996-04-06,2,2012-05-12,4,0,0,1,2013-09-01,2013-09-01,18,22,2015-01-01,3,3,12,6,11,2,7000,3500
918896,2017-11-28T02:24:57Z,99712,1992-06-17,2,2009-02-12,1,0,,5,1992-06-01,1992-06-01,15,18,2014-03-01,4,1,3,6,2,2,14000,5000
919764,2017-11-28T11:44:51Z,99872,1987-01-13,2,2003-05-22,3,1,3,5,2017-06-01,2011-11-01,6,12,,10,5,,,11,1,8000,6000
919912,2017-11-28T12:27:50Z,99907,1991-10-23,1,2015-06-12,3,2,6,5,2001-11-01,2001-11-01,4,6,2015-04-01,3,6,12,6,8,1,5500,4500
920276,2017-11-28T14:30:10Z,99983,1975-12-17,2,2002-02-05,3,1,7,5,1983-09-01,1983-09-01,16,20,2017-02-01,19,3,7,1,11,1,13000,6000
920857,2017-11-28T17:18:00Z,100072,1989-05-15,2,2005-07-26,4,0,0,4,1992-05-01,1992-05-01,9,11,2017-08-01,1,1,6,3,,5,5100,3000
920575,2017-11-28T15:37:17Z,100002,1983-09-02,1,2003-12-17,3,1,12,1,2003-10-01,2003-10-01,16,20,2008-02-01,9,1,8,5,,6,6500,1500
919313,2017-11-28T09:24:18Z,99743,1989-04-06,2,2014-04-30,3,1,1,1,1989-04-01,1989-04-01,3,4,2010-06-01,7,1,6,5,,6,6000,6000
920591,2017-11-28T15:39:22Z,100029,1990-05-22,1,2015-05-13,3,1,2,5,1997-03-01,1997-03-01,8,10,2009-06-01,8,1,5,2,4,1,10600,2000
919347,2017-11-28T09:32:08Z,51372,1991-07-25,2,2007-12-03,3,0,,1,1991-07-01,1991-07-01,13,16,2015-11-01,3,1,6,2,3,1,9600,10
919273,2017-11-28T09:17:12Z,99790,1975-07-18,2,1996-04-05,4,0,,5,1980-06-01,1980-06-01,12,15,2008-06-01,17,3,3,6,11,2,8000,4000
920164,2017-11-28T13:40:12Z,15830,1986-12-06,2,2003-06-24,3,1,5,5,2016-11-01,2016-11-01,6,8,2007-09-01,10,1,6,5,11,1,12500,6000
920972,2017-11-28T18:05:27Z,100101,1987-11-21,2,2004-03-23,1,0,0,1,1992-05-01,1992-05-01,15,18,2007-05-01,9,6,12,3,,5,5000,550
921109,2017-11-28T19:07:15Z,99933,1999-08-17,1,2015-09-03,4,0,0,5,2010-03-01,2010-03-01,11,14,,1,4,,,9,2,5000,5000
918939,2017-11-28T04:57:45Z,98928,1991-09-28,2,2008-01-21,4,0,,5,2017-02-01,2000-04-01,9,6,2010-10-01,7,1,6,4,,6,8000,5000
920954,2017-11-28T17:57:47Z,48922,1983-01-07,1,2012-04-30,3,3,14,5,2015-11-01,2015-11-01,18,22,2016-08-01,1,1,2,5,,6,7500,3450
919296,2017-11-28T09:22:31Z,80029,1990-11-02,2,2011-12-02,3,2,5,1,2014-09-01,2013-04-01,17,5,2014-10-01,6,1,10,1,,6,7000,4000
921117,2017-11-28T19:08:56Z,100134,1986-12-22,2,2015-12-30,1,3,4,5,2013-04-01,2003-01-01,13,16,2016-10-01,15,1,7,5,11,2,18000,15000
913003,2017-11-27T11:12:47Z,96630,1989-01-10,2,2017-01-06,4,0,,4,2015-04-01,1989-01-01,8,8,,5,5,,,4,1,15000,10000
914549,2017-11-27T19:50:42Z,2278,1995-09-20,1,2011-12-08,4,0,,1,2011-12-01,2011-12-01,9,11,2014-04-01,3,1,8,4,,6,3200,600
921003,2017-11-28T18:16:38Z,100099,1986-02-16,2,2002-04-10,3,1,6,5,1992-07-01,1992-07-01,6,8,2016-06-01,13,1,12,1,11,1,12000,7000
921174,2017-11-28T19:46:48Z,87298,1988-12-28,2,2006-10-03,4,0,0,1,2005-01-01,2005-01-01,10,12,2010-05-01,5,1,13,3,,5,10000,2000
919670,2017-11-28T11:19:44Z,99862,1990-04-10,2,2015-10-13,4,0,,5,1990-04-01,1990-04-01,16,20,,1,5,,,4,2,4000,3000
921206,2017-11-28T20:12:04Z,100165,1983-08-10,1,2016-09-28,3,2,10,1,2015-08-01,1983-08-01,1,5,,10,5,,,9,1,1700,1000
920592,2017-11-28T15:39:25Z,86861,1994-09-01,2,2012-02-07,4,0,,5,2000-04-01,2000-04-01,21,25,2011-02-01,8,3,7,3,,5,5000,3500
919492,2017-11-28T10:23:38Z,99838,1989-05-03,2,2005-06-22,4,0,,5,2005-06-01,2005-06-01,6,8,2016-11-01,11,1,12,5,4,2,7000,2000
920961,2017-11-28T18:00:29Z,100094,1991-08-05,2,2014-12-20,4,0,0,1,1996-06-01,1996-06-01,2,3,2017-06-01,3,6,3,3,,3,9000,6000
919438,2017-11-28T10:03:21Z,99828,1990-09-26,2,2015-10-07,4,0,,5,2015-02-01,2006-02-01,12,16,2017-03-01,10,1,6,6,,6,7500,3000
914686,2017-11-27T20:39:57Z,99635,1981-04-22,2,2016-02-03,3,1,14,4,2004-04-01,2004-04-01,6,8,2015-02-01,8,3,12,3,4,2,17500,10000
919820,2017-11-28T12:03:12Z,99864,1996-07-06,2,2012-09-01,4,0,,3,2016-10-01,2013-09-01,20,18,2017-09-01,3,1,6,5,11,2,6500,2500
920882,2017-11-28T17:26:57Z,100062,1997-06-20,2,2013-10-12,4,0,0,1,2014-09-01,2014-09-01,17,21,2017-03-01,2,1,7,1,11,2,5500,3000
921159,2017-11-28T19:35:40Z,89481,1995-05-18,2,2011-09-03,4,0,0,4,2004-06-01,2011-10-01,8,24,2016-08-01,4,3,13,5,,5,15000,6000
920740,2017-11-28T16:25:49Z,17548,1992-09-18,2,2008-10-08,4,0,0,1,1996-09-01,1996-09-01,20,24,2016-06-01,2,1,11,3,10,1,7000,10
918955,2017-11-28T06:11:45Z,99725,1994-03-10,2,2010-10-22,4,0,,5,2007-02-01,2007-02-01,9,11,2010-03-01,6,1,7,2,,6,15000,8000
919315,2017-11-28T09:25:30Z,99765,1996-11-25,1,2013-02-05,4,0,,1,2014-06-01,2008-09-01,9,6,,1,4,,,6,2,8000,4500
914842,2017-11-27T22:10:37Z,99673,1987-07-22,2,2004-03-24,3,0,,3,2004-03-01,2004-03-01,6,8,2016-08-01,12,1,12,2,4,1,7600,4500
920706,2017-11-28T16:15:16Z,100032,1975-01-10,2,1998-07-23,3,0,0,1,2002-02-01,1988-04-01,10,12,1993-11-01,24,1,13,1,,5,4300,1700
913517,2017-11-27T14:05:45Z,9929,1991-08-08,1,2007-10-31,4,0,,5,2007-10-10,2007-10-10,1,2,2016-07-01,2,1,10,4,6,1,8000,3000
918941,2017-11-28T04:58:08Z,99676,1985-07-12,2,2002-05-31,4,0,,5,1985-07-01,1985-07-01,3,4,2017-07-01,10,1,6,5,11,1,7000,4000
920839,2017-11-28T17:12:23Z,100070,1996-05-14,2,2012-06-22,3,0,0,1,1996-06-01,1996-06-01,16,20,2014-09-01,5,1,2,4,10,2,8000,5000
919696,2017-11-28T11:25:53Z,99840,1999-09-22,2,2015-12-26,4,0,,1,2016-08-01,2016-08-01,8,10,2016-12-01,1,1,4,1,4,2,8000,2500
921134,2017-11-28T19:16:57Z,100133,1987-05-20,2,2005-02-01,2,1,10,5,1987-05-01,1987-05-01,6,8,2014-08-01,6,1,1,5,,6,7500,5000
914908,2017-11-27T23:24:27Z,99689,1985-01-01,2,2002-05-27,3,2,8,5,1985-01-01,1985-01-01,11,14,2009-04-01,12,3,3,3,4,7,95000,16800
920718,2017-11-28T16:19:28Z,100046,1998-07-09,2,2014-07-31,4,0,0,1,2014-06-01,1998-08-01,11,14,2017-01-01,1,1,12,3,5,1,5100,3000
920907,2017-11-28T17:37:48Z,100082,1998-02-12,2,2014-05-08,4,0,0,1,1998-02-01,1998-02-01,6,8,2017-10-01,1,3,1,5,,6,10000,6000
913056,2017-11-27T11:27:27Z,99297,1987-06-12,2,2005-10-06,3,1,2,3,1989-04-01,1989-04-01,8,10,2017-01-01,12,1,12,4,,6,8000,3500
920405,2017-11-28T14:57:33Z,97273,1990-02-25,2,2006-03-22,4,0,0,5,1990-02-01,1990-02-01,5,7,2009-09-01,9,3,4,3,10,1,15000,8000
919242,2017-11-28T09:04:01Z,99791,1991-09-09,1,2016-10-20,1,3,1,5,2013-05-01,2009-12-01,13,16,2016-09-01,6,1,2,2,4,2,15000,10000
919134,2017-11-28T07:54:20Z,99752,1983-09-19,1,2012-10-16,3,1,4,1,1983-09-01,1983-09-01,12,15,2015-01-01,7,1,12,3,,6,5500,3000
919813,2017-11-28T12:01:50Z,99829,1994-02-16,1,2014-09-13,4,1,3,1,2010-03-01,2010-03-01,20,24,,4,5,,,,5,3470,1400
920427,2017-11-28T15:04:16Z,97678,1987-01-28,2,2003-03-12,4,0,0,5,2000-06-01,2000-06-01,18,22,2017-01-01,10,1,10,1,3,1,5500,3800
908132,2017-11-26T22:44:19Z,98249,1987-02-22,1,2003-10-17,4,0,,5,1987-02-01,1987-02-01,3,4,2011-04-01,10,1,2,4,9,7,5000,2400
913121,2017-11-27T11:43:32Z,99306,1960-01-13,2,2002-03-11,3,1,34,4,2006-10-01,2006-10-01,3,4,1982-11-01,35,1,13,5,11,1,9500,4000
914547,2017-11-27T19:50:09Z,99608,1990-05-11,2,2006-06-20,3,1,3,5,1990-05-01,1990-05-01,16,20,2013-10-01,9,3,13,1,4,1,8000,4000
913913,2017-11-27T15:43:30Z,97346,1995-10-28,1,2016-04-15,3,1,1,5,2007-07-01,2007-07-01,20,24,2015-01-01,2,6,12,5,,5,5800,1000
912233,2017-11-27T06:26:37Z,99156,1997-01-17,1,2013-01-31,4,0,,5,2017-08-01,2005-07-01,3,8,2017-07-01,1,1,2,1,9,2,10000,5000
913283,2017-11-27T12:40:28Z,99346,1961-05-26,1,1998-09-24,1,2,37,3,1995-10-01,1995-10-01,3,4,1998-08-01,39,1,6,5,4,1,8000,2000
912505,2017-11-27T08:44:47Z,4285,1991-07-19,1,2007-11-22,4,2,5,5,1991-07-10,1991-07-10,3,4,2016-03-01,2,6,6,3,,6,5300,1000
913936,2017-11-27T15:48:17Z,99486,1990-01-22,2,2006-03-17,4,0,,4,2001-06-01,2001-06-01,19,23,2017-03-01,5,3,12,6,10,1,12000,2500
912692,2017-11-27T09:38:25Z,99204,1992-08-14,1,2014-01-23,3,1,3,5,2013-02-01,2013-02-01,3,4,2009-04-01,7,3,4,6,10,2,3000,1500
912154,2017-11-27T03:47:50Z,99141,1985-07-01,2,2004-02-20,3,2,6,5,1985-04-01,1985-04-01,13,16,2016-10-01,15,1,11,1,5,1,10000,3000
913896,2017-11-27T15:38:26Z,99478,1972-08-17,1,2000-08-11,3,1,16,5,1991-10-01,1991-10-01,3,4,1996-03-01,23,1,7,5,4,7,12300,10000
914565,2017-11-27T19:55:31Z,99611,1994-02-04,2,2010-07-08,4,0,,5,2015-09-01,2015-09-01,18,22,,0,4,,,9,1,3000,2000
914268,2017-11-27T18:00:19Z,99561,1999-04-30,1,2015-10-15,4,0,,1,1999-05-01,1999-05-01,23,27,,2,4,,,,5,2000,2000
912200,2017-11-27T05:46:43Z,99151,1990-04-16,2,2006-11-28,4,0,,5,2013-06-01,2013-06-01,3,4,,7,5,,,,6,3600,3600
913610,2017-11-27T14:30:10Z,69105,1993-06-20,2,2009-08-11,4,0,,3,2009-06-10,2009-06-10,2,3,2012-01-10,7,3,11,3,10,1,40000,5500
914620,2017-11-27T20:18:21Z,99627,1995-12-07,2,2011-12-07,4,0,,1,2017-04-01,2017-04-01,19,23,2015-06-01,2,1,1,1,6,2,7000,6500
914327,2017-11-27T18:23:05Z,99570,1995-05-21,1,2011-08-18,4,0,,1,2013-06-01,2013-06-01,1,2,2017-04-01,4,1,12,1,4,2,5500,3800
912820,2017-11-27T10:10:37Z,99243,1992-08-03,2,2008-12-25,4,0,,1,2016-08-01,2016-08-01,1,2,2011-01-01,6,3,3,6,6,1,26000,10000
913196,2017-11-27T12:12:44Z,99329,1999-02-09,2,2015-04-04,4,1,1,1,1999-02-01,1999-02-01,4,6,2016-10-01,1,1,12,3,,6,7000,4500
914279,2017-11-27T18:03:08Z,66437,1999-05-25,2,2015-06-25,4,0,,4,2007-05-01,2007-05-01,23,27,2016-10-01,1,1,3,6,,6,3500,10
912687,2017-11-27T09:37:33Z,99209,1992-06-15,2,2007-07-17,4,0,,1,1992-08-01,1992-08-01,16,20,2016-06-01,6,1,11,3,9,2,7000,5000
912534,2017-11-27T08:54:14Z,99197,1996-12-10,1,2013-02-12,1,0,,1,2016-12-01,2004-10-01,12,15,2017-04-01,7,1,5,5,8,2,6000,4000
913728,2017-11-27T15:06:05Z,28744,1995-07-31,2,2011-08-29,4,0,,1,2014-09-10,2014-09-10,13,16,2014-04-10,3,1,12,3,,6,5000,4500
913089,2017-11-27T11:34:57Z,99289,1994-11-15,2,2011-02-25,4,0,,1,1994-11-01,1994-11-01,11,14,2016-11-01,1,1,6,1,8,1,5000,3500
913125,2017-11-27T11:45:31Z,99268,1993-01-07,2,2009-01-09,3,1,1,4,1993-01-01,1993-01-01,19,23,2015-05-01,4,1,12,1,9,1,5200,2000
914012,2017-11-27T16:15:52Z,99501,1984-11-26,1,2004-02-05,2,1,13,5,2000-01-01,2000-01-01,19,23,2015-04-01,12,3,12,6,11,1,10000,1500
913294,2017-11-27T12:42:07Z,99336,1979-03-30,2,2007-12-26,3,2,16,3,2016-10-01,2016-10-01,9,11,2015-05-01,14,6,6,6,11,2,9500,4500
913618,2017-11-27T14:31:58Z,27476,1994-06-13,2,2015-06-18,1,0,,1,2001-06-01,2016-10-01,21,25,2017-08-01,3,1,11,3,4,2,6000,2500
914101,2017-11-27T16:45:14Z,89600,1989-01-14,2,2005-05-04,3,0,,5,2015-02-01,2000-01-01,3,4,2009-04-01,8,1,2,5,9,1,10000,5000
914472,2017-11-27T19:23:07Z,99316,1984-07-06,2,2001-08-01,3,1,6,1,1997-03-01,1997-03-01,3,4,2005-11-01,12,1,6,5,,6,8000,6000
914420,2017-11-27T19:01:09Z,99583,1999-05-20,2,2015-06-17,4,0,,5,2004-06-01,2004-06-01,3,4,,2,4,,,,3,4000,2500
913127,2017-11-27T11:45:41Z,99311,1979-02-20,2,2011-06-22,1,0,,5,2017-04-01,1979-02-01,8,10,2017-08-01,20,1,12,3,4,7,15000,6000
913687,2017-11-27T14:55:54Z,99427,1962-02-15,1,2007-08-11,3,1,15,5,1990-11-01,1990-11-01,9,11,,26,2,,,,6,5200,2800
914713,2017-11-27T21:01:09Z,68311,1991-03-22,2,2007-08-16,4,0,,4,2011-05-01,2011-05-01,6,8,2013-04-01,5,1,6,5,,6,5200,2000
914630,2017-11-27T20:21:59Z,99628,1995-04-11,1,2015-11-06,3,1,1,1,1999-03-01,1999-03-01,18,22,,2,4,,,6,2,3000,1850
913434,2017-11-27T13:39:03Z,99376,1993-05-19,2,2009-06-24,4,0,,1,2009-06-01,2009-06-01,3,4,2017-05-01,8,1,6,2,4,2,8500,2000
914374,2017-11-27T18:37:35Z,98809,1989-08-24,2,2005-09-14,4,0,,5,2010-08-01,2010-08-01,21,25,2016-04-01,5,1,6,5,,6,5000,3000
912133,2017-11-27T02:43:57Z,99136,1981-02-13,2,2011-05-30,3,0,,4,1999-02-01,1999-02-01,12,15,2012-06-01,2,3,6,6,,6,10500,5000
912794,2017-11-27T10:03:12Z,99230,1990-06-21,1,2007-01-19,4,1,5,1,2007-08-01,2007-08-01,15,18,,8,5,,,6,1,3000,2400
912900,2017-11-27T10:40:33Z,99276,1995-02-14,1,2014-08-20,3,1,2,5,1995-02-01,1995-02-01,15,18,,2,5,,,,6,5000,2000
907208,2017-11-26T13:56:58Z,98898,1978-07-22,1,2001-10-30,5,2,21,3,1978-07-01,1978-07-01,9,11,2014-12-01,5,1,3,3,,6,12000,11000
912624,2017-11-27T09:20:19Z,99206,1995-09-09,2,2011-12-27,4,0,,1,1995-09-01,1995-09-01,9,11,2016-09-01,4,1,11,2,,6,7500,5000
907644,2017-11-26T16:56:52Z,98976,1996-08-21,2,2012-10-20,4,0,,5,2013-01-01,2013-01-01,18,22,2015-07-01,2,6,12,4,6,1,6000,3000
912257,2017-11-27T06:49:59Z,99162,1988-10-27,2,2006-02-10,3,1,6,4,2013-10-01,2013-10-01,21,25,2017-04-01,8,6,3,5,,6,5500,1500
913018,2017-11-27T11:18:43Z,99285,1997-01-21,2,2013-10-24,4,0,,1,1997-01-01,1997-01-01,1,2,2015-04-01,3,3,3,6,,6,7000,1000
913075,2017-11-27T11:32:13Z,99301,1988-10-12,2,2005-03-02,3,0,,1,2006-04-01,2006-04-01,9,11,2016-06-01,8,1,6,5,11,2,7000,3000
912916,2017-11-27T10:45:27Z,99273,1997-01-18,2,2013-04-09,4,0,,1,1997-03-01,1997-03-01,8,10,2017-05-01,2,1,12,3,,5,8000,5000
913901,2017-11-27T15:40:27Z,99218,1982-08-03,2,2000-04-21,2,2,10,4,1991-08-01,1991-08-01,20,24,2017-04-01,8,1,12,5,5,1,6400,1200
914362,2017-11-27T18:34:04Z,99577,1993-09-08,1,2009-11-16,4,0,,5,1993-09-01,1993-09-01,3,4,2016-11-01,5,1,12,3,,6,9500,2500
914727,2017-11-27T21:08:43Z,99641,1985-07-03,2,2001-07-18,2,0,,1,1999-03-01,1999-03-01,18,22,2013-03-01,8,1,6,3,11,2,9000,3000
912180,2017-11-27T05:18:25Z,99148,1999-01-19,2,2015-09-15,4,0,,4,1999-01-01,1999-01-01,3,4,,0,4,,,6,2,3000,500
912789,2017-11-27T09:58:54Z,99215,1983-06-11,2,2000-03-09,3,2,5,5,1984-01-01,1984-01-01,15,18,2013-10-01,17,1,12,4,,6,12000,7000
913748,2017-11-27T15:10:23Z,34020,1972-02-07,1,2010-12-15,2,1,20,5,2006-12-01,2006-12-01,9,11,2017-08-01,22,6,5,6,,6,5800,10
906827,2017-11-26T11:21:42Z,98753,1971-07-06,1,1997-11-14,3,0,,5,1982-05-01,1982-05-01,11,14,2014-09-01,20,1,5,3,4,2,5800,2500
914073,2017-11-27T16:37:09Z,99514,1992-02-17,2,2008-04-24,4,0,,1,2017-02-01,2016-02-01,11,9,2016-10-01,5,1,5,5,3,1,15000,4000
913451,2017-11-27T13:45:24Z,99381,1990-07-19,2,2006-08-29,4,0,,1,2011-09-01,2011-09-01,9,11,2013-08-01,4,1,2,2,4,1,8000,4000
914185,2017-11-27T17:20:59Z,99533,1996-08-05,2,2012-09-27,4,0,,4,2016-11-01,2016-11-01,6,8,2016-11-01,4,1,1,1,4,1,9000,5000
908165,2017-11-26T23:20:32Z,99106,1987-03-06,2,2012-09-27,4,0,,1,1996-09-01,1996-09-01,20,24,2009-06-01,9,1,12,6,10,1,6300,2560
914511,2017-11-27T19:36:06Z,99602,1995-05-13,2,2011-06-21,4,0,,1,1995-06-01,1995-06-01,21,25,2017-10-01,2,1,4,6,,6,6000,2000
914387,2017-11-27T18:41:28Z,99573,1986-01-16,2,2002-08-09,3,1,4,1,2002-08-01,2002-08-01,22,26,2014-03-01,4,1,12,6,,6,8000,4500
914580,2017-11-27T20:00:49Z,99606,1993-07-23,2,2009-08-20,4,0,,5,1993-07-01,1993-07-01,3,4,2017-09-01,8,1,6,5,,6,6000,4000
906790,2017-11-26T11:04:52Z,98792,1975-01-23,2,2002-07-16,3,1,8,5,1991-06-01,1991-06-01,3,4,2017-02-01,18,1,12,3,4,7,4500,2000
913542,2017-11-27T14:15:43Z,99417,1998-06-05,2,2014-09-06,4,0,,1,2010-03-01,2010-03-01,19,23,2016-12-01,2,1,12,3,,6,5000,1500
912299,2017-11-27T07:12:19Z,99167,1994-09-22,1,2013-03-27,3,1,4,5,2017-05-01,1994-09-01,14,17,2014-03-01,3,3,11,6,,6,5500,4500
913623,2017-11-27T14:33:22Z,99411,1988-09-22,1,2009-07-30,5,1,5,5,2016-12-01,2004-12-01,12,15,2015-09-01,8,1,10,3,9,1,4700,1500
913263,2017-11-27T12:34:51Z,99317,1997-07-24,2,2013-09-19,4,0,,1,2017-09-01,1997-07-01,20,24,2016-02-01,2,1,1,5,,6,7200,1700
912662,2017-11-27T09:33:19Z,99194,1993-02-09,2,2009-04-27,3,0,,1,2016-10-01,1993-02-01,2,3,2015-07-01,2,1,2,5,9,1,11000,7000
914518,2017-11-27T19:37:48Z,77049,1992-07-04,2,2013-11-07,4,0,,4,2016-03-01,2016-03-01,12,15,2015-02-01,2,1,12,1,,6,8000,6000
914032,2017-11-27T16:27:31Z,99500,1988-12-24,2,2013-07-19,3,0,,5,2015-04-01,1988-12-01,9,21,2014-05-01,7,1,8,3,7,1,7200,3200
913508,2017-11-27T14:03:01Z,81134,1995-12-03,2,2012-01-17,4,0,,5,1999-02-01,1999-02-01,11,14,,1,5,,,,6,10000,2500
912103,2017-11-27T00:58:35Z,99117,1993-03-11,2,2009-03-12,4,0,,1,1993-03-01,1993-03-01,13,16,,3,5,,,,6,9000,9000
906829,2017-11-26T11:23:11Z,89032,1991-08-23,2,2008-02-08,4,0,,1,1991-08-01,1991-08-01,9,11,2016-11-01,0,1,6,5,,6,5000,2500
914418,2017-11-27T19:00:55Z,99588,1996-09-29,2,2013-09-14,4,0,,5,1996-09-01,1996-09-01,8,10,2016-04-01,1,1,11,4,,5,6000,2000
907446,2017-11-26T15:29:18Z,98942,1995-04-05,2,2011-04-14,4,0,,1,2011-07-01,2011-07-01,6,8,2016-03-01,3,1,1,4,,6,7300,1500
912925,2017-11-27T10:47:53Z,99277,1997-01-07,1,2015-02-05,4,0,,5,2016-08-01,2016-08-01,9,11,2016-03-01,3,1,5,5,4,2,12000,4000
914475,2017-11-27T19:25:04Z,99572,1984-03-03,1,2001-01-17,4,1,5,5,2013-01-01,2013-01-01,13,16,2003-08-01,14,3,12,6,4,1,4400,2000
913093,2017-11-27T11:36:41Z,99302,1991-07-22,2,2007-10-06,4,0,,5,1991-06-01,1991-06-01,1,2,2013-09-01,5,6,10,2,6,1,4200,2600
914287,2017-11-27T18:05:47Z,92504,1995-09-08,2,2011-09-12,4,0,,1,2009-06-01,2009-06-01,14,17,2017-10-01,0,3,11,5,9,2,15000,12000
914741,2017-11-27T21:22:31Z,99653,1997-06-25,1,2013-09-26,4,0,,1,2013-09-01,2013-09-01,1,2,2017-05-01,2,1,12,3,9,2,5000,3500
914496,2017-11-27T19:32:40Z,83325,1990-04-29,2,2006-06-06,4,0,,1,1990-05-01,1990-05-01,23,27,2017-03-01,9,1,3,3,4,1,8000,1000
906213,2017-11-26T05:00:08Z,61183,1990-06-11,2,2008-07-23,3,1,1,5,1990-06-10,1990-06-10,9,11,2011-08-10,7,1,6,1,,5,10000,5000
907956,2017-11-26T20:25:03Z,99066,1984-07-01,1,2006-09-20,3,2,11,1,2007-09-01,2007-09-01,12,15,2010-02-01,15,1,2,3,,6,6000,1000
901428,2017-11-25T14:48:20Z,98459,1984-01-31,2,2000-03-10,3,2,7,4,2011-05-01,2011-05-01,3,4,2010-03-01,9,1,11,3,9,1,8000,4500
906972,2017-11-26T12:34:44Z,98845,1968-02-13,1,2014-03-20,1,0,,5,2014-04-01,2014-04-01,21,25,2016-08-01,27,1,12,6,,6,4800,2700
906434,2017-11-26T08:25:00Z,98722,1985-10-27,2,2012-02-08,4,0,,5,1985-11-01,1985-11-01,7,9,,15,5,,,4,2,12000,8000
906976,2017-11-26T12:37:44Z,98846,1993-02-06,1,2016-02-19,3,1,1,1,2005-01-01,2005-01-01,17,21,,6,5,,,6,1,6000,2500
901342,2017-11-25T14:16:26Z,98428,1994-12-26,2,2011-02-10,4,0,,1,2016-08-01,2016-08-01,10,12,2017-06-01,4,1,6,4,11,1,8000,3000
906820,2017-11-26T11:20:06Z,98800,1990-12-06,2,2016-04-16,4,0,,1,1990-12-01,1990-12-01,14,17,2015-03-01,3,1,2,2,,6,6500,4300
906172,2017-11-26T02:50:04Z,98662,1983-05-18,2,2014-10-24,4,0,,5,2003-05-01,2003-05-01,16,20,2015-01-01,10,1,3,2,,6,14000,5000
907657,2017-11-26T17:05:55Z,98967,1992-03-16,2,2008-03-26,4,0,,5,2014-08-01,2014-08-01,9,11,2012-08-01,4,6,13,6,11,4,7458,3245
907374,2017-11-26T14:56:43Z,98798,1988-11-26,1,2006-06-30,1,1,7,5,1988-11-01,1988-11-01,20,24,2015-01-01,3,6,12,6,,5,5000,1700
906834,2017-11-26T11:24:31Z,98802,1995-07-15,2,2012-01-23,1,0,,5,1995-01-01,1995-01-01,19,23,2017-05-01,4,6,13,6,11,1,5400,3800
907055,2017-11-26T12:58:11Z,98864,1964-09-07,1,2013-11-15,3,1,32,5,2013-07-01,1984-12-01,7,9,,25,2,,,,5,5000,1500
906325,2017-11-26T07:29:49Z,98696,1999-10-19,1,2015-12-04,4,0,,5,2005-10-01,2005-10-01,7,9,,0,4,,,9,1,1300,1200
906420,2017-11-26T08:17:15Z,98713,1995-10-18,2,2011-11-03,4,0,,5,2015-11-01,1995-10-01,23,20,2015-11-01,3,1,1,5,1,1,7500,3000
906123,2017-11-26T00:37:34Z,98648,1995-09-11,2,2011-12-26,4,0,,1,2014-08-01,2014-08-01,12,15,2017-05-01,1,1,6,2,9,2,5000,3000
906810,2017-11-26T11:16:55Z,98790,1994-05-06,1,2015-10-13,3,1,2,1,2016-09-01,2000-06-01,16,20,2015-05-01,2,3,12,6,11,2,3000,1400
907318,2017-11-26T14:25:52Z,98835,1986-06-02,2,2008-07-17,3,1,5,1,2006-04-01,2006-04-01,14,17,2015-03-01,12,1,8,3,7,1,10000,3000
907624,2017-11-26T16:44:40Z,98619,1999-01-05,2,2015-07-25,4,0,,5,1999-01-01,1999-01-01,5,7,2014-04-01,3,3,12,3,6,2,10000,7000
907274,2017-11-26T14:13:00Z,98913,1994-09-05,2,2010-10-10,4,0,,1,2009-09-01,2009-09-01,22,26,2017-09-01,1,6,12,2,11,1,6000,3500
906773,2017-11-26T10:59:35Z,98784,1993-12-05,1,2015-08-11,3,2,6,5,2011-09-01,2011-09-01,3,4,,3,5,,,,6,9000,7500
907484,2017-11-26T15:41:34Z,98941,1992-06-17,1,2015-12-24,3,1,3,5,2011-10-01,2008-10-01,3,4,2013-02-01,7,1,12,5,,6,5500,3000
907676,2017-11-26T17:18:45Z,98993,1997-07-24,2,2013-11-19,4,0,,2,2017-09-01,2014-08-01,3,4,2017-06-01,2,1,5,5,11,2,10000,8000
907053,2017-11-26T12:57:42Z,98700,1992-11-19,1,2017-02-10,3,2,5,1,2016-12-01,2015-12-01,4,6,2015-02-01,7,6,11,6,,6,8000,3000
902244,2017-11-25T22:01:10Z,98627,1982-02-06,1,2009-10-15,3,3,4,1,2015-03-01,2015-03-01,13,16,2017-09-01,8,1,2,3,3,1,4500,3500
908078,2017-11-26T21:55:00Z,64292,1989-03-27,2,2006-01-03,3,1,5,5,2013-12-10,2013-12-10,9,11,2008-07-10,9,1,13,5,11,1,8000,8000
907774,2017-11-26T18:21:33Z,99000,1974-12-20,2,2001-12-26,3,1,3,4,1991-01-01,1991-01-01,13,16,2015-10-01,15,1,2,4,11,1,7000,2500
906232,2017-11-26T05:57:24Z,98620,1983-07-28,1,2000-06-16,2,1,3,5,2006-09-01,2006-09-01,3,4,2007-05-01,10,3,4,6,6,7,7000,2500
906312,2017-11-26T07:26:18Z,98651,1996-08-21,2,2012-08-27,4,0,,1,1996-08-01,1996-08-01,9,11,2016-10-01,2,1,2,5,6,2,7000,3000
901708,2017-11-25T16:40:45Z,98506,1989-03-03,2,2005-09-10,3,1,2,3,2015-05-01,2005-09-01,6,5,2014-06-01,11,3,12,6,,6,5500,2200
907766,2017-11-26T18:17:12Z,99018,1972-09-16,1,2001-06-07,1,1,22,3,1972-09-01,1972-09-01,18,22,2011-05-01,28,1,12,5,3,2,10000,3000
906277,2017-11-26T07:05:51Z,39749,1971-07-30,1,1996-05-07,3,1,20,1,1971-07-01,1971-07-01,19,23,1999-09-01,26,1,10,6,,6,4000,3000
907402,2017-11-26T15:10:02Z,98933,1992-10-21,1,2013-07-05,3,2,4,4,2015-02-01,2015-02-01,4,6,,0,5,,,,6,10000,7000
906402,2017-11-26T08:10:08Z,98710,1986-09-17,2,2011-06-01,4,0,,4,1990-05-01,1990-05-01,17,21,2008-04-01,10,1,13,3,2,1,35000,3000
907990,2017-11-26T20:50:57Z,99073,1989-09-17,2,2005-09-30,4,0,,1,1991-06-01,1991-06-01,8,10,2017-09-01,2,1,13,2,,5,8500,6000
906840,2017-11-26T11:25:53Z,98791,1991-06-21,1,2012-05-10,3,1,5,1,2009-02-01,2009-02-01,8,10,2016-05-01,7,1,12,1,,5,9000,5000
907210,2017-11-26T13:57:11Z,24396,1985-01-31,2,2001-03-24,4,0,,1,2001-10-01,2001-10-01,21,25,2012-08-01,9,3,3,6,4,1,7000,3000
906777,2017-11-26T11:00:17Z,55811,1998-01-08,1,2016-09-28,1,1,1,5,2017-01-10,2017-01-10,7,9,,0,5,,,6,2,3500,2000
907538,2017-11-26T16:04:44Z,98960,1993-09-22,2,2016-07-15,4,0,,1,2000-09-01,2000-09-01,14,17,2017-05-01,3,1,11,4,10,1,6000,4000
908010,2017-11-26T21:02:21Z,99078,1983-02-23,1,2001-03-12,3,1,11,5,2006-03-01,2006-03-01,16,20,2017-06-01,15,3,11,6,,6,6500,3000
907206,2017-11-26T13:56:17Z,98895,1952-09-23,2,2001-01-29,3,0,,3,2014-11-01,2014-11-01,12,15,,37,2,,,3,1,4000,1000
900259,2017-11-25T06:53:28Z,8883,1993-04-21,2,2009-05-26,4,0,,1,2016-07-10,2016-07-10,17,21,2016-12-10,2,1,2,1,9,7,8000,3000
906243,2017-11-26T06:27:12Z,98534,1974-05-26,2,2012-06-11,4,1,6,5,2012-12-01,2012-12-01,3,4,2015-05-01,15,1,6,5,,6,9000,1500
906257,2017-11-26T06:39:37Z,57464,1976-05-27,2,2001-07-04,3,3,9,5,1976-05-01,1976-05-01,18,22,2014-08-01,20,1,6,5,,6,7000,3000
906791,2017-11-26T11:05:21Z,98795,1991-02-28,2,2015-05-12,4,0,,5,2017-06-01,2009-03-01,22,12,2014-08-01,3,1,6,1,,5,9000,4000
907174,2017-11-26T13:42:12Z,98888,1993-12-02,2,2013-09-04,4,0,,5,1995-03-01,1995-03-01,8,10,2017-06-01,1,1,12,1,,5,8000,4000
906374,2017-11-26T07:58:18Z,34702,1966-07-05,2,2004-07-21,3,0,,5,2016-05-10,2016-05-10,10,12,2017-01-10,27,1,11,5,6,2,7200,800
907857,2017-11-26T19:29:13Z,99038,1995-09-24,2,2011-10-17,4,0,,4,2013-07-01,2013-07-01,2,3,2016-09-01,1,1,6,3,5,7,3600,2000
906951,2017-11-26T12:26:54Z,98844,1997-10-15,1,2014-01-29,4,0,,1,1997-10-01,1997-10-01,4,6,2016-09-01,1,1,12,4,4,1,6500,2500
906965,2017-11-26T12:32:03Z,98435,1958-09-24,2,1997-07-01,4,0,,5,2013-02-01,2013-02-01,1,2,1995-05-01,25,3,11,6,11,1,7000,1500
906993,2017-11-26T12:42:26Z,98854,1975-04-19,1,2015-01-16,3,1,23,5,2014-10-01,1997-09-01,18,22,2011-03-01,20,1,6,1,,5,7500,4000
907022,2017-11-26T12:49:17Z,98793,1968-08-21,1,1998-06-16,1,1,7,1,2011-03-01,2011-03-01,13,16,2017-09-01,27,1,3,4,3,1,4100,800
907695,2017-11-26T17:28:14Z,98996,1993-01-17,2,2009-02-23,4,0,,5,2016-03-01,2016-03-01,14,17,2016-10-01,4,1,6,5,11,1,8500,3000
907322,2017-11-26T14:29:41Z,98917,1984-10-24,1,2005-04-23,4,1,10,4,2010-04-01,2010-04-01,9,11,2016-11-01,12,1,3,3,9,1,20000,18000
906247,2017-11-26T06:30:22Z,98682,1991-09-01,1,2007-09-13,4,0,,2,2013-06-01,2013-02-01,14,17,2013-07-01,5,1,10,4,6,1,4500,1000
907232,2017-11-26T14:03:43Z,98908,1991-08-13,2,2010-10-08,4,0,,1,1991-01-01,1991-01-01,3,4,2010-01-01,7,1,13,3,,5,8000,3500
906520,2017-11-26T08:59:57Z,98718,1984-04-05,2,2000-04-27,4,0,,1,2006-07-01,2006-07-01,3,4,1984-05-01,11,1,6,5,4,1,7000,3000
907802,2017-11-26T18:43:24Z,77237,1991-08-02,2,2014-01-23,4,0,,1,2016-08-01,1991-10-01,18,17,2016-05-01,9,1,12,1,,5,6800,3200
907263,2017-11-26T14:10:16Z,98227,1987-09-13,2,2009-09-13,3,1,1,1,1987-09-01,1987-09-01,7,9,,9,5,,,,6,8000,7000
907033,2017-11-26T12:53:54Z,98868,1987-03-24,2,2014-10-09,3,0,,5,1994-07-01,1994-07-01,3,4,2007-02-01,15,1,6,5,,6,11200,3500
907047,2017-11-26T12:56:24Z,98862,1977-02-22,2,1998-01-12,4,0,,5,1998-06-01,1998-06-01,3,4,2004-09-01,20,1,2,4,11,1,15000,5000
908021,2017-11-26T21:12:32Z,97315,1993-07-05,2,2009-09-16,4,0,,4,2009-07-01,2009-07-01,20,24,2010-06-01,7,1,2,2,1,1,11000,8000
906663,2017-11-26T10:13:01Z,72989,1999-05-28,2,2015-06-15,4,0,,1,2016-08-01,2016-08-01,3,4,,1,4,,,4,2,4200,3200
908072,2017-11-26T21:53:47Z,99057,1999-06-01,2,2015-07-01,4,0,,5,2003-08-01,2003-08-01,3,4,,2,4,,,4,2,4000,1000
906442,2017-11-26T08:27:34Z,57261,1988-06-25,1,2014-01-04,3,1,3,1,1988-06-01,1988-06-01,19,23,2015-09-01,10,3,10,6,3,1,4000,10
907434,2017-11-26T15:25:14Z,94016,1995-04-28,2,2011-04-28,4,0,,4,2004-04-01,2004-04-01,22,26,2014-12-01,5,1,1,2,9,1,7700,1000
907602,2017-11-26T16:33:00Z,98969,1996-07-09,2,2012-12-22,4,0,,5,2017-06-01,2000-01-01,18,8,2017-06-01,2,1,11,2,,6,8000,3000
907300,2017-11-26T14:21:19Z,98916,1993-09-23,1,2014-01-22,3,1,3,5,1993-09-01,1993-09-01,9,11,2014-12-01,2,6,11,6,6,1,6000,2000
907843,2017-11-26T19:14:42Z,99035,1991-05-02,2,2007-05-22,3,3,10,1,2012-03-01,2012-03-01,23,27,,5,5,,,,5,7000,5000
907195,2017-11-26T13:51:54Z,98317,1979-08-19,2,1996-04-12,4,0,,5,2013-07-01,2013-07-01,21,25,2015-02-01,15,1,6,4,,6,8000,3000
907526,2017-11-26T16:01:19Z,98195,1993-02-11,2,2009-02-09,4,0,,5,2010-08-01,2010-08-01,19,23,2012-09-01,5,1,6,2,,5,5000,3500
907092,2017-11-26T13:11:01Z,98875,1993-06-26,2,2009-07-07,4,0,,5,1993-06-01,1993-06-01,6,8,2014-08-01,4,1,12,5,2,2,5500,2000
907588,2017-11-26T16:27:35Z,98968,1990-06-01,2,2006-11-22,4,0,,1,1990-06-01,1990-06-01,13,16,2013-06-01,8,1,5,2,,6,7000,3000
895949,2017-11-24T18:52:24Z,98075,1987-04-09,2,2004-03-14,3,2,6,3,2006-06-01,2006-06-01,3,4,2008-08-01,10,1,6,5,11,7,14000,5000
907751,2017-11-26T18:10:20Z,99014,1996-07-17,1,2016-06-02,3,1,1,1,2017-11-01,2002-03-01,8,25,2017-11-01,1,1,4,1,10,2,10000,7000
907152,2017-11-26T13:32:52Z,98342,1986-06-14,2,2002-10-18,4,0,,1,2006-03-01,2006-03-01,18,22,,10,5,,,10,2,4900,2500
906712,2017-11-26T10:32:21Z,98775,1971-02-07,2,1997-12-04,4,0,,5,1991-08-01,1991-08-01,8,10,2015-10-01,27,3,11,6,4,1,6000,3000
901535,2017-11-25T15:25:40Z,98481,1992-08-12,1,2013-08-16,4,0,,5,2012-03-01,1992-08-01,21,25,2012-09-01,5,1,10,4,8,1,7000,6000
901756,2017-11-25T17:07:48Z,98513,1989-02-27,1,2011-09-27,2,1,3,1,2015-05-01,2015-05-01,12,15,2015-05-01,7,6,12,6,,6,10000,5000
900287,2017-11-25T07:19:29Z,98207,1985-03-17,2,2001-09-01,4,0,,3,2002-04-01,1995-03-01,6,25,2002-06-01,15,1,11,6,10,2,7000,2000
900603,2017-11-25T09:28:29Z,98253,1996-12-23,2,2013-02-19,4,0,,5,2016-02-01,2016-02-01,14,17,2017-02-01,1,1,6,5,,6,5000,3000
900819,2017-11-25T10:41:35Z,97139,1975-08-10,1,2004-11-27,2,1,11,5,2013-03-01,2013-03-01,1,2,2012-07-01,15,1,5,5,4,1,11500,3000
902158,2017-11-25T21:08:51Z,98616,1977-10-23,1,1997-10-10,3,2,19,5,2016-12-01,2016-12-01,9,11,2017-05-01,17,1,12,6,5,1,6000,3000
901921,2017-11-25T18:31:59Z,98563,1995-11-27,1,2012-10-03,1,1,4,1,2000-08-01,2000-08-01,20,24,2015-11-01,2,1,8,5,,6,5000,3000
901734,2017-11-25T17:01:16Z,98519,1971-04-17,1,2005-07-02,4,0,,1,2015-09-01,1992-07-01,8,24,2015-11-01,20,3,5,6,4,1,12000,8000
901238,2017-11-25T13:34:34Z,98414,1994-05-02,2,2010-11-26,4,0,,1,1994-05-01,1994-05-01,5,7,2016-03-01,2,1,10,5,3,1,6000,5000
901141,2017-11-25T12:55:17Z,98385,1991-11-26,1,2008-01-20,1,0,,1,2017-07-01,1991-12-01,18,22,2016-09-01,6,1,8,3,10,1,10000,5000
901744,2017-11-25T17:04:13Z,81590,1982-07-17,1,2008-12-11,1,1,16,5,2010-09-01,2010-09-01,3,4,2015-04-01,3,1,6,3,3,2,5200,2600
901900,2017-11-25T18:24:01Z,98553,1995-07-20,2,2011-11-30,4,0,,5,2000-02-01,2000-02-01,2,3,2016-02-01,3,1,11,3,9,2,5000,3500
901951,2017-11-25T18:45:18Z,74097,1986-09-22,1,2014-01-16,2,1,6,5,1991-04-01,1991-04-01,1,2,,12,2,,,10,2,3700,1500
901193,2017-11-25T13:20:40Z,98405,1989-11-15,2,2005-12-07,3,1,1,1,1997-08-01,1997-08-01,10,12,2013-10-01,4,1,2,2,4,1,9500,9500
902159,2017-11-25T21:08:53Z,78202,1999-02-01,2,2015-03-05,4,0,,5,1999-02-01,1999-02-01,12,15,,4,4,,,,5,2000,1000
900491,2017-11-25T08:38:56Z,89042,1988-07-22,2,2005-12-09,3,1,7,5,2001-02-01,2001-02-01,8,10,2014-01-01,8,1,11,6,6,1,12000,7000
895652,2017-11-24T17:22:57Z,97082,1984-08-10,1,2000-08-10,4,0,,5,2008-08-01,2008-08-01,19,23,2015-09-01,2,3,12,6,9,1,8000,6000
901351,2017-11-25T14:19:11Z,98421,1993-07-08,2,2009-10-01,4,0,,2,1994-05-01,1994-05-01,8,10,2014-08-01,4,1,3,3,11,1,2500,2000
902203,2017-11-25T21:39:34Z,35429,1983-01-29,2,2008-04-21,3,1,2,1,2007-05-01,1985-07-01,14,17,2017-10-01,15,1,3,3,,5,5000,10
900149,2017-11-25T04:08:49Z,98150,1989-07-13,2,2006-05-10,3,1,1,5,2014-03-01,2014-03-01,9,11,2017-03-01,11,1,6,1,10,1,8500,5000
900454,2017-11-25T08:30:33Z,98232,1984-12-13,2,2001-01-31,4,0,,1,1984-12-01,1984-12-01,9,11,2017-05-01,13,3,7,6,,6,6000,2000
901687,2017-11-25T16:25:02Z,84006,1996-11-13,2,2013-10-22,4,0,,1,2016-12-01,2000-09-01,6,8,,4,4,,,10,2,4000,2500
900800,2017-11-25T10:35:53Z,70908,1985-06-25,2,2001-06-25,3,1,2,5,1985-06-01,1985-06-01,15,18,2017-10-01,1,1,2,2,11,1,9000,5000
901820,2017-11-25T17:35:49Z,98533,1988-11-01,1,2008-01-30,2,1,9,1,2015-07-01,1994-09-01,13,16,2016-06-01,9,6,11,3,,6,7000,4000
900834,2017-11-25T10:44:50Z,92146,1993-03-08,2,2009-04-10,4,0,,6,2016-04-01,1993-03-01,3,4,2016-01-01,5,1,2,5,,6,9000,2000
900710,2017-11-25T10:01:27Z,98256,1979-10-12,2,1996-11-12,1,2,11,5,2011-09-01,2011-09-01,9,11,2012-09-01,15,1,3,6,,6,15000,3000
901408,2017-11-25T14:39:17Z,82087,1976-05-23,2,2009-02-19,3,0,,5,2013-08-01,1998-11-01,13,22,2015-02-01,15,3,12,6,5,1,25000,13000
901581,2017-11-25T15:38:30Z,98472,1996-10-03,2,2012-11-06,4,0,,5,1996-12-01,1996-12-01,8,10,,3,4,,,,5,6000,3000
901289,2017-11-25T13:55:04Z,98423,1987-03-05,2,2012-10-28,4,0,,5,1987-04-01,1987-04-01,16,20,2014-05-01,7,3,7,6,4,1,12000,8000
901057,2017-11-25T12:16:27Z,94434,1984-08-11,2,2001-03-31,2,1,6,1,1999-08-01,1999-08-01,12,15,2017-09-01,11,1,11,5,10,2,6500,3500
900129,2017-11-25T03:23:50Z,92608,1988-02-13,1,2007-07-27,3,2,4,1,1988-02-01,1988-02-01,8,10,2010-04-01,7,3,3,6,,6,7000,5000
901044,2017-11-25T12:11:57Z,98361,1989-09-21,1,2008-10-28,3,1,8,5,1989-10-01,1989-10-01,22,26,2013-09-01,4,1,10,4,8,1,4300,4300
896406,2017-11-24T23:13:52Z,98159,1992-04-25,1,2016-04-12,4,0,,5,1999-01-01,1999-01-01,9,11,2014-03-01,3,1,12,4,6,1,12000,4000
901458,2017-11-25T14:55:01Z,98464,1978-09-30,2,1999-04-07,3,1,6,5,1978-09-01,1978-09-01,18,22,2010-02-01,14,3,3,6,11,1,8000,5000
902045,2017-11-25T19:38:59Z,98585,1995-09-20,2,2012-11-06,3,1,1,1,2011-06-01,2011-06-01,17,21,2017-01-01,1,1,12,4,,6,3800,2050
901622,2017-11-25T15:50:55Z,98486,1995-12-11,2,2012-02-17,4,0,,6,2009-03-01,2009-03-01,9,11,2017-05-01,1,1,12,5,11,1,9000,4500
900323,2017-11-25T07:36:33Z,98211,1996-05-10,2,2012-06-19,4,0,,1,2015-02-01,2015-02-01,3,4,2016-04-01,2,1,2,5,9,1,8000,6000
900820,2017-11-25T10:41:37Z,41020,1989-02-25,2,2005-07-26,3,0,,1,1990-03-10,1990-03-10,20,24,2016-01-10,6,1,6,3,8,1,3300,1500
893906,2017-11-24T11:24:55Z,88836,1984-01-16,2,2000-07-05,3,0,,5,2012-07-01,2012-07-01,20,24,2016-09-01,17,1,7,4,4,1,3000,10000
901106,2017-11-25T12:39:23Z,97833,1995-03-29,2,2011-08-01,4,0,,5,1995-03-01,1995-03-01,3,4,2014-09-01,3,6,11,1,2,1,6000,3600
900609,2017-11-25T09:29:29Z,98258,1990-02-03,1,2016-06-11,2,1,9,1,2012-12-01,2012-12-01,14,17,2014-03-01,9,1,12,4,,6,6000,2500
902219,2017-11-25T21:42:22Z,98628,1980-10-16,1,2004-12-09,3,3,12,1,2009-05-01,1980-10-01,9,10,2008-10-01,16,1,3,3,4,1,10000,4000
900933,2017-11-25T11:30:40Z,84238,1996-10-21,2,2013-10-23,4,0,,1,2017-05-01,2017-05-01,12,15,2017-05-01,0,1,1,5,11,2,7000,3000
900727,2017-11-25T10:07:35Z,98289,1990-08-16,1,2010-10-27,2,1,6,1,2017-04-01,1990-08-01,6,8,2014-02-01,3,1,6,5,6,1,5000,3000
901168,2017-11-25T13:11:14Z,73524,1997-02-23,2,2013-05-08,3,0,,5,1997-02-01,1997-02-01,10,12,2016-07-01,4,1,1,5,,6,21000,3000
901760,2017-11-25T17:10:19Z,98530,1993-03-04,2,2009-10-08,4,0,,5,1996-02-01,1996-02-01,8,10,2017-05-01,7,1,12,6,9,4,4000,4000
901898,2017-11-25T18:22:37Z,96096,1981-01-06,2,1998-11-26,3,1,14,1,1981-01-01,1981-01-01,5,7,,15,5,,,,3,6000,4500
893151,2017-11-24T06:19:04Z,55267,1991-10-02,2,2007-11-13,3,1,3,1,1999-04-01,1999-04-01,8,10,2011-09-01,6,1,2,5,9,2,9000,10
901282,2017-11-25T13:50:40Z,98419,1970-08-05,2,1997-10-08,2,0,,5,2015-06-01,2015-06-01,7,9,,10,2,,,,6,1600,1000
902201,2017-11-25T21:38:23Z,98622,1994-08-28,2,2010-11-10,4,0,,5,1996-01-01,1996-01-01,19,23,2016-12-01,5,1,8,1,,6,5000,2000
900301,2017-11-25T07:28:54Z,38702,1995-01-15,1,2013-01-03,1,1,1,1,2013-02-10,2013-02-10,1,2,,3,5,,,,6,3700,3000
901653,2017-11-25T16:06:19Z,80488,1977-12-20,1,2007-12-05,3,1,19,5,2014-10-01,1995-08-01,18,22,2011-04-01,17,1,12,5,4,1,12000,3000
900236,2017-11-25T06:41:29Z,57981,1984-06-07,1,2006-08-08,3,3,0,5,2005-03-10,2005-03-10,13,16,2005-09-10,12,1,10,2,3,1,4000,2000
901810,2017-11-25T17:31:25Z,92628,1981-12-12,1,1999-06-24,3,1,9,5,2001-08-01,2001-08-01,3,4,2017-08-01,7,1,2,1,,5,4000,1500
900290,2017-11-25T07:23:05Z,75464,1987-11-18,1,2006-11-11,3,2,12,1,2005-08-01,2005-08-01,9,11,2010-11-01,7,1,6,3,,6,7000,6000
901149,2017-11-25T12:57:43Z,98390,1985-01-17,2,2001-03-13,4,0,,1,1985-01-01,1985-01-01,3,4,2017-07-01,3,3,12,6,4,1,7000,2000
900352,2017-11-25T07:52:49Z,98214,1989-12-17,1,2008-01-22,1,1,4,5,2007-03-01,2007-03-01,4,6,2011-04-01,6,1,12,6,,6,6000,1500
901988,2017-11-25T19:06:54Z,98578,1997-06-12,2,2013-08-02,4,0,,1,2013-07-01,2013-07-01,20,24,2015-09-01,3,1,7,5,4,2,6500,1200
901980,2017-11-25T19:04:38Z,98574,1990-08-19,2,2016-04-20,4,0,,5,2002-05-01,2002-05-01,13,16,2017-04-01,8,1,6,2,,6,7000,2500
901060,2017-11-25T12:16:48Z,98367,1987-09-02,2,2003-12-12,4,0,,5,1987-09-01,1987-09-01,18,22,2016-04-01,10,1,12,1,,5,10000,8500
900811,2017-11-25T10:39:51Z,98308,1991-06-17,2,2008-05-20,2,0,,1,1991-06-01,1991-06-01,16,20,2017-01-01,4,1,12,4,8,1,7000,5000
901331,2017-11-25T14:09:53Z,98431,1987-06-16,2,2013-09-26,4,0,,1,2014-05-01,2013-07-01,9,4,2015-02-01,7,3,3,6,,5,10000,10000
895487,2017-11-24T16:41:55Z,98007,1987-02-05,2,2003-03-27,4,0,,4,1992-06-01,1992-06-01,8,10,2017-04-01,1,1,12,1,,6,7000,3000
901520,2017-11-25T15:22:25Z,98476,1988-05-01,2,2004-07-14,4,0,,5,2016-08-01,2016-08-01,14,17,2015-06-01,2,6,13,4,,6,5000,3000
900696,2017-11-25T09:54:57Z,98273,1982-03-24,2,1999-03-19,3,2,20,5,2007-09-01,2007-09-01,1,2,2007-07-01,15,3,12,6,4,1,20000,2000
900608,2017-11-25T09:29:13Z,98229,1988-03-02,2,2004-08-27,4,0,,4,2014-09-01,2014-09-01,13,16,2015-01-01,6,1,11,2,7,1,15000,1000
902024,2017-11-25T19:29:25Z,98588,1997-01-22,2,2013-03-11,4,0,,1,2014-09-01,2014-09-01,3,4,,0,4,,,7,2,5700,4850
901923,2017-11-25T18:32:05Z,98552,1985-03-30,1,2015-04-02,3,4,9,3,2017-02-01,2007-06-01,6,5,2015-07-01,0,3,12,6,,6,10000,7000
901995,2017-11-25T19:09:39Z,98579,1994-09-02,1,2010-09-16,4,1,3,1,1994-09-01,2014-03-01,11,14,2016-08-01,5,1,12,6,,6,6000,1000
901721,2017-11-25T16:56:21Z,97609,1996-12-25,2,2013-04-30,4,0,,5,2016-05-01,2016-05-01,23,27,2016-03-01,2,1,1,5,1,1,7000,5000
887460,2017-11-23T10:33:06Z,69249,1992-08-27,1,2012-06-05,3,1,5,5,1992-08-01,1992-08-01,3,4,2017-04-01,6,1,6,5,,6,4000,200
896185,2017-11-24T20:41:48Z,98114,1992-11-03,2,2008-12-18,4,0,,1,2006-04-01,2006-04-01,14,17,2017-05-01,6,6,12,3,,6,6000,2500
893633,2017-11-24T09:50:31Z,97744,1988-06-22,1,2005-05-26,4,0,,5,2005-06-01,2005-06-01,1,2,2013-10-01,4,1,5,3,4,1,4000,1000
893084,2017-11-24T05:07:14Z,86585,1979-04-09,2,2017-07-20,3,1,4,1,2013-04-01,2013-04-01,9,11,2017-07-01,14,1,6,4,,6,7000,5000
895301,2017-11-24T16:09:17Z,97987,1990-09-24,2,2006-10-04,4,0,,1,2011-01-01,2011-01-01,18,22,,10,5,,,,6,7000,3000
895512,2017-11-24T16:49:07Z,98008,1991-12-22,1,2008-06-09,3,0,,5,2015-04-01,2015-04-01,12,15,2015-11-01,7,3,3,6,,6,5000,2000
888102,2017-11-23T13:46:58Z,97367,1990-08-25,2,2006-12-06,4,1,2,1,2006-06-01,2006-06-01,12,15,,2,5,,,,5,2350,1500
893729,2017-11-24T10:20:14Z,97695,1996-12-02,1,2016-02-17,3,1,1,5,1996-12-01,1996-12-01,14,17,2012-09-01,5,3,4,6,,6,6000,1500
889326,2017-11-23T22:36:34Z,96808,1993-03-27,2,2009-04-30,4,0,,5,1993-04-01,1993-04-01,5,7,2016-02-01,5,1,12,4,,6,7500,4000
889363,2017-11-23T23:06:00Z,97623,1993-07-22,2,2010-08-10,4,0,,5,1993-10-01,1993-10-01,5,7,2013-07-01,4,1,6,5,,5,8000,4500
894667,2017-11-24T13:39:29Z,92525,1981-07-01,2,1999-06-25,1,0,,5,1990-10-01,1990-10-01,14,17,2009-12-01,15,1,2,3,,6,4300,3000
889324,2017-11-23T22:35:57Z,97594,1988-11-21,1,2013-11-23,4,1,5,1,2012-03-01,2005-06-01,4,20,2016-11-01,0,1,11,5,10,2,8000,1500
895103,2017-11-24T15:20:39Z,97964,1994-12-15,1,2013-12-04,4,0,,5,2013-09-01,2013-09-01,3,4,2017-04-01,3,1,12,1,,5,4500,2500
895437,2017-11-24T16:30:09Z,90714,1988-09-10,2,2004-09-15,3,3,9,1,2012-02-01,2012-02-01,7,9,2017-10-01,8,1,12,1,,6,6400,2500
895093,2017-11-24T15:19:24Z,97962,1983-03-02,2,2012-06-08,4,0,,1,2014-03-01,2014-03-01,11,14,,3,5,,,9,1,15000,4000
894931,2017-11-24T14:40:24Z,97907,1991-05-05,2,2007-12-04,3,1,2,1,1991-05-01,1991-05-01,9,11,2017-03-01,7,1,6,3,,6,10000,4500
893862,2017-11-24T11:07:54Z,97782,1997-03-22,1,2013-10-03,4,0,,5,2016-01-01,2016-01-01,16,20,2016-01-01,3,6,11,2,6,2,3500,2800
895734,2017-11-24T17:46:11Z,97990,1987-03-25,2,2012-07-16,3,0,,1,2016-01-01,1987-03-01,6,8,2017-05-01,11,1,6,1,11,1,3500,1000
893255,2017-11-24T07:20:30Z,44728,1984-08-26,2,2000-12-05,4,0,,5,1984-09-01,1984-09-01,8,10,2010-10-01,7,1,6,5,2,1,6000,10
894099,2017-11-24T12:30:50Z,69029,1972-07-13,1,2005-02-17,5,0,,5,2010-01-10,2010-01-10,14,17,2015-06-01,12,6,6,1,,6,5500,900
887585,2017-11-23T11:00:24Z,97227,1992-12-09,2,2008-12-09,3,0,,1,2017-08-01,1992-12-01,12,8,2015-09-01,6,1,1,5,,5,9800,3550
888117,2017-11-23T13:50:59Z,97365,1982-05-12,2,1999-08-03,4,0,,5,1983-10-01,1983-10-01,8,10,2009-04-01,15,1,6,5,11,1,10000,5000
893280,2017-11-24T07:31:44Z,17078,1989-06-25,1,2016-11-30,2,2,8,5,2008-07-01,2008-07-01,22,26,2014-06-01,12,3,6,6,,6,4800,10
895031,2017-11-24T15:06:17Z,97949,1985-04-23,2,2002-01-16,3,1,5,4,2013-10-01,2013-10-01,9,11,2010-02-01,12,1,13,5,4,1,18000,8000
895034,2017-11-24T15:07:14Z,41424,1995-03-04,1,2011-04-04,4,0,,1,2011-11-01,2011-11-01,18,22,2015-07-01,3,1,2,3,,6,5000,10
895694,2017-11-24T17:36:39Z,98040,1994-11-21,1,2017-02-24,4,2,3,1,2014-02-01,2014-02-01,11,14,2017-08-01,2,1,6,5,6,1,6000,5000
889387,2017-11-23T23:47:49Z,97633,1973-07-18,2,1998-05-26,4,0,,5,2013-07-01,2013-07-01,8,10,2016-07-01,20,1,7,3,11,1,12000,4500
895081,2017-11-24T15:17:33Z,97206,1986-11-05,2,2003-01-30,3,2,2,5,2014-12-01,2014-12-01,1,2,2016-10-01,8,1,6,5,,6,7800,5000
895068,2017-11-24T15:14:38Z,83780,1997-06-19,2,2015-10-24,3,1,3,5,1996-06-01,1996-06-01,19,23,2016-09-01,3,1,12,6,,6,6000,2150
893246,2017-11-24T07:18:38Z,97691,1989-08-17,2,2005-11-23,3,2,7,5,1989-08-01,1989-08-01,7,9,2016-07-01,2,3,12,6,,6,5000,3000
886667,2017-11-23T04:01:02Z,97053,1992-02-16,2,2008-04-09,2,0,,1,1992-04-01,1992-04-01,9,11,2015-10-01,5,1,12,2,,6,10000,1800
893971,2017-11-24T11:54:32Z,97802,1995-01-22,2,2011-12-05,4,0,,1,2016-04-01,2005-11-01,16,20,2013-05-01,5,1,1,5,,6,7600,4000
896116,2017-11-24T20:01:02Z,98101,1996-04-13,1,2012-12-10,4,0,,1,2012-08-01,1997-03-01,3,4,2017-08-01,4,1,6,5,,6,4000,2000
894551,2017-11-24T13:22:08Z,97101,1996-12-20,1,2014-12-19,3,1,2,5,2016-03-01,1996-12-01,9,18,2016-11-01,2,6,11,4,9,2,7000,5000
893057,2017-11-24T04:11:11Z,97658,1991-12-27,1,2015-03-24,3,0,,5,2014-05-01,2014-05-01,13,16,2016-02-01,2,3,12,6,9,1,10000,7000
896077,2017-11-24T19:48:37Z,6240,1992-12-04,2,2009-04-28,3,0,,4,1997-05-01,1997-05-01,11,14,2016-10-01,6,1,13,5,2,1,12500,10
895085,2017-11-24T15:18:12Z,97956,1984-11-30,1,2003-02-21,3,1,14,5,2007-10-01,2014-09-01,13,16,2011-06-01,14,1,11,3,4,1,13500,7000
894863,2017-11-24T14:22:55Z,97914,1988-05-06,2,2006-02-17,4,0,,5,1988-05-01,1988-05-01,11,14,2016-03-01,0,1,2,3,4,1,4500,1500
893096,2017-11-24T05:24:00Z,97669,1985-05-28,2,2003-04-23,4,0,,5,1985-05-01,1985-05-01,22,26,2017-07-01,8,1,11,5,4,2,6500,4500
894859,2017-11-24T14:21:54Z,65297,1978-05-26,2,1998-11-23,3,2,9,1,2016-09-01,2003-03-01,19,8,2015-07-01,21,1,1,5,11,1,12100,10
889070,2017-11-23T19:57:23Z,97552,1968-09-15,2,1995-10-11,3,0,,5,1996-03-01,1996-03-01,3,4,,31,2,,,,6,17000,3000
895633,2017-11-24T17:19:31Z,98031,1994-12-16,1,2011-09-16,4,0,,5,1994-12-01,1994-12-01,11,14,2016-09-01,8,3,4,2,6,2,8000,8000
894444,2017-11-24T13:10:36Z,34670,1989-06-23,2,2005-12-29,3,0,,1,2017-05-01,2017-05-01,18,22,2017-09-01,7,1,12,3,4,1,18000,8000
893993,2017-11-24T12:00:10Z,97808,1994-07-15,2,2010-11-26,3,1,1,1,2016-05-01,2016-05-01,13,16,2016-09-01,3,3,13,3,9,2,6000,4500
895180,2017-11-24T15:37:56Z,97940,1985-07-30,1,2012-10-02,2,0,,5,2016-01-01,2016-01-01,13,16,2015-03-01,14,3,7,6,6,1,8000,3500
896037,2017-11-24T19:25:33Z,98087,1954-03-29,1,1996-04-24,5,3,43,4,1996-04-01,1996-04-01,6,8,,35,2,,,,3,6800,950
895152,2017-11-24T15:31:56Z,4745,1991-06-02,1,2007-12-06,4,0,,5,2016-09-10,2010-06-10,8,5,2016-09-10,5,1,5,1,10,2,6000,1500
895155,2017-11-24T15:34:19Z,93801,1972-12-12,2,2008-08-15,2,1,12,4,2007-05-01,2013-10-01,18,22,2017-10-01,24,1,12,4,11,1,8000,4000
894626,2017-11-24T13:33:11Z,37017,1976-07-29,1,2005-05-05,1,2,12,5,2004-02-10,2004-02-10,8,10,2016-05-01,15,1,3,6,4,1,8000,4000
894394,2017-11-24T13:03:25Z,97852,1992-01-23,2,2008-02-22,4,0,,1,2016-09-01,1992-01-01,17,21,2013-07-01,4,1,2,2,1,1,9500,5000
895736,2017-11-24T17:46:30Z,98001,1987-10-20,1,2010-01-04,2,0,,1,2000-08-01,2000-08-01,4,6,2017-03-01,7,1,12,3,6,1,8000,7000
893278,2017-11-24T07:31:31Z,97693,1997-07-16,1,2013-08-29,3,0,,5,2015-08-01,2015-08-01,10,12,,0,4,,,4,1,5000,3500
896258,2017-11-24T21:18:06Z,98126,1972-06-12,2,2014-09-03,3,1,14,5,2006-04-01,2006-04-01,18,22,2012-09-01,15,3,11,6,,6,9500,5000
894654,2017-11-24T13:38:06Z,70176,1999-02-02,2,2015-03-02,4,0,,1,2015-09-01,2015-09-01,3,4,2017-05-01,1,1,6,2,,6,8000,5000
894345,2017-11-24T12:58:20Z,97855,1993-01-22,2,2009-04-09,4,0,,1,2016-12-01,1993-01-01,3,22,2016-01-01,6,1,6,6,,6,9000,3000
893966,2017-11-24T11:53:10Z,97803,1960-01-12,1,2002-07-09,5,2,34,5,1982-02-01,1982-02-01,3,4,,10,2,,,,3,4000,3700
896292,2017-11-24T21:32:56Z,98136,1977-08-18,1,1996-07-23,3,2,20,1,1996-07-01,1996-07-01,3,4,2015-05-01,21,3,12,6,,6,6000,1000
893358,2017-11-24T08:08:16Z,97610,1986-07-15,2,2003-01-17,1,0,,5,2016-02-01,2016-02-01,3,4,2016-10-01,10,1,6,5,11,1,11000,7000
893181,2017-11-24T06:47:35Z,97682,1995-09-17,2,2011-10-18,4,0,,5,2015-10-01,2015-10-01,23,27,2017-04-01,1,1,1,3,1,1,15500,7000
894691,2017-11-24T13:45:00Z,97213,1984-05-17,1,2000-11-20,4,3,15,5,2010-04-01,2010-04-01,21,25,2011-03-01,10,1,12,6,,6,6000,3000
894352,2017-11-24T12:58:50Z,97847,1993-06-30,1,2014-12-05,3,2,3,2,2016-04-01,2016-04-01,1,2,2013-04-01,3,6,8,1,,6,6000,3500
894491,2017-11-24T13:15:34Z,97872,1998-04-18,2,2014-05-13,4,0,,1,1999-02-01,1999-02-01,18,22,2016-11-01,1,6,11,3,11,2,4000,2000
895304,2017-11-24T16:10:12Z,94996,1991-11-24,2,2008-04-09,4,0,,5,2011-05-01,2011-05-01,13,16,2016-08-01,12,1,12,3,6,2,6200,3500
893576,2017-11-24T09:26:27Z,97722,1965-02-17,1,1998-03-06,2,1,33,4,2003-04-01,2003-04-01,22,26,2017-06-01,23,3,11,6,4,2,6000,5000
893575,2017-11-24T09:26:20Z,97736,1990-09-11,1,2007-03-09,1,0,,4,1990-09-01,1990-09-01,15,18,2015-11-01,2,3,12,3,6,1,6400,2000
893557,2017-11-24T09:19:30Z,55683,1994-06-12,2,1994-06-16,3,1,1,5,2010-06-01,2010-06-01,7,9,,2,5,,,11,1,5000,3000
893010,2017-11-24T01:55:58Z,97637,1994-09-10,2,2010-11-05,4,0,,1,2011-12-01,2011-12-01,4,6,2017-10-01,3,1,6,1,9,1,6000,3500
894305,2017-11-24T12:53:32Z,97844,1995-02-04,2,2011-03-31,4,0,,1,2015-09-01,2015-09-01,18,22,,3,4,,,,6,5000,2500
893140,2017-11-24T06:11:25Z,97673,1981-05-15,2,1998-07-17,3,2,11,4,1981-05-01,1981-05-01,16,20,2013-06-01,16,1,3,4,,6,6000,2500
895388,2017-11-24T16:21:39Z,97947,1990-09-09,2,2006-09-29,3,1,1,4,2015-06-01,1999-07-01,1,2,2016-03-01,8,3,3,6,,5,6000,4000
893798,2017-11-24T10:44:27Z,39148,1995-03-26,2,2011-09-26,4,0,,1,2011-09-01,2011-09-01,23,27,2016-04-01,3,3,12,6,10,1,9500,5000
895426,2017-11-24T16:28:13Z,40279,1989-01-27,1,2006-03-03,1,0,,5,2015-01-01,2000-01-01,8,10,2015-04-01,2,3,12,1,,5,8000,6000
895920,2017-11-24T18:39:34Z,98041,1986-02-25,2,2002-04-02,1,0,,1,2011-01-01,2011-01-01,6,8,2014-03-01,5,6,9,3,,6,4000,4000
888919,2017-11-23T18:31:50Z,77905,1998-04-08,1,2016-04-20,4,0,,1,2016-08-01,2016-04-01,14,17,2017-06-01,1,6,12,6,,6,4000,2800
895934,2017-11-24T18:48:25Z,98065,1974-12-01,1,2016-05-28,2,1,17,5,2002-03-01,2002-03-01,4,6,2017-03-01,18,1,2,6,10,1,7000,1000
893325,2017-11-24T07:51:38Z,97704,1995-03-12,2,2011-09-13,4,0,,1,1995-03-01,1995-03-01,23,27,2017-08-01,0,1,11,4,8,1,8000,1000
887813,2017-11-23T12:06:11Z,94366,1989-10-13,2,2008-03-04,2,1,3,5,2008-07-01,2008-07-01,3,4,2009-07-01,8,1,6,5,11,2,7500,1200
893812,2017-11-24T10:50:23Z,2133,1979-04-24,1,2012-09-19,2,0,,3,2015-05-10,2015-05-10,18,22,2015-09-10,20,1,5,5,8,1,18000,3500
896244,2017-11-24T21:10:27Z,98117,1993-11-10,2,2009-11-20,4,0,,5,2013-02-01,2013-02-01,9,11,2013-06-01,3,1,2,1,9,1,10000,5000
895986,2017-11-24T19:05:38Z,97632,1995-07-30,2,2011-09-01,4,0,,4,2015-09-01,2015-09-01,8,10,2017-01-01,1,6,3,2,2,2,8000,2500
893887,2017-11-24T11:12:39Z,61070,1993-04-05,2,2009-09-23,4,0,,5,1993-04-10,1993-04-10,5,7,2016-07-10,1,6,3,3,2,1,17000,10000
889299,2017-11-23T22:07:16Z,97604,1965-10-07,1,1996-12-06,4,1,15,5,2005-07-01,2005-07-01,3,4,2013-03-01,17,1,11,6,6,1,17000,5500
893865,2017-11-24T11:08:32Z,97779,1983-11-13,1,2011-10-12,3,2,6,5,2005-09-01,2005-09-01,9,11,2011-12-01,15,3,12,6,,6,12000,3500
893668,2017-11-24T10:01:29Z,96708,1995-01-30,1,2011-02-28,4,0,,5,2015-09-01,1995-01-01,8,5,2016-12-01,1,1,5,5,4,1,9500,3500
893701,2017-11-24T10:10:46Z,73095,1993-11-25,2,2013-09-14,3,0,,4,2017-04-01,1993-11-01,8,22,2017-01-01,1,1,2,1,9,1,10000,4000
888040,2017-11-23T13:24:08Z,53836,1997-10-03,1,2013-11-27,4,0,,1,2015-03-10,2015-03-10,6,8,2017-08-01,3,6,12,6,,6,4500,4000
888057,2017-11-23T13:32:31Z,95436,1995-02-02,2,2011-06-24,3,0,,5,1995-02-01,1995-02-01,13,16,2016-05-01,2,1,11,3,,3,8000,7000
887209,2017-11-23T09:28:16Z,97149,1989-12-18,2,2006-07-10,3,1,4,1,2016-03-01,2016-03-01,7,9,2016-01-01,9,1,7,2,,6,15000,5000
887732,2017-11-23T11:34:58Z,89139,1998-06-22,2,2014-10-21,4,0,,1,1998-06-01,2014-06-01,21,25,2014-06-01,3,1,3,3,,5,5000,4000
887963,2017-11-23T12:56:46Z,97328,1997-08-28,2,2013-10-18,4,0,,5,1997-08-01,1997-08-01,6,8,2016-09-01,1,6,5,4,,5,7000,5500
888497,2017-11-23T15:25:47Z,97418,1992-02-09,2,2008-03-26,4,0,,5,2016-04-01,2016-04-01,8,10,2014-05-01,3,1,4,6,6,1,10000,7000
888321,2017-11-23T14:49:15Z,97375,1990-07-21,2,2016-03-24,4,0,,5,1990-07-01,1990-07-01,19,23,2007-08-01,9,1,6,1,,6,5300,1800
888137,2017-11-23T13:55:25Z,96348,1977-10-29,2,1997-08-26,3,2,10,5,2008-04-01,2008-04-01,18,22,2010-05-01,23,1,2,5,6,4,10000,7000
887370,2017-11-23T10:05:04Z,94560,1980-09-19,1,1996-11-12,3,1,7,1,1995-10-01,1995-10-01,3,4,2000-06-01,17,1,8,1,,6,3229,1770
887522,2017-11-23T10:46:28Z,87281,1992-03-03,2,2008-09-19,4,0,,5,1992-03-01,1992-03-01,21,25,,5,5,,,,6,3000,2000
887913,2017-11-23T12:36:06Z,97311,1982-04-10,1,1998-05-14,3,1,4,5,1997-09-01,1997-09-01,11,14,2017-06-01,10,1,11,6,,6,11000,6000
888466,2017-11-23T15:20:34Z,97186,1988-06-11,2,2006-05-18,4,0,,4,1988-07-01,1988-07-01,20,24,2012-05-01,10,3,13,6,6,1,6000,3000
887339,2017-11-23T09:58:33Z,97190,1980-10-03,2,1996-11-02,3,1,10,4,1980-10-01,1980-10-01,6,8,2005-06-01,20,1,6,5,4,1,10000,2000
882988,2017-11-22T22:41:53Z,30453,1987-07-01,2,2016-10-21,4,0,,5,2014-06-10,1996-06-10,8,5,2016-11-10,8,1,12,6,,6,5700,3000
881760,2017-11-22T12:33:56Z,96637,1986-05-15,2,2002-06-21,3,1,5,1,1996-08-01,1996-08-01,3,4,2007-11-01,12,1,12,5,4,1,12000,3500
887025,2017-11-23T08:23:18Z,14285,1988-06-28,1,2005-01-10,3,2,8,5,2007-03-10,2007-03-10,5,7,1970-01-01,9,5,,,4,1,6800,6000
887605,2017-11-23T11:04:55Z,97229,1985-07-23,2,2012-07-16,3,2,10,1,2006-09-01,2006-09-01,18,22,2008-03-01,10,3,11,6,10,1,15000,3200
888533,2017-11-23T15:35:40Z,97420,1998-02-08,2,2014-07-03,4,0,,1,1998-03-01,1998-03-01,8,10,2017-09-01,3,1,8,4,11,2,8000,3700
888209,2017-11-23T14:21:43Z,97382,1988-12-06,1,2005-03-12,4,0,,5,2017-04-01,2017-04-01,8,10,2017-04-01,11,1,7,4,11,1,13500,9900
888761,2017-11-23T17:15:34Z,97471,1990-08-11,2,2006-09-25,4,0,,1,1990-08-01,1990-08-01,19,23,2017-09-01,5,1,2,3,,5,2500,1000
887977,2017-11-23T13:01:32Z,97336,1993-08-24,2,2009-08-24,2,1,5,1,2006-07-01,2006-07-01,7,9,2014-05-01,6,1,6,2,4,2,7500,3000
887484,2017-11-23T10:37:27Z,97199,1992-10-01,1,2015-04-28,3,1,1,1,2016-01-01,1994-11-01,12,15,2015-10-01,4,6,10,2,10,1,5000,3000
888741,2017-11-23T17:09:08Z,96793,1989-12-28,2,2015-12-10,4,0,,3,1989-12-01,1989-12-01,3,4,2008-05-01,12,3,3,6,,6,6000,4000
886877,2017-11-23T07:24:43Z,41859,1986-02-20,1,2007-10-27,4,2,0,5,2007-08-10,2007-08-10,4,6,1970-01-01,10,5,,,6,1,5500,2000
888006,2017-11-23T13:11:57Z,97337,1994-07-22,1,2010-11-11,4,0,,5,2013-08-01,1994-08-01,18,22,,3,4,,,2,2,7000,5000
888706,2017-11-23T16:47:23Z,97461,1994-05-23,2,2011-11-25,3,0,,4,1996-05-01,1996-05-01,3,4,2017-05-01,4,1,2,5,10,2,4200,1500
887123,2017-11-23T08:59:44Z,97148,1994-12-26,2,2011-08-11,4,0,,5,1990-12-01,1990-12-01,8,10,2017-08-01,6,1,5,3,9,2,12000,7000
888846,2017-11-23T17:58:38Z,97495,1991-12-13,1,2014-10-22,3,1,2,1,1991-12-01,1991-12-01,17,21,2014-04-01,4,1,2,2,6,1,5000,3500
887129,2017-11-23T09:01:13Z,91428,1997-08-05,1,2014-08-31,1,1,1,5,2004-09-01,2004-09-01,13,16,2015-04-01,6,3,8,6,,6,11000,2000
886641,2017-11-23T02:25:39Z,37902,1988-06-13,2,2005-01-18,4,0,,2,2014-09-10,2006-06-10,6,8,2012-02-10,5,1,12,2,,6,6000,3000
886655,2017-11-23T02:59:22Z,97048,1995-12-25,2,2012-04-17,4,0,,1,2015-08-01,2015-08-01,18,22,,1,4,,,11,2,3000,1500
888008,2017-11-23T13:12:13Z,97330,1989-10-25,2,2007-01-09,4,0,,4,2015-04-01,2015-04-01,21,25,2016-04-01,10,1,5,3,4,2,6000,2500
887169,2017-11-23T09:17:38Z,97155,1997-09-05,1,2013-09-27,4,0,,1,1997-09-01,1997-09-01,1,2,2015-12-01,2,3,12,6,4,2,8000,5000
888425,2017-11-23T15:11:32Z,97410,1990-10-19,2,2016-08-05,4,0,,1,2014-05-01,2014-05-01,11,14,2008-01-01,7,3,3,6,,6,13000,3500
881696,2017-11-22T12:00:01Z,81464,1991-10-18,2,2008-04-21,3,1,1,4,2007-08-01,2007-08-01,13,16,2013-03-01,4,1,3,2,,6,12000,6000
886622,2017-11-23T02:05:32Z,74708,1983-06-13,2,1999-10-14,3,1,10,4,2016-09-01,1983-06-01,8,10,2016-06-01,22,1,13,1,4,1,23000,8000
887812,2017-11-23T12:06:01Z,97276,1989-12-19,2,2006-02-15,3,0,,5,2009-04-01,2009-04-01,12,15,2011-03-01,7,3,3,6,10,1,7000,5000
887485,2017-11-23T10:37:30Z,97220,1987-01-20,1,2012-04-06,2,1,5,5,1998-09-01,1998-09-01,14,17,2009-01-01,8,3,11,6,9,1,5700,2500
887667,2017-11-23T11:18:50Z,97252,1996-01-31,2,2012-02-12,4,0,,4,2013-09-01,2013-09-01,22,26,2016-01-01,2,1,12,4,8,2,4500,3000
886658,2017-11-23T03:09:33Z,97049,1996-08-06,2,2012-10-01,1,0,,5,2012-10-01,2012-10-01,4,6,2014-09-01,3,1,3,4,,6,6400,2730
888793,2017-11-23T17:33:29Z,46732,1983-09-27,1,1983-09-07,3,2,16,4,2015-03-01,2014-01-01,21,25,2010-10-01,11,1,6,3,3,1,7670,10
889058,2017-11-23T19:52:37Z,83568,1994-03-09,1,2010-05-18,1,1,7,3,1994-03-01,1994-03-01,1,2,,4,5,,,4,1,8000,1500
887291,2017-11-23T09:47:59Z,97157,1979-12-31,1,2012-03-20,4,2,10,5,2012-03-01,2012-03-01,3,4,2009-04-01,10,1,2,4,,6,7000,6500
887307,2017-11-23T09:51:11Z,97183,1983-06-17,2,1999-10-30,3,2,6,5,1996-06-01,1996-06-01,20,24,2016-05-01,15,3,10,6,9,1,10000,7000
888123,2017-11-23T13:52:38Z,80992,1994-12-03,2,2011-01-06,4,0,,1,1995-03-01,1995-03-01,8,10,,2,5,,,2,2,5000,3000
888131,2017-11-23T13:54:06Z,97124,1996-09-17,2,2013-04-04,4,0,,1,1996-09-01,1996-09-01,7,9,2016-03-01,3,1,5,5,4,2,6000,1000
882941,2017-11-22T19:59:22Z,96994,1982-04-06,1,2013-04-11,3,0,,5,2013-08-01,2013-08-01,23,27,,6,5,,,,5,10000,4000
887423,2017-11-23T10:20:44Z,89266,1993-02-09,1,2009-02-17,1,1,3,5,1993-02-01,1993-02-01,14,17,2017-11-01,10,1,8,1,8,1,6500,2700
888676,2017-11-23T16:21:53Z,97442,1995-10-11,1,2015-11-11,3,1,2,5,2012-08-01,2002-11-01,20,24,2010-04-01,3,1,8,4,7,1,3500,2500
888958,2017-11-23T18:55:29Z,97528,1996-06-02,1,2013-02-04,4,0,,5,2006-05-01,2006-05-01,3,4,2017-03-01,4,1,12,2,10,1,27000,20000
882976,2017-11-22T22:28:37Z,63430,1998-04-26,2,2014-09-24,4,0,,5,1998-04-10,1998-04-10,11,14,2017-05-10,2,1,12,6,,6,5500,2000
887455,2017-11-23T10:32:10Z,95923,1989-03-18,2,2014-07-08,3,1,2,4,2005-11-01,2005-11-01,9,11,2015-01-01,12,1,13,2,,5,12000,8000
887364,2017-11-23T10:03:53Z,97189,1995-11-17,2,2012-09-14,4,0,,4,2008-08-01,2008-08-01,18,22,2017-03-01,5,1,10,2,11,1,7000,5000
888733,2017-11-23T17:04:30Z,97468,1961-12-08,1,2011-12-26,3,0,,5,1986-08-01,1986-08-01,18,22,2012-03-01,35,1,10,3,,6,5000,2000
886766,2017-11-23T06:30:41Z,97076,1982-08-31,1,2014-02-13,2,1,11,1,2003-10-01,2003-10-01,16,20,2001-04-01,16,1,8,2,,6,4000,3500
882997,2017-11-22T22:50:54Z,97000,1984-03-08,2,2000-12-07,2,0,,1,2010-12-01,2010-12-01,8,10,2014-03-01,6,1,2,1,,6,4500,3000
886750,2017-11-23T06:16:30Z,61682,1973-05-09,2,1999-12-09,3,1,3,5,2012-08-01,2012-08-01,19,23,2008-04-01,10,3,3,6,,6,8000,10
886948,2017-11-23T07:54:10Z,6744,1996-05-21,1,2012-05-21,4,0,,1,2017-07-01,2000-09-01,3,4,2013-09-01,4,6,10,6,9,2,10000,10
883006,2017-11-22T23:05:21Z,39939,1993-07-13,1,2009-08-18,4,0,0,5,2012-03-10,2012-03-10,3,4,2016-07-10,1,1,12,4,4,1,4500,3000
888969,2017-11-23T19:04:43Z,97534,1994-05-24,1,2010-06-11,4,0,,5,1994-05-01,1994-05-01,8,10,2014-02-01,5,1,12,3,9,2,15000,6000
887113,2017-11-23T08:56:42Z,97141,1991-02-24,2,2007-05-31,4,0,,1,2017-10-01,2013-10-01,8,15,2016-07-01,5,1,5,3,9,1,12000,5500
889181,2017-11-23T20:57:53Z,90135,1997-05-20,2,2013-05-21,4,0,,1,2013-08-01,2013-08-01,10,12,2016-10-01,1,1,4,2,10,2,4900,3000
889130,2017-11-23T20:28:34Z,431,1991-03-21,2,2008-01-12,3,0,,1,2015-03-10,2015-03-10,3,4,2015-06-10,2,1,1,4,2,1,10000,1500
887749,2017-11-23T11:37:42Z,97265,1997-05-13,2,2013-06-13,4,0,,5,1998-05-01,1998-05-01,14,17,2013-08-01,3,1,1,5,1,2,8100,7000
887762,2017-11-23T11:46:17Z,97256,1992-05-24,1,2012-05-03,3,2,5,1,2012-10-01,2012-10-01,8,10,2016-09-01,3,1,10,2,,6,6000,1000
888624,2017-11-23T16:04:01Z,97440,1997-04-28,1,2013-07-17,4,0,,1,2015-08-01,2015-08-01,16,20,,3,4,,,6,2,4500,3000
888828,2017-11-23T17:46:39Z,78412,1993-02-13,2,2015-04-17,4,0,,1,1993-02-01,1993-02-01,2,3,,6,5,,,,6,6000,3000
886994,2017-11-23T08:17:07Z,97107,1996-05-03,2,2012-07-03,4,0,,6,1996-05-01,1996-05-01,4,6,2017-04-01,5,1,2,2,1,1,8000,7000
888389,2017-11-23T15:00:01Z,97381,1992-09-27,2,2009-01-29,4,0,,1,2015-04-01,2015-04-01,5,7,2014-01-01,3,3,4,6,11,1,13000,4000
888936,2017-11-23T18:48:19Z,97465,1991-05-13,2,2009-02-18,5,0,,2,1995-01-01,1995-01-01,20,24,2012-10-01,7,1,3,6,3,2,11500,4700
882985,2017-11-22T22:40:31Z,80929,1984-02-25,1,2001-10-21,3,0,,3,2014-05-01,2014-05-01,18,22,2010-02-01,7,3,11,6,4,1,6000,4000
886887,2017-11-23T07:27:59Z,97093,1963-05-17,2,1997-05-27,2,1,26,5,2012-05-01,1989-05-01,13,16,1998-04-01,29,3,5,6,9,1,11500,4000
882998,2017-11-22T22:54:31Z,78938,1991-06-19,2,2007-11-15,4,0,,1,1991-07-01,2013-05-01,11,14,2013-09-01,5,1,6,3,4,1,6000,2000
883043,2017-11-22T23:42:17Z,97022,1995-07-23,2,2012-01-20,4,0,,3,2017-10-01,2009-03-01,17,21,2017-10-01,2,1,11,3,7,2,4000,1200
888905,2017-11-23T18:26:35Z,97518,1997-06-10,2,2013-12-05,4,0,,6,1997-07-01,1997-07-01,11,14,2017-04-01,2,3,12,6,4,1,16000,3000
887764,2017-11-23T11:46:33Z,96850,1983-05-31,1,1999-07-05,4,0,,1,1986-05-01,1986-05-01,11,14,2002-07-01,17,1,7,3,,6,5000,2000
887740,2017-11-23T11:37:01Z,84030,1992-10-13,2,2016-05-22,4,0,,1,2016-04-01,2016-04-01,21,25,2016-04-01,3,6,12,2,,3,5000,3000
883058,2017-11-22T23:57:21Z,83662,1992-11-11,2,2009-07-18,1,0,,5,1998-05-01,1998-05-01,8,10,2012-05-01,5,1,11,3,4,1,12000,6000
887898,2017-11-23T12:30:43Z,97307,1989-09-20,2,2005-12-13,4,0,,5,2014-04-01,2014-04-01,14,17,2017-09-01,5,1,12,3,4,1,14000,4000
887892,2017-11-23T12:29:26Z,97282,1997-11-22,2,2013-12-18,4,0,,5,2001-11-01,2001-11-01,20,24,2017-06-01,1,1,9,4,4,2,8500,5000
888301,2017-11-23T14:44:50Z,97389,1991-08-09,2,2007-09-04,4,0,,1,2010-03-01,2010-03-01,8,10,2013-05-01,4,1,3,2,4,2,6500,5000
889111,2017-11-23T20:19:29Z,97567,1998-08-15,2,2014-09-23,4,0,,1,2015-09-01,2015-09-01,11,14,2017-10-01,3,1,11,2,9,2,6500,200
887016,2017-11-23T08:22:06Z,82127,1982-04-10,2,1999-03-18,4,2,11,4,1982-04-01,1982-04-01,8,10,2010-11-01,17,1,2,5,9,1,9050,4500
888710,2017-11-23T16:52:00Z,97351,1997-04-21,2,2013-05-10,4,0,,1,2017-04-01,2017-04-01,9,11,2017-04-01,1,1,2,5,,6,7200,3000
886577,2017-11-23T00:12:59Z,97030,1988-06-10,2,2006-05-23,3,1,2,1,2016-02-01,2006-05-01,8,6,2011-11-01,10,1,12,3,,5,8500,4000
886893,2017-11-23T07:32:00Z,14321,1990-12-04,2,2007-04-28,4,0,,1,1993-12-10,1993-12-10,10,12,2016-04-10,4,1,2,3,11,1,6000,3000
888318,2017-11-23T14:48:00Z,97392,1990-02-07,2,2006-07-27,3,0,,1,2006-07-01,2006-07-01,6,8,2006-05-01,11,3,3,6,,5,12000,4000
887868,2017-11-23T12:23:36Z,97285,1989-02-22,2,2010-01-05,4,0,,1,2013-10-01,2013-10-01,3,4,2016-06-01,1,3,12,6,,5,8000,3900
882171,2017-11-22T14:45:34Z,90941,1989-09-21,2,2017-07-31,1,0,,4,2008-01-01,2008-01-01,3,4,2017-07-01,5,1,6,3,,6,10000,1000
881755,2017-11-22T12:32:21Z,96748,1993-04-13,1,2015-03-25,3,1,7,5,1993-04-01,1993-04-01,9,11,2016-03-01,0,1,12,3,,6,7500,4500
870596,2017-11-20T17:31:52Z,75002,1991-11-03,2,2007-12-15,1,1,7,5,2013-12-01,1991-11-01,6,8,2017-01-01,6,1,3,2,,6,5500,4500
881493,2017-11-22T10:33:04Z,96673,1995-06-03,2,2011-09-06,4,0,,1,1995-06-01,1995-06-01,2,3,2016-04-01,3,6,1,1,,6,3000,300
881671,2017-11-22T11:54:12Z,13951,1985-07-10,2,2001-12-25,4,0,0,3,2016-11-10,2016-11-10,16,20,2017-04-10,2,1,1,5,11,1,12300,1700
882127,2017-11-22T14:36:15Z,96678,1992-11-24,1,2015-03-27,4,1,2,1,2004-02-01,2004-02-01,19,23,2012-01-01,5,1,6,4,,5,7100,2000
881306,2017-11-22T09:26:32Z,96639,1990-04-17,1,2015-05-28,3,1,3,2,2010-04-01,2010-04-01,3,4,,10,2,,,,5,5000,1500
882784,2017-11-22T18:43:13Z,96948,1993-08-26,2,2010-11-04,4,0,,1,1993-10-01,1993-10-01,9,11,2017-11-01,0,1,12,1,,5,8000,4000
882531,2017-11-22T16:40:54Z,94135,1980-04-03,2,1996-10-09,4,0,,5,1983-02-01,1983-02-01,21,25,2016-05-01,17,1,11,4,3,1,4000,2500
881023,2017-11-22T07:47:44Z,94169,1993-05-15,2,2009-05-15,4,0,,1,2009-05-01,2009-05-01,22,26,2013-03-01,4,6,12,6,9,1,9000,6000
882297,2017-11-22T15:25:26Z,65063,1992-03-18,2,2008-07-22,4,0,,5,1992-03-01,1992-03-01,16,20,2017-05-01,7,1,6,4,4,2,8000,4000
882751,2017-11-22T18:35:02Z,96944,1986-08-08,2,2002-12-02,3,1,4,1,2007-09-01,2007-09-01,8,10,2006-06-01,11,1,2,5,9,1,10000,2000
882687,2017-11-22T18:02:44Z,96930,1995-02-14,1,1995-05-08,4,0,,5,2016-10-01,2016-10-01,10,12,2016-10-01,2,1,2,3,9,1,5000,1500
882307,2017-11-22T15:30:05Z,96855,1988-07-15,2,2004-07-29,4,0,,1,2011-01-01,2011-01-01,23,27,2014-06-01,7,3,11,6,8,1,14000,9000
882842,2017-11-22T19:09:05Z,96699,1977-08-10,1,2013-06-05,4,2,21,1,1990-02-01,1990-02-01,20,24,2005-03-01,13,3,11,6,6,1,15000,5000
882476,2017-11-22T16:29:46Z,96887,1982-12-01,1,2007-08-08,3,1,10,1,2003-01-01,1982-12-01,6,8,2004-01-01,15,1,12,4,,6,8000,5000
882248,2017-11-22T15:09:58Z,69467,1987-03-25,1,2003-06-19,4,0,,4,1992-01-01,1992-01-01,6,8,2011-01-01,10,3,11,6,10,1,10000,3000
882899,2017-11-22T19:33:21Z,15982,1987-08-18,2,2003-10-15,3,1,6,1,1995-02-10,2005-03-10,8,10,2010-06-10,12,1,12,6,11,1,10000,6000
882854,2017-11-22T19:13:37Z,96958,1988-10-25,2,2005-01-14,4,0,,1,2008-11-01,2008-11-01,1,2,2010-01-01,8,1,3,6,,5,7000,4000
881731,2017-11-22T12:16:51Z,96724,1987-12-17,2,2005-02-01,4,0,,1,1991-01-01,1991-01-01,6,8,2014-02-01,8,1,3,6,,5,6800,4000
881704,2017-11-22T12:04:57Z,96716,1987-02-04,2,2005-03-09,3,0,,4,1987-02-01,1987-02-01,6,8,2016-11-01,1,1,12,4,11,1,8000,1500
881666,2017-11-22T11:52:43Z,96727,1995-09-09,2,2012-01-11,4,0,,1,2012-10-01,2012-10-01,3,4,2017-08-01,4,1,12,2,4,2,12000,2500
882320,2017-11-22T15:36:43Z,6098,1992-03-19,2,2008-09-16,4,0,,5,2006-06-10,2006-06-10,22,26,2009-01-10,7,6,4,3,4,2,5000,2000
876465,2017-11-21T16:24:34Z,96370,1990-01-03,2,2015-07-18,1,0,,5,1992-01-01,1992-01-01,18,22,2010-05-01,7,1,6,5,,5,9000,4000
881300,2017-11-22T09:26:21Z,94198,1993-02-08,1,2009-09-08,1,2,3,5,2000-07-01,2000-07-01,18,22,2015-04-01,2,1,12,6,,3,6000,3000
882928,2017-11-22T19:50:24Z,87140,1984-07-21,1,2013-05-17,4,0,,1,1999-01-01,1999-01-01,11,14,,5,5,,,6,1,2700,1200
877149,2017-11-21T22:10:02Z,38206,1991-01-30,2,2007-01-30,4,0,,1,2007-01-01,2007-01-01,1,2,,4,5,,,4,1,2200,1000
881836,2017-11-22T12:58:33Z,96694,1994-09-23,2,2010-11-09,1,0,,3,1994-09-01,1994-09-01,11,14,2016-02-01,5,1,11,3,5,2,11000,5000
882670,2017-11-22T17:53:55Z,96515,1996-04-30,2,2012-07-02,4,0,,1,2013-09-01,1996-04-01,8,4,2014-10-01,5,3,7,2,4,1,15000,7000
880798,2017-11-22T03:59:08Z,96562,1993-10-29,1,2015-03-17,3,0,,5,2015-03-01,2010-04-01,8,8,2017-03-01,5,1,12,2,9,1,9000,4000
881131,2017-11-22T08:23:51Z,91011,1970-05-02,1,2001-03-14,2,2,26,5,1970-05-01,1970-05-01,18,22,1994-08-01,30,1,2,4,,6,7000,5000
881559,2017-11-22T10:56:24Z,96691,1993-03-20,2,2009-09-29,4,0,,1,2000-01-01,2000-01-01,3,4,2017-01-01,4,1,6,3,,6,2000,6000
882914,2017-11-22T19:42:28Z,96984,1958-07-18,2,2002-03-12,3,2,37,3,1986-01-01,1986-01-01,6,8,2000-09-01,43,1,6,4,11,1,8700,1000
876341,2017-11-21T15:40:19Z,96340,1946-03-16,1,1998-03-11,3,2,35,1,2016-11-01,2016-11-01,13,16,,37,2,,,10,1,3500,2000
880809,2017-11-22T04:14:57Z,96560,1986-03-01,2,2002-08-16,4,0,,1,1986-03-01,1986-03-01,3,4,2012-01-01,8,1,6,1,,6,9800,5000
881838,2017-11-22T12:59:05Z,82316,1988-04-17,1,2013-04-17,4,1,4,1,1988-06-01,1988-06-01,6,8,2012-08-01,5,1,12,2,6,1,10000,2000
880906,2017-11-22T06:44:12Z,96471,1985-01-05,1,2014-05-20,3,0,,5,2007-07-01,2007-07-01,18,22,2014-08-01,10,1,12,6,10,1,6000,1000
882173,2017-11-22T14:46:31Z,96826,1992-08-01,2,2017-09-28,4,0,,5,1992-08-01,1992-08-01,18,22,2017-10-01,8,3,7,6,4,1,15000,7000
882064,2017-11-22T14:15:35Z,96809,1991-12-12,1,2011-10-05,3,1,5,5,2011-05-01,2011-05-01,6,8,2013-03-01,7,3,3,6,,5,8000,1500
880756,2017-11-22T01:50:49Z,96551,1997-08-18,2,2013-09-30,4,0,,1,2015-12-01,2015-12-01,3,4,2013-05-01,4,6,11,6,10,1,12000,3500
882229,2017-11-22T15:06:52Z,96831,1994-04-09,1,2010-11-17,4,0,,1,2015-01-01,2015-01-01,4,6,2017-05-01,4,1,9,1,6,1,10000,5780
881799,2017-11-22T12:45:48Z,96766,1989-07-19,2,2005-12-16,4,0,,1,1989-07-01,1989-07-01,13,16,2014-04-01,3,1,2,2,,6,5000,3000
882638,2017-11-22T17:41:01Z,96860,1991-07-14,1,2007-08-08,3,1,2,4,2015-07-01,2015-07-01,8,10,2010-07-01,7,1,10,6,6,1,8000,7500
882200,2017-11-22T14:58:10Z,96834,1992-11-27,1,2012-06-12,3,1,3,1,1997-10-01,1997-10-01,6,8,2014-06-01,5,3,10,3,,6,4400,2230
881938,2017-11-22T13:38:47Z,96791,1999-03-08,2,2015-09-02,4,0,,1,2015-04-01,2015-01-01,2,3,2017-10-01,2,1,10,4,,5,3600,3000
877186,2017-11-21T22:56:58Z,62118,1994-10-20,2,2010-12-17,4,0,,1,2016-06-10,2016-06-10,12,15,2016-06-01,1,1,1,1,7,2,8250,2000
881129,2017-11-22T08:23:34Z,96625,1986-06-25,2,2003-04-06,4,0,,5,1986-07-01,1986-07-01,21,25,2010-01-01,0,3,11,6,4,2,12000,4000
876141,2017-11-21T14:43:20Z,96306,1993-08-04,2,2009-08-31,4,0,,4,2014-06-01,2014-06-01,8,10,2014-06-01,4,1,1,1,1,1,9000,4000
882762,2017-11-22T18:39:00Z,96953,1989-10-05,1,2006-10-21,4,0,,5,2012-05-01,2012-05-01,11,14,2015-01-01,8,3,11,2,9,1,10000,5000
880976,2017-11-22T07:18:29Z,96586,1992-06-03,2,2017-07-17,3,0,,4,2015-10-01,2015-10-01,23,27,2015-12-01,6,1,13,6,11,1,7000,5000
882833,2017-11-22T19:04:50Z,96965,1996-01-22,2,2012-10-11,4,0,,1,2017-04-01,2017-04-01,1,2,,1,4,,,4,2,1000,700
881912,2017-11-22T13:27:44Z,96779,1991-02-13,2,2007-08-18,4,0,,1,1993-02-01,1993-02-01,9,11,2017-02-01,1,1,13,5,4,1,10000,6000
881524,2017-11-22T10:44:12Z,83858,1976-11-07,2,2006-01-19,4,0,,5,1986-11-01,1986-11-01,12,15,2012-03-01,20,3,3,4,3,1,11000,5000
881452,2017-11-22T10:16:26Z,96666,1984-06-23,1,2006-03-14,2,4,11,1,2006-05-01,2006-05-01,18,22,2012-04-01,3,6,12,6,,5,5000,5000
882337,2017-11-22T15:41:17Z,18465,1995-01-30,1,2011-07-20,4,1,1,1,1995-01-01,1995-01-01,20,24,,1,4,,,,5,2300,10
882363,2017-11-22T15:53:16Z,96870,1986-06-08,2,2003-04-24,2,1,3,5,1986-07-01,1986-07-01,8,10,2014-08-01,8,3,7,6,6,2,15000,12000
881499,2017-11-22T10:34:13Z,96680,1989-08-14,2,2005-09-02,4,0,,4,2016-05-01,2005-09-01,6,5,2017-06-01,9,1,12,1,4,1,10000,6000
882421,2017-11-22T16:13:10Z,96875,1974-10-20,2,1996-06-26,2,2,19,5,1994-02-01,1994-02-01,4,6,2004-11-01,13,3,13,1,1,1,15000,2500
880791,2017-11-22T03:40:24Z,96557,1996-11-07,2,2012-11-14,2,0,,1,2012-08-01,2012-08-01,5,7,2016-03-01,2,1,2,2,,6,5000,3000
881233,2017-11-22T08:58:41Z,96636,1999-07-08,1,2015-08-28,4,0,,5,2014-07-01,2014-07-01,13,16,2017-09-01,2,1,11,2,,6,6500,1000
881185,2017-11-22T08:36:25Z,96627,1991-07-30,2,2008-01-18,4,0,,4,2009-06-01,1991-08-01,9,18,2009-07-01,8,1,6,3,11,1,15000,8000
881160,2017-11-22T08:32:40Z,96614,1989-12-23,2,2009-12-04,3,1,2,4,1989-12-01,1989-12-01,15,18,2010-08-01,9,1,12,2,,6,9000,1000
882439,2017-11-22T16:19:51Z,96882,1991-03-02,1,2007-10-11,4,0,,3,1992-01-01,1992-01-01,3,4,2013-08-01,4,1,5,1,4,1,7500,3500
880888,2017-11-22T06:31:24Z,96581,1989-04-07,1,2009-04-21,3,2,9,5,1989-04-01,1989-04-01,5,7,,10,5,,,,5,7200,5000
882798,2017-11-22T18:46:04Z,96949,1988-02-03,2,2005-05-19,2,0,,3,1988-02-01,1988-02-01,8,10,2017-07-01,6,1,13,6,11,2,21000,15000
882852,2017-11-22T19:13:20Z,94374,1989-10-12,2,2005-05-13,3,1,3,5,2000-01-01,2000-01-01,3,4,2008-05-01,9,3,12,6,,5,9000,7000
876537,2017-11-21T16:49:00Z,95481,1971-05-02,1,2009-07-20,5,1,25,5,2009-04-01,2009-04-01,12,15,2008-05-01,25,3,12,6,,6,6000,1200
881721,2017-11-22T12:10:45Z,96729,1991-09-22,1,2011-02-16,3,2,5,1,2010-08-01,2010-08-01,5,7,2012-10-01,5,6,12,6,6,2,10000,3000
875402,2017-11-21T10:59:23Z,95972,1987-06-29,1,2006-09-29,3,2,10,1,1989-06-01,1987-08-01,3,4,2013-01-01,7,1,8,2,,6,8000,2500
875106,2017-11-21T08:55:20Z,96075,1993-09-13,1,2015-09-21,3,0,,1,2010-10-01,1993-09-01,18,22,2016-01-01,4,1,12,6,4,1,2700,700
875580,2017-11-21T11:58:31Z,96184,1994-01-01,2,2010-03-16,4,0,,1,2008-01-01,2008-01-01,10,12,2013-12-01,5,1,1,5,,6,7000,6000
875697,2017-11-21T12:25:32Z,96203,1992-10-12,2,2008-12-06,4,0,,5,2014-04-01,2014-04-01,16,20,2014-07-01,3,1,2,4,4,1,4200,2500
874693,2017-11-21T03:42:17Z,96017,1992-05-22,2,2008-07-21,3,2,3,5,1992-05-01,1992-05-01,18,22,2016-05-01,5,1,6,5,,5,10000,7000
876968,2017-11-21T19:50:42Z,96476,1988-10-09,2,2004-11-24,3,2,7,1,1988-10-01,1988-10-01,14,17,2017-01-01,8,1,6,5,,6,7500,4500
875275,2017-11-21T10:02:43Z,96094,1987-03-21,1,2009-04-13,3,3,13,5,2003-09-01,2003-09-01,15,18,2015-11-01,6,1,6,4,,5,6000,4000
876839,2017-11-21T18:27:07Z,83562,1968-08-20,2,1995-11-09,3,2,15,1,2012-04-01,2012-04-01,6,8,2005-02-01,14,1,6,5,,6,9000,9000
877073,2017-11-21T21:16:41Z,96507,1983-10-06,1,2007-05-16,3,3,8,5,1987-04-01,1987-04-01,7,9,2015-03-01,12,1,11,6,,6,6000,2000
875602,2017-11-21T12:06:31Z,96139,1987-10-13,1,2004-01-29,1,1,8,5,2005-03-01,2005-03-01,18,22,2015-08-01,2,1,12,2,,5,5950,2700
876563,2017-11-21T16:56:23Z,96374,1987-10-22,2,2003-12-08,4,0,,3,1988-01-01,1988-01-01,14,17,2016-05-01,8,1,12,3,,6,6000,4000
876655,2017-11-21T17:18:06Z,96397,1990-09-07,2,2015-10-02,4,0,,1,1997-06-01,1997-07-01,7,9,2016-09-01,5,3,13,6,10,1,6000,2000
876965,2017-11-21T19:45:51Z,96466,1993-07-16,2,2010-04-08,4,0,,3,1993-07-01,1993-07-01,4,6,2017-10-01,4,1,11,6,11,2,12000,9000
874658,2017-11-21T01:19:07Z,96007,1995-02-10,2,2011-03-15,4,0,,1,2015-09-01,2015-09-01,18,22,2017-04-01,2,1,11,1,6,1,7000,3000
874626,2017-11-21T00:10:46Z,95997,1994-08-17,2,2011-06-29,4,0,,1,2012-10-01,2012-10-01,20,24,2017-07-01,5,3,8,3,7,2,10000,8000
876876,2017-11-21T18:44:42Z,96450,1989-07-05,2,2006-01-05,4,0,,5,1989-07-01,1989-07-01,18,22,2013-02-01,10,6,9,5,,6,9300,8100
876407,2017-11-21T16:05:43Z,96356,1988-06-30,2,2004-07-04,4,0,,1,1997-05-01,1997-05-01,1,2,,10,5,,,,6,5000,2500
876690,2017-11-21T17:25:57Z,96391,1997-01-11,2,2013-06-20,3,1,1,5,2017-03-01,2017-03-01,6,8,2017-09-01,1,3,11,6,,5,5500,3500
876627,2017-11-21T17:09:49Z,96392,1977-11-26,1,1997-12-25,2,1,19,4,2007-12-01,2007-12-01,3,4,2009-12-01,23,3,6,6,11,1,20000,8000
876658,2017-11-21T17:18:38Z,96399,1988-12-07,2,2015-07-01,3,2,4,1,2012-01-01,2008-01-01,11,7,2015-01-01,10,3,12,6,9,7,30000,30000
875681,2017-11-21T12:22:59Z,96202,1993-12-11,1,2016-10-06,1,3,5,5,1994-05-01,1994-05-01,6,8,2014-04-01,4,1,12,3,,6,6000,2000
876496,2017-11-21T16:34:05Z,96373,1982-12-30,2,1999-01-22,4,0,,5,1999-02-01,1999-02-01,4,6,2017-03-01,10,1,12,1,4,1,10000,3000
875673,2017-11-21T12:20:09Z,96198,1999-09-13,2,2015-10-27,4,0,,5,2000-07-01,2000-07-01,4,6,2017-09-01,2,1,13,6,,5,12000,5600
876809,2017-11-21T18:13:10Z,96436,1979-07-02,1,1996-12-05,3,2,19,5,1996-08-01,1996-08-01,2,3,2015-10-01,15,1,10,3,6,1,60000,3000
876381,2017-11-21T15:58:54Z,92147,1985-08-22,2,2002-03-12,4,0,,1,1985-08-01,1985-08-01,3,4,2005-05-01,12,1,6,5,,5,13000,3000
876310,2017-11-21T15:31:18Z,96338,1992-01-22,2,2008-03-03,4,0,,5,1992-01-01,1992-01-01,19,23,2013-06-01,5,1,2,4,9,1,10000,7000
876296,2017-11-21T15:25:15Z,95701,1989-06-13,1,2005-09-15,3,1,3,1,1989-06-01,1989-06-01,20,24,2011-06-01,6,1,12,6,10,1,6100,2500
875558,2017-11-21T11:54:17Z,95053,1983-10-14,2,2000-08-21,4,0,,5,1986-03-01,1986-03-01,9,11,2017-05-01,12,1,3,3,4,2,9000,2000
876073,2017-11-21T14:20:58Z,96283,1996-12-29,2,2013-03-15,4,0,,1,2007-01-01,2007-01-01,20,24,,0,4,,,6,2,2000,1000
876466,2017-11-21T16:25:22Z,96351,1988-07-02,2,2005-02-16,3,1,2,1,1988-07-01,1988-07-01,3,4,2006-07-01,11,1,6,5,,5,9000,8000
876086,2017-11-21T14:26:26Z,96188,1987-10-15,2,2011-04-28,4,0,,5,2000-07-01,2000-07-01,6,8,,5,5,,,,5,2500,1500
876894,2017-11-21T18:50:20Z,96453,1992-01-15,2,2008-01-25,3,1,1,1,2013-08-01,2013-08-01,2,3,2017-06-01,5,1,1,5,2,1,8000,2000
877033,2017-11-21T20:49:47Z,96499,1988-11-29,2,2011-01-14,4,0,,1,2003-06-01,2003-06-01,11,14,2014-11-01,10,1,5,2,4,1,8500,2500
876013,2017-11-21T14:05:08Z,94190,1998-12-04,2,2015-09-29,4,0,,1,1998-12-01,1998-12-01,8,10,2016-09-01,1,3,3,6,,6,7000,6500
876032,2017-11-21T14:11:16Z,96267,1997-02-04,1,2013-04-11,4,0,,4,1997-02-01,1997-02-01,8,10,,3,4,,,4,2,7000,3000
875845,2017-11-21T13:20:08Z,96238,1998-12-21,1,2015-01-22,4,0,,1,2016-10-01,2003-03-01,18,22,,3,4,,,,5,4000,3500
875902,2017-11-21T13:35:55Z,96246,1982-12-16,2,2000-09-22,3,1,4,1,2002-09-01,2002-09-01,3,4,2016-08-01,14,1,6,5,11,1,14000,6000
875784,2017-11-21T12:55:56Z,96169,1995-09-28,2,2013-02-06,1,1,1,5,2015-05-01,2015-05-01,10,12,,2,5,,,,6,4000,3000
875748,2017-11-21T12:39:42Z,95621,1981-05-12,2,1997-10-03,2,1,8,5,1986-05-01,1986-05-01,11,14,2017-03-01,12,3,3,6,11,1,6000,3500
875749,2017-11-21T12:39:47Z,96218,1994-08-02,2,2010-10-06,4,0,,5,1994-09-01,1994-09-01,8,10,2017-05-01,5,6,13,2,4,2,5700,2500
875720,2017-11-21T12:29:52Z,96196,1981-02-12,1,1997-10-29,3,2,10,5,2013-08-01,2013-08-01,12,15,2005-07-01,15,3,9,5,6,1,6000,1500
875731,2017-11-21T12:36:11Z,96214,1989-04-12,1,2013-05-03,2,1,4,1,2007-08-01,2007-08-01,16,20,2014-06-01,3,1,8,1,11,1,4000,4000
875168,2017-11-21T09:13:21Z,96087,1984-01-17,1,2014-08-28,4,0,,5,2015-01-01,2015-01-01,18,22,2015-01-01,11,1,6,4,4,7,3000,1500
875640,2017-11-21T12:13:49Z,96197,1997-12-22,2,2014-02-15,4,0,,5,2016-07-01,1997-12-01,18,13,2015-06-01,2,6,12,2,,5,9000,7500
875488,2017-11-21T11:34:00Z,34142,1988-05-18,2,2004-07-23,4,0,,1,1988-05-10,1988-05-10,11,14,2015-02-10,4,1,3,5,,5,8000,3000
875850,2017-11-21T13:24:27Z,96237,1994-09-24,2,2010-11-15,4,0,,1,2017-08-01,2014-09-01,3,4,2017-10-01,2,6,3,3,2,2,4800,3000
875393,2017-11-21T10:58:08Z,96142,1990-03-07,2,2009-04-14,4,0,,4,2015-08-01,2005-12-01,8,15,2014-12-01,8,1,11,2,4,2,15000,15000
874718,2017-11-21T05:11:20Z,27203,1985-01-09,2,2001-02-01,3,0,,5,2007-11-01,2007-11-01,14,17,2017-02-01,10,1,12,3,,5,7000,10
875326,2017-11-21T10:26:15Z,96122,1989-03-06,2,2005-06-13,3,2,6,1,2005-04-01,2005-04-01,3,4,2009-09-01,9,1,2,1,9,1,8800,3000
875507,2017-11-21T11:38:16Z,96174,1998-09-28,1,2014-12-05,4,0,,1,2015-11-01,2015-11-01,17,21,2015-09-01,2,1,12,4,9,1,6000,5000
875226,2017-11-21T09:38:57Z,96100,1992-08-08,2,2008-11-11,4,0,,5,1992-08-01,1992-08-01,11,14,2017-02-01,5,6,11,3,,6,6000,4000
875028,2017-11-21T08:28:43Z,96068,1994-04-29,2,2010-11-03,2,1,3,5,1994-05-01,1994-05-01,12,15,2015-05-01,3,1,3,3,,3,5100,1800
869238,2017-11-20T10:55:01Z,95600,1980-07-19,1,2016-07-20,3,1,7,4,2015-03-01,1997-02-01,12,15,2015-09-01,17,3,13,6,4,1,33000,12000
876531,2017-11-21T16:47:31Z,96280,1996-03-11,2,2012-05-03,4,0,,1,2013-08-01,2013-08-01,13,16,2016-10-01,1,1,8,5,7,2,8000,5000
875105,2017-11-21T08:55:19Z,96083,1984-03-16,1,2004-10-12,2,2,13,1,2003-07-01,2003-07-01,3,4,2013-09-01,8,1,10,3,6,1,10000,5000
874847,2017-11-21T07:00:15Z,96039,1974-08-20,2,2008-06-26,3,2,18,4,1991-11-01,1991-11-01,7,9,2016-04-01,25,1,2,2,10,1,10000,2000
871118,2017-11-20T22:20:20Z,95947,1983-11-12,2,2000-02-05,3,2,13,4,2014-11-01,2014-11-01,14,17,2007-11-01,10,1,11,4,,6,4500,3000
874771,2017-11-21T06:27:10Z,96033,1990-08-29,2,2016-09-28,3,1,25,5,1990-08-01,1990-08-01,9,11,2015-02-01,10,1,12,2,,5,3600,1500
875752,2017-11-21T12:40:21Z,96207,1992-03-24,2,2008-08-05,4,0,,1,2016-03-01,2014-03-01,8,14,2016-11-01,1,1,11,6,11,1,10000,6000
871167,2017-11-20T23:13:59Z,70214,1994-07-17,2,2010-11-18,4,0,,1,2015-09-01,2006-10-01,16,20,,4,4,,,,6,3200,1500
871152,2017-11-20T22:52:18Z,95979,1995-06-03,1,2015-01-14,3,1,1,1,2015-09-01,2014-05-01,13,14,2017-03-01,1,6,11,4,9,1,7000,4500
870562,2017-11-20T17:22:38Z,94715,1993-06-01,1,2014-09-09,3,1,2,1,2012-02-01,2012-02-01,9,11,2017-04-01,6,1,10,2,,6,2700,2000
869605,2017-11-20T12:44:17Z,95688,1985-07-04,2,2002-02-04,3,0,,1,2013-11-01,2013-11-01,1,2,2002-08-01,16,1,2,2,9,1,10000,10000
870861,2017-11-20T19:33:57Z,95934,1980-06-02,1,2015-07-17,3,2,9,5,1983-12-01,1983-12-01,9,11,2015-03-01,15,1,2,3,,6,7500,6000
870414,2017-11-20T16:22:57Z,95836,1990-11-07,2,2006-11-09,4,0,,1,1990-11-01,1990-11-01,6,8,2011-12-01,6,1,2,1,,6,5800,3000
864690,2017-11-19T19:59:03Z,95398,1987-08-19,2,2006-04-26,2,0,,1,2015-06-01,2000-05-01,3,23,2016-02-01,2,1,12,4,9,1,12000,5000
870108,2017-11-20T15:04:07Z,95797,1993-11-07,2,2010-07-20,4,0,,1,2014-04-01,1994-11-01,17,21,2017-07-01,4,1,10,2,11,2,4000,1000
868655,2017-11-20T07:52:00Z,95506,1990-07-24,2,2006-07-26,3,1,2,1,2016-10-01,2016-10-01,3,4,2016-08-01,11,1,1,2,1,1,10600,6500
868583,2017-11-20T07:26:19Z,95494,1990-03-19,1,2011-05-17,4,0,,1,1995-05-01,1995-05-01,6,8,2015-04-01,10,1,6,6,,6,7600,1000
864936,2017-11-19T23:59:38Z,95445,1984-10-22,2,2000-10-23,3,1,1,5,1993-09-01,1993-09-01,12,15,2000-12-01,12,3,13,6,3,1,25000,12000
869978,2017-11-20T14:22:42Z,95766,1973-12-07,1,1997-02-07,1,0,,5,1989-12-01,1989-12-01,4,6,2015-07-01,2,1,6,4,,6,6000,4000
870777,2017-11-20T18:55:08Z,73996,1991-11-17,1,2008-01-08,4,1,9,1,1993-02-01,1993-02-01,9,11,2016-10-01,7,3,11,6,6,2,9000,4000
870625,2017-11-20T17:44:11Z,95884,1993-02-24,2,2011-02-25,4,0,,4,2016-11-01,2016-11-01,4,6,2014-02-01,3,3,8,6,7,1,7000,3000
870983,2017-11-20T20:44:46Z,39742,1993-01-07,1,2009-10-26,4,0,,4,2012-05-10,2015-07-10,13,7,2016-10-10,5,1,12,3,9,1,9000,4000
869837,2017-11-20T13:39:39Z,95704,1995-09-24,2,2014-10-07,4,0,,4,1997-08-01,1997-08-01,8,10,2017-06-01,1,3,13,5,,6,15000,12000
869317,2017-11-20T11:13:19Z,95597,1987-10-24,1,2012-08-15,3,1,5,5,2016-06-01,2006-10-01,6,8,2015-11-01,8,1,6,1,9,1,6500,3000
870992,2017-11-20T20:46:56Z,95954,1980-09-12,1,1997-02-06,4,1,2,5,2007-02-01,2007-02-01,4,6,2007-03-01,15,1,10,4,6,7,6030,5000
868394,2017-11-20T02:40:59Z,95461,1996-11-04,2,2012-11-16,4,0,,5,2015-10-01,1999-11-01,8,5,2015-03-01,3,1,3,4,,6,16000,15000
869876,2017-11-20T13:50:16Z,89403,1988-08-16,2,2004-10-25,4,0,,5,2003-06-01,2003-06-01,3,4,2010-02-01,11,1,12,5,,5,12000,7500
870167,2017-11-20T15:23:43Z,95809,1965-03-27,2,2001-05-04,3,1,28,5,1987-02-01,1987-02-01,2,3,2015-08-01,30,1,1,4,,6,3500,1700
868815,2017-11-20T09:04:41Z,95536,1996-06-15,2,2016-08-02,4,0,,1,2017-07-01,2017-07-01,14,17,2017-09-01,3,1,7,2,,6,6000,3000
868690,2017-11-20T08:04:44Z,95508,1988-08-22,2,2005-01-05,2,2,6,1,1989-04-01,1989-04-01,20,24,2016-06-01,7,1,11,6,4,1,5000,1000
869234,2017-11-20T10:54:17Z,95591,1997-12-26,1,2014-04-10,4,0,,1,2015-09-01,2015-09-01,8,10,,3,4,,,10,2,5000,3500
869652,2017-11-20T12:54:52Z,95676,1996-03-13,2,2012-07-31,4,0,,5,1999-08-01,1999-08-01,3,4,2016-07-01,2,1,6,5,11,1,6000,3000
864910,2017-11-19T23:35:41Z,95440,1985-06-27,2,2007-07-24,4,0,,5,2015-10-01,2011-10-01,3,3,2014-05-01,12,1,6,2,,5,9000,5000
869712,2017-11-20T13:08:32Z,95693,1993-12-26,1,2015-06-06,3,1,2,5,1993-12-01,1993-12-01,13,16,2015-01-01,5,6,11,5,5,1,10000,3500
864886,2017-11-19T22:55:08Z,95433,1991-06-17,1,2007-06-26,1,0,,5,2015-06-01,2015-06-01,19,23,,1,2,,,10,1,4000,1100
869138,2017-11-20T10:29:58Z,95582,1996-05-07,2,2013-05-23,4,0,,4,2013-05-01,2013-05-01,10,12,2017-10-01,0,1,12,6,,6,4000,2000
870948,2017-11-20T20:22:44Z,95951,1996-01-29,2,2012-04-18,4,0,,1,2015-01-01,1996-01-01,3,5,,4,4,,,4,2,3000,2000
869860,2017-11-20T13:46:18Z,72893,1994-04-23,2,2010-05-19,4,0,,5,1994-04-01,2017-02-01,16,20,2017-06-01,1,1,2,4,11,1,4030,1000
870929,2017-11-20T20:12:15Z,95946,1989-09-25,1,2011-11-18,3,2,1,1,2011-10-01,2011-10-01,15,18,2012-01-01,5,3,4,3,10,1,8500,5500
868611,2017-11-20T07:34:57Z,95497,1984-03-06,2,2001-06-30,2,0,,5,1992-02-01,1992-02-01,4,6,2012-06-01,6,3,11,6,9,2,3500,3000
863107,2017-11-19T07:41:03Z,95050,1994-01-11,2,2010-01-28,1,0,,1,2016-03-01,2016-03-01,8,10,2016-03-01,2,1,6,5,11,1,9000,6000
868733,2017-11-20T08:25:51Z,14925,1990-02-10,1,2011-08-04,3,1,5,1,2015-03-10,2015-03-10,10,12,2015-09-10,5,1,12,3,,6,5200,200
869086,2017-11-20T10:16:19Z,95577,1987-04-14,1,2008-10-23,2,1,6,1,1993-01-01,1993-01-01,19,23,2016-03-01,10,1,6,3,10,1,7000,2000
869074,2017-11-20T10:14:09Z,95581,1986-06-05,2,2003-09-04,3,1,8,5,2014-01-01,2010-03-01,20,24,2015-03-01,7,1,8,4,,6,7000,3000
864857,2017-11-19T22:24:42Z,95428,1993-07-20,1,2009-12-09,4,0,,1,1993-07-01,1993-07-01,18,22,2014-04-01,24,1,6,3,9,2,7300,3900
868596,2017-11-20T07:31:42Z,95498,1996-06-14,1,2012-07-26,4,0,,1,2012-08-01,2012-08-01,21,25,2017-08-01,4,1,12,3,,5,5100,1100
870804,2017-11-20T19:04:05Z,95913,1993-05-24,2,2009-06-18,4,0,,1,1993-09-01,1993-09-01,8,10,2014-07-01,4,3,3,6,,6,8000,1000
870905,2017-11-20T20:05:29Z,95940,1987-09-21,2,2004-04-26,2,1,4,5,1991-12-01,1991-12-01,14,17,2017-09-01,10,1,12,2,,5,8000,5000
869665,2017-11-20T12:56:43Z,95698,1990-12-01,1,2010-12-09,3,2,6,5,2016-12-01,2016-12-01,2,3,2016-09-01,8,1,10,5,10,1,6000,3000
868384,2017-11-20T02:07:28Z,95456,1977-02-11,2,1997-02-21,3,2,10,1,2006-09-01,2006-09-01,17,21,2016-07-01,22,1,2,2,11,2,8700,1700
868900,2017-11-20T09:33:31Z,95552,1980-09-21,1,2016-02-08,3,1,6,2,2009-08-01,2009-08-01,3,4,2016-11-01,5,3,11,3,4,7,5000,3000
869168,2017-11-20T10:36:59Z,95593,1990-02-05,1,2015-03-15,3,2,10,1,2007-02-01,2007-02-01,1,2,2016-04-01,5,1,6,1,,6,6000,3000
868942,2017-11-20T09:44:57Z,93030,1994-12-02,1,2011-04-27,1,0,,1,2017-08-01,2010-07-01,16,27,2016-03-01,5,6,7,5,6,2,6700,2500
868947,2017-11-20T09:45:26Z,95555,1973-10-29,2,1997-10-10,3,2,21,4,1993-02-01,1993-02-01,23,27,2017-02-01,17,1,3,6,,5,6000,2800
868836,2017-11-20T09:15:40Z,95515,1986-10-12,2,2014-07-11,4,0,,4,1996-10-01,1996-10-01,7,9,,1,5,,,4,2,8000,4000
869116,2017-11-20T10:25:18Z,83513,1991-05-06,2,2016-06-09,1,1,2,1,1991-05-01,1991-05-01,9,11,2010-05-01,10,3,11,6,10,1,15000,5000
869865,2017-11-20T13:47:36Z,95721,1980-03-10,1,2015-09-25,2,1,15,5,1980-03-01,1980-03-01,21,25,2010-03-01,10,1,13,5,10,1,8000,2000
870806,2017-11-20T19:04:33Z,95669,1985-08-23,2,2003-05-28,4,0,,1,1989-04-01,1989-04-01,16,20,2017-04-01,13,1,6,1,,6,4500,800
868656,2017-11-20T07:53:04Z,73167,1980-08-09,2,2005-04-21,3,0,,1,2014-08-01,1986-08-01,8,10,2016-04-01,2,1,11,2,3,2,14500,5000
868418,2017-11-20T03:42:46Z,95465,1985-04-13,1,2006-05-03,3,1,5,5,2014-08-01,2014-08-01,18,22,2015-05-01,15,1,10,3,10,7,27000,2000
859100,2017-11-18T18:59:51Z,7725,1981-04-27,1,1997-08-01,4,1,1,5,2005-02-10,2005-02-10,11,14,2016-02-10,17,3,9,6,,6,3000,2000
869192,2017-11-20T10:45:41Z,95592,1983-08-31,2,2001-07-25,1,0,,5,2001-07-01,2001-07-01,14,17,2010-04-01,12,1,6,5,,6,7500,3000
864545,2017-11-19T18:27:00Z,95056,1997-08-28,2,2013-10-31,4,0,,1,2013-11-01,2013-11-01,12,15,2017-03-01,0,6,11,3,,6,8000,4000
869391,2017-11-20T11:41:06Z,95643,1984-07-18,1,2015-05-13,2,2,12,5,2013-11-01,2013-11-01,1,2,2015-01-01,7,3,12,5,,6,5000,2000
868710,2017-11-20T08:15:50Z,95511,1992-05-26,1,2016-04-02,3,1,2,5,1992-05-01,1992-05-01,4,6,2015-08-01,5,6,12,2,,6,10000,5000
870021,2017-11-20T14:37:36Z,95784,1985-08-10,1,2002-04-02,4,0,,5,2002-08-01,2002-08-01,6,8,2015-01-01,13,3,12,6,4,2,15000,500
870106,2017-11-20T15:03:55Z,95782,1991-07-31,2,2009-03-18,4,0,,1,2009-08-01,2009-08-01,6,8,2016-08-01,12,1,2,4,,6,7000,3000
870955,2017-11-20T20:27:03Z,95949,1990-08-24,2,2006-10-06,3,1,3,1,2002-11-01,2002-11-01,23,27,2016-07-01,5,1,6,5,,6,8000,5000
870683,2017-11-20T18:11:09Z,95894,1989-10-31,2,2005-12-09,1,2,5,5,1989-11-01,1989-11-01,21,25,2017-04-01,4,1,12,3,,6,6000,5000
868411,2017-11-20T03:35:18Z,95464,1993-09-21,2,2011-10-11,4,0,,5,1999-02-01,1999-02-01,8,10,,6,4,,,6,2,14200,5000
870207,2017-11-20T15:38:29Z,95819,1996-12-07,2,2013-05-16,4,0,,1,1996-12-01,1996-12-01,7,9,2016-06-01,2,1,11,2,6,1,6000,4000
868998,2017-11-20T09:57:52Z,53993,1993-01-29,2,2009-05-25,4,0,,4,2009-01-10,2009-01-10,3,4,2016-02-10,2,1,12,4,2,7,3000,3000
868462,2017-11-20T05:51:04Z,81215,1994-01-16,2,2010-03-29,3,0,,4,2014-03-01,1994-01-01,1,2,2015-05-01,3,1,13,1,4,1,9000,5800
858678,2017-11-18T15:22:14Z,94787,1993-11-22,2,2010-01-20,3,0,,1,1993-11-01,1993-11-01,18,22,2013-11-01,6,1,1,1,,6,7000,4000
869629,2017-11-20T12:49:44Z,94927,1978-11-26,2,1999-05-07,4,0,,1,1984-06-01,1984-06-01,13,16,2017-11-01,9,1,6,1,4,1,13000,3000
869590,2017-11-20T12:42:02Z,95685,1998-02-12,2,2014-12-16,4,0,,5,1998-02-01,1998-02-01,11,14,2017-03-01,1,1,2,4,,5,3500,2000
869663,2017-11-20T12:56:32Z,81306,1996-11-29,1,2012-12-18,4,0,,1,2014-09-01,2014-09-01,14,17,,1,4,,,4,1,4000,3000
871039,2017-11-20T21:11:12Z,95963,1975-11-22,2,2005-11-07,2,0,,5,2012-02-01,2012-02-01,18,22,2008-05-01,19,1,3,5,4,1,22000,12000
869505,2017-11-20T12:22:07Z,56461,1996-01-03,2,2012-02-16,4,0,,1,2016-08-01,2016-08-01,18,22,2016-09-01,1,1,10,2,11,2,4200,10
869774,2017-11-20T13:24:02Z,95714,1990-09-21,1,2012-02-06,2,2,5,5,2007-07-01,2007-07-01,10,12,,3,5,,,,6,3500,1800
870548,2017-11-20T17:15:13Z,95873,1995-11-22,1,2016-11-27,3,0,,5,2011-11-01,2011-11-01,10,12,2016-09-01,3,1,10,4,10,1,4500,1000
869554,2017-11-20T12:34:34Z,95665,1993-07-31,1,2010-02-10,2,2,1,1,1998-05-01,1998-05-01,13,16,2017-07-01,4,6,9,3,,6,2500,1000
868787,2017-11-20T08:45:59Z,95526,1986-04-06,2,2002-04-22,4,0,,5,2002-10-01,2002-10-01,1,2,2015-09-01,7,1,10,4,4,4,9000,4000
869757,2017-11-20T13:20:50Z,62841,1997-05-31,1,2013-09-06,4,0,,3,2014-09-01,2014-09-01,20,24,2015-10-01,3,3,11,6,9,1,5500,10
870890,2017-11-20T19:49:36Z,95930,1986-01-14,1,2009-06-10,1,2,10,1,1986-01-01,1986-01-01,11,14,2007-02-01,9,1,12,3,4,1,5600,2000
868854,2017-11-20T09:21:08Z,95551,1997-06-15,1,1997-01-09,4,0,,1,1997-06-01,1997-06-01,8,10,,4,4,,,4,2,4700,2100
869562,2017-11-20T12:35:37Z,11735,1972-04-13,1,2002-11-08,4,0,,1,2000-09-10,2000-09-10,15,18,2002-09-10,18,1,10,4,10,1,8000,4500
870506,2017-11-20T17:01:35Z,95860,1981-09-30,1,2003-12-05,4,2,12,5,1988-09-01,1988-09-01,16,20,2006-08-01,11,1,12,6,4,2,17000,4500
871070,2017-11-20T21:29:52Z,95967,1982-12-15,1,2008-02-09,4,0,,1,2013-06-01,1982-12-01,8,27,2013-06-01,14,1,12,4,9,1,9000,4000
869894,2017-11-20T13:55:09Z,95740,1997-07-23,2,2013-08-15,4,0,,4,2014-09-01,2014-09-01,23,27,,4,4,,,11,2,3500,2000
870478,2017-11-20T16:48:53Z,73039,1992-09-11,2,2008-09-11,3,1,1,1,2012-09-01,2012-09-01,4,6,2014-03-01,3,1,6,5,4,1,7500,2000
868524,2017-11-20T06:53:01Z,95482,1997-12-26,1,2014-03-06,4,0,,1,2016-08-01,2016-08-01,18,22,2016-08-01,1,1,8,1,,6,3200,1000
870680,2017-11-20T18:09:22Z,95893,1995-10-08,1,2012-04-07,4,0,,5,1998-01-01,1998-01-01,9,11,2015-09-01,2,1,11,2,,5,7000,4000
869333,2017-11-20T11:22:52Z,95603,1990-08-10,2,2006-11-16,3,3,2,1,2005-06-01,2005-06-01,8,10,2017-02-01,7,1,7,5,4,1,17000,10000
871063,2017-11-20T21:26:35Z,95968,1985-12-26,1,2002-08-02,4,0,,5,1985-12-01,1985-12-01,3,4,2016-05-01,14,1,8,6,,6,3500,1500
864685,2017-11-19T19:51:58Z,95389,1993-04-28,2,2009-07-16,1,1,2,1,2008-03-01,2008-03-01,9,11,2015-03-01,8,1,13,5,9,2,10000,4000
869438,2017-11-20T11:53:46Z,95642,1990-06-09,2,2015-02-14,4,0,,1,2006-09-01,1990-06-01,18,20,2016-09-01,9,1,12,6,4,1,6500,2500
869291,2017-11-20T11:04:56Z,95562,1990-04-05,2,2006-11-30,4,0,,5,1990-04-01,1990-04-01,6,8,2015-03-01,7,1,12,3,,6,9000,3000
870483,2017-11-20T16:52:50Z,57993,1997-02-02,1,2013-04-10,4,0,0,1,2007-09-10,2007-09-10,9,11,2016-03-10,3,1,11,6,,6,7000,2000
864919,2017-11-19T23:38:34Z,34008,1993-12-08,1,2014-10-08,3,1,2,5,2000-12-10,2000-12-10,4,6,2013-09-10,3,1,8,2,,6,5500,1000
871009,2017-11-20T20:56:58Z,95959,1991-08-08,1,2012-10-04,3,1,5,2,2009-10-01,1991-08-01,19,23,2017-08-01,1,3,11,6,,5,4500,3000
870559,2017-11-20T17:21:45Z,95868,1992-12-31,2,2009-02-24,4,0,,1,1992-12-01,1992-12-01,12,15,2014-05-01,3,6,2,2,,6,3700,3000
862872,2017-11-19T02:57:47Z,95008,1981-10-20,2,1997-11-28,2,1,5,1,1981-10-01,1981-10-01,1,2,2013-05-01,13,1,13,5,,6,12000,4000
859446,2017-11-18T23:33:10Z,6690,1986-07-27,2,2003-07-05,4,0,,5,1990-05-01,1990-05-01,2,3,2015-01-01,10,1,12,2,,6,5200,3000
863228,2017-11-19T08:48:52Z,78910,1996-10-07,1,2016-03-02,3,1,1,5,2010-07-01,2010-07-01,16,20,,3,5,,,,5,2000,800
863528,2017-11-19T10:49:19Z,95136,1988-05-22,2,2016-06-17,4,0,,5,1991-02-01,1991-02-01,11,14,2016-05-01,8,1,11,2,10,2,8000,4000
863287,2017-11-19T09:07:07Z,95079,1998-01-27,2,2014-02-15,4,0,,1,2010-04-01,2010-04-01,11,14,2016-02-01,2,1,1,5,6,1,10238,4000
863975,2017-11-19T14:10:13Z,95230,1985-01-29,1,2006-11-01,1,2,10,1,1988-02-01,1988-02-01,15,18,2016-05-01,10,3,12,5,,6,5360,1600
863217,2017-11-19T08:44:25Z,95078,1988-05-26,2,2005-03-30,3,1,3,5,2015-06-01,2005-05-01,3,4,2017-02-01,5,1,11,2,5,1,11000,5000
862815,2017-11-19T01:00:42Z,10814,1994-10-24,2,2010-12-03,4,0,0,5,2010-12-10,2010-12-10,21,25,1970-01-10,2,4,,,11,2,30000,3000
864411,2017-11-19T17:35:04Z,85441,1992-02-17,1,2011-12-01,3,0,,5,2016-09-01,2005-02-01,15,18,2017-07-01,5,1,12,6,,6,5000,1800
862785,2017-11-19T00:18:09Z,94986,1985-01-08,1,2001-12-27,5,0,,5,1998-03-01,1998-03-01,3,4,2015-04-01,12,3,3,3,,6,7000,4000
863742,2017-11-19T12:25:49Z,95188,1996-04-19,2,2012-05-12,4,0,,1,2015-09-01,2015-09-01,20,24,,3,4,,,4,2,4000,2000
859390,2017-11-18T22:10:52Z,91800,1995-01-02,1,2011-02-07,1,1,1,5,1995-01-01,1995-01-01,3,4,2016-08-01,4,6,12,3,,6,6500,2700
863239,2017-11-19T08:53:43Z,95076,1960-05-21,1,2000-01-18,3,3,33,1,2011-01-01,2011-01-01,2,3,2015-03-01,27,3,12,6,6,2,5500,3700
862997,2017-11-19T06:40:34Z,94973,1995-05-08,1,2011-06-21,4,0,,1,2000-01-01,2000-01-01,7,9,2016-09-01,2,1,12,3,6,2,4000,800
863468,2017-11-19T10:23:44Z,95124,1993-09-15,1,2009-09-15,4,0,,5,2016-11-01,2016-11-01,1,2,2015-04-01,3,1,12,3,9,1,8000,3000
863139,2017-11-19T08:02:54Z,75486,1976-11-04,1,2000-09-13,2,1,18,5,2004-03-01,2004-03-01,16,20,2005-09-01,20,1,10,4,6,1,5500,2000
863166,2017-11-19T08:16:50Z,95068,1994-05-13,1,2015-12-03,3,0,,5,2015-12-01,2015-12-01,15,18,2015-12-01,2,1,5,5,4,1,5500,1209
863189,2017-11-19T08:28:15Z,77839,1990-04-05,2,2006-04-12,3,0,,5,2001-02-01,2001-02-01,6,8,2017-06-01,10,1,6,3,,6,4500,2000
864510,2017-11-19T18:15:07Z,95354,1997-06-22,2,2013-07-26,1,0,,5,2016-06-01,1997-06-01,8,12,2015-09-01,3,1,12,1,,6,16000,4000
864546,2017-11-19T18:27:21Z,95351,1996-07-21,1,2012-10-30,4,0,,1,2015-08-01,2017-01-01,17,26,2017-08-01,4,1,12,4,9,1,6000,5000
864264,2017-11-19T16:14:26Z,95304,1983-11-01,2,2008-09-12,3,1,13,1,2007-05-01,2017-04-01,10,12,2016-04-01,6,1,13,2,10,1,7000,3500
859440,2017-11-18T23:28:46Z,63683,1987-02-24,1,2008-10-23,3,1,6,5,2009-07-01,2009-07-01,3,4,2017-04-01,8,3,11,6,,6,4000,1500
863522,2017-11-19T10:47:30Z,95140,1984-06-03,1,2009-08-05,3,2,4,5,2010-02-01,1990-03-01,22,24,,8,5,,,4,2,10000,7000
862931,2017-11-19T04:56:07Z,94928,1993-06-19,2,2009-12-29,4,0,,3,2010-01-01,2010-01-01,3,4,2017-04-01,3,1,3,6,,6,5200,3000
864296,2017-11-19T16:29:08Z,95314,1988-11-03,1,2013-12-24,3,1,2,1,2007-08-01,2007-08-01,9,11,2008-01-01,11,3,12,6,10,1,3000,2000
863201,2017-11-19T08:32:06Z,94870,1985-08-13,2,2002-02-05,4,0,,1,2016-04-01,1987-05-01,8,22,2016-10-01,9,3,3,6,11,1,15000,10000
859448,2017-11-18T23:33:26Z,94979,1986-11-08,2,2016-05-20,4,1,1,5,2005-05-01,2005-05-01,3,4,2015-03-01,12,1,7,3,,6,8000,5000
864787,2017-11-19T21:12:02Z,95415,1992-02-28,2,2009-02-12,1,0,,1,2015-12-01,1992-02-01,8,4,2015-12-01,5,3,7,6,11,1,10000,5000
863248,2017-11-19T08:56:47Z,95065,1969-01-17,1,2011-07-20,5,1,28,1,2010-11-01,2010-11-01,3,4,2012-09-01,29,1,6,5,,6,4200,4200
863120,2017-11-19T07:53:23Z,87953,1987-05-27,1,2015-03-11,3,1,1,1,2011-04-01,2016-09-01,2,3,2014-01-01,8,3,10,6,6,1,5500,3500
864043,2017-11-19T14:41:39Z,94841,1984-09-25,1,2016-01-18,3,1,1,1,2014-04-01,2014-04-01,3,4,2011-03-01,6,3,11,6,,6,12000,10000
863924,2017-11-19T13:38:56Z,95226,1996-07-09,2,2012-11-27,4,0,,1,2013-04-01,2013-04-01,13,16,,3,4,,,5,1,5000,2500
863813,2017-11-19T12:46:29Z,95201,1996-03-24,2,2012-03-24,4,0,,5,2000-04-01,2000-04-01,12,15,,5,5,,,,6,5000,1000
863808,2017-11-19T12:45:23Z,95196,1995-06-28,2,2012-03-16,4,0,,1,1995-06-01,1995-06-01,23,27,2017-07-01,0,3,13,6,,6,10000,3000
864820,2017-11-19T21:44:16Z,50279,1994-01-10,1,2012-12-11,3,1,4,1,1994-01-10,1994-01-10,2,3,2011-03-10,7,6,12,6,4,1,7000,1200
863511,2017-11-19T10:44:55Z,95139,1990-06-01,2,2007-05-07,4,0,,5,2009-04-01,1990-06-01,18,25,2013-11-01,4,1,2,4,9,1,10000,4000
864834,2017-11-19T21:49:46Z,69749,1972-07-20,1,2008-01-31,3,0,,4,2012-10-01,2012-10-01,21,25,2016-08-01,14,1,8,4,,6,6000,3000
864049,2017-11-19T14:42:50Z,95253,1991-06-02,1,2009-03-31,3,2,8,1,2017-06-01,2014-08-01,8,20,2012-05-01,6,1,12,3,4,2,15000,11000
863335,2017-11-19T09:23:49Z,95090,1978-01-03,2,1996-03-22,3,0,,5,2016-02-01,2016-02-01,16,20,2012-04-01,5,1,13,3,,6,8000,3000
863008,2017-11-19T06:47:12Z,95033,1994-10-19,1,2011-02-03,4,0,,1,1994-10-01,1994-10-01,9,11,2016-08-01,2,1,12,5,4,2,8000,3000
863028,2017-11-19T07:03:54Z,95035,1988-09-12,2,2005-02-03,4,0,,5,2014-07-01,1988-09-01,7,5,2015-10-01,2,1,12,1,9,1,10000,6000
864015,2017-11-19T14:31:13Z,95250,1999-06-02,2,2017-03-11,4,0,,5,1999-03-01,1999-03-01,2,3,2016-03-01,0,3,3,3,,6,12000,5000
862975,2017-11-19T06:27:32Z,95026,1996-05-27,2,2012-06-27,4,0,,1,2010-12-01,2010-12-01,16,20,2016-09-01,1,1,12,1,4,1,4000,2000
863265,2017-11-19T09:00:09Z,95086,1990-11-13,1,2006-01-15,1,1,1,1,2016-05-01,2016-05-01,14,17,,4,5,,,11,1,3000,1000
857950,2017-11-18T10:11:04Z,94612,1976-08-01,1,2006-11-30,2,1,20,5,1980-02-01,1980-02-01,3,4,2003-09-01,25,1,10,2,6,1,6000,2800
863321,2017-11-19T09:21:33Z,95089,1991-05-22,2,2010-09-29,3,1,2,1,2015-07-01,2015-07-01,9,11,2015-03-01,9,1,2,5,9,2,11000,4000
863138,2017-11-19T08:02:46Z,95048,1996-03-06,2,2012-09-01,4,0,,1,1996-03-01,1996-03-01,8,10,2016-10-01,3,1,12,3,10,2,9000,7000
864203,2017-11-19T15:54:04Z,95296,1992-02-13,2,2008-05-21,4,0,,1,2008-04-01,2008-04-01,3,4,2011-06-01,6,1,6,5,11,2,8000,1500
863990,2017-11-19T14:18:32Z,95243,1983-05-09,2,2006-10-12,3,0,,5,1988-12-01,1988-12-01,16,20,2010-10-01,15,1,11,2,,6,10000,5000
864589,2017-11-19T18:49:40Z,95364,1978-04-03,1,2009-06-18,2,1,7,1,1998-04-01,1998-04-01,14,17,2001-01-01,16,1,11,3,,6,4000,1000
863245,2017-11-19T08:55:35Z,95061,1994-09-15,2,2011-01-17,4,0,,4,2011-01-01,2011-01-01,3,4,2015-04-01,5,1,6,1,,6,6000,1500
864527,2017-11-19T18:21:03Z,95359,1995-05-01,1,2011-05-24,4,0,,1,1995-05-01,1995-05-01,9,11,2017-09-01,6,3,11,6,4,1,7000,2000
864508,2017-11-19T18:14:48Z,95335,1995-07-28,2,2017-03-03,3,0,,1,2006-06-01,2006-06-01,18,22,2017-07-01,4,6,7,3,,5,3000,3000
864703,2017-11-19T20:18:44Z,94990,1946-11-26,1,2001-04-02,5,1,1,5,2005-03-01,2005-03-01,3,4,2005-02-01,5,1,11,1,,6,45000,2000
863699,2017-11-19T12:13:09Z,95185,1985-01-23,2,2001-06-13,3,1,8,2,2014-11-01,2014-11-01,13,16,2014-09-01,13,1,6,4,11,1,6500,2300
857533,2017-11-18T06:39:49Z,88994,1987-04-10,2,2003-09-22,3,1,5,1,2011-05-01,2011-05-01,4,6,2011-09-01,8,1,10,1,11,7,5000,2900
863666,2017-11-19T11:52:00Z,95175,1989-06-30,2,2007-11-20,4,0,,1,1989-06-01,1989-06-01,6,8,2017-03-01,0,1,13,1,4,2,3500,500
863374,2017-11-19T09:38:26Z,95101,1998-07-15,1,2014-09-02,4,0,,1,2016-02-01,2014-01-01,19,23,2016-08-01,1,1,12,6,,6,5000,1500
862916,2017-11-19T04:26:31Z,95018,1984-04-29,2,2016-11-22,3,1,10,5,1991-03-01,1991-03-01,8,10,2017-02-01,12,1,11,3,7,2,8500,7400
863536,2017-11-19T10:52:38Z,95137,1983-10-25,2,2016-10-04,4,0,,1,1983-10-01,1983-10-01,3,4,2016-06-01,5,1,11,5,,5,6000,5000
864481,2017-11-19T18:03:16Z,49876,1996-05-07,2,2012-07-04,1,0,0,4,2009-04-10,2009-04-10,18,22,2017-02-10,3,1,12,3,11,2,5000,2000
864206,2017-11-19T15:54:19Z,94020,1988-03-26,2,2004-06-01,3,1,2,1,1988-03-01,1988-03-01,3,4,2016-09-01,11,1,3,5,,6,27000,10000
854127,2017-11-17T23:36:23Z,94481,1988-01-24,2,2005-02-03,1,0,,5,1995-06-01,1995-06-01,3,4,2010-08-01,10,3,3,6,,6,15000,5000
858241,2017-11-18T12:00:04Z,94682,1992-04-06,2,2008-05-20,3,1,2,5,2016-04-01,2016-06-01,9,10,2016-03-01,8,1,2,5,1,1,25000,11000
858756,2017-11-18T15:57:31Z,94821,1970-07-12,2,1998-11-25,4,2,20,5,1990-11-01,1990-11-01,11,14,2016-01-01,11,6,13,6,,5,6800,300
859005,2017-11-18T18:19:01Z,40243,1986-09-05,2,2002-10-08,3,1,3,5,1986-09-01,1986-09-01,8,10,2010-10-01,8,1,12,3,4,1,15000,10
859136,2017-11-18T19:29:45Z,76694,1986-11-06,2,2004-10-11,3,1,7,1,1992-11-01,1992-11-01,12,15,2016-01-01,11,1,13,2,7,1,8000,3200
853830,2017-11-17T19:57:56Z,90555,1985-01-23,1,2006-11-01,1,1,9,5,2010-10-01,2010-10-01,8,10,2015-03-01,6,1,5,5,4,1,8000,4000
857687,2017-11-18T08:07:50Z,94564,1999-03-20,2,2015-04-14,4,0,,5,1999-03-01,1999-03-01,14,17,2017-02-01,1,1,11,2,,6,7000,4500
859368,2017-11-18T21:52:02Z,94956,1985-12-23,1,2009-03-26,2,1,8,2,2011-04-01,2011-04-01,8,10,2013-07-01,11,1,5,5,,6,8500,4000
857408,2017-11-18T02:25:11Z,94497,1986-01-01,2,2008-07-09,4,0,,1,2005-01-01,2005-01-01,1,2,2014-07-01,8,1,3,3,6,1,5000,3000
859027,2017-11-18T18:25:53Z,94887,1989-03-29,2,2005-06-03,1,0,,5,2000-08-01,2000-08-01,8,10,2015-05-01,8,1,12,5,4,1,11500,8000
859053,2017-11-18T18:35:38Z,94893,1991-08-17,2,2007-09-10,3,1,2,1,2016-02-01,2016-02-01,23,27,2016-10-01,1,1,1,1,11,1,8500,7000
859031,2017-11-18T18:27:03Z,94891,1997-07-29,2,2013-08-27,4,0,,1,2013-08-01,2013-08-01,6,8,2016-10-01,1,3,5,4,,6,5500,2500
854109,2017-11-17T23:13:32Z,94477,1991-02-15,1,2016-07-05,3,0,,1,1991-02-01,1991-02-01,12,15,2016-06-01,9,1,8,4,11,1,7000,3500
858360,2017-11-18T12:55:21Z,94720,1994-06-06,2,2010-10-27,3,0,,5,1994-06-01,1994-06-01,16,20,,4,5,,,,6,2000,1700
857550,2017-11-18T06:55:16Z,83865,1992-12-31,1,2009-02-27,4,0,,1,2016-03-01,2016-03-01,6,8,2016-06-01,6,1,12,6,,6,3200,2500
857502,2017-11-18T06:24:36Z,94517,1980-05-02,2,1996-06-13,3,1,1,5,2015-10-01,1980-05-01,18,17,2015-12-01,20,1,11,6,8,1,12000,6000
859193,2017-11-18T20:04:11Z,94920,1989-02-07,2,2005-09-28,4,0,,5,2005-09-01,2005-09-01,15,18,2009-04-01,10,3,3,6,2,2,6000,3500
859183,2017-11-18T19:57:56Z,94914,1995-09-26,2,2011-12-11,1,0,,5,1995-09-01,2015-09-01,4,6,2015-11-01,3,1,2,1,,5,7000,6000
857918,2017-11-18T09:55:05Z,94601,1991-05-08,2,2007-06-11,4,0,,1,1991-05-01,1991-05-01,20,24,2014-07-01,3,3,6,6,,5,10000,1500
858399,2017-11-18T13:04:51Z,94718,1992-04-11,2,2012-03-12,2,1,4,5,2004-05-01,2004-05-01,23,27,2014-02-01,3,3,3,6,,6,7000,4000
857976,2017-11-18T10:22:36Z,94626,1977-08-17,2,1995-08-18,2,1,14,4,2015-04-01,2008-05-01,8,5,2017-03-01,22,1,10,3,6,1,10000,7000
859144,2017-11-18T19:35:52Z,94905,1994-07-26,2,2010-10-05,4,0,,3,1994-07-01,1994-07-01,9,11,2016-05-01,5,6,6,5,,6,8000,5000
857794,2017-11-18T08:55:12Z,39194,1990-06-13,1,2015-10-21,3,1,1,5,2012-09-10,2012-09-10,4,6,2012-06-10,4,1,2,1,4,1,7000,4000
858510,2017-11-18T14:08:51Z,94744,1986-11-13,2,2011-12-24,4,0,,5,2017-09-01,1986-11-01,8,12,2017-07-01,13,1,3,1,,5,5300,2000
859215,2017-11-18T20:13:51Z,36825,1975-03-11,1,2003-02-20,3,2,13,3,1990-08-01,1990-08-01,4,6,2002-06-01,20,1,5,3,4,1,5600,500
857513,2017-11-18T06:27:49Z,94527,1995-01-06,2,2015-01-29,4,0,,1,1995-01-01,1995-01-01,9,11,2014-06-01,4,1,12,3,,3,8800,5000
858853,2017-11-18T16:59:23Z,94849,1973-12-10,1,2000-06-12,2,2,25,5,1993-01-01,1993-01-01,18,22,2005-10-01,23,3,11,6,10,1,9000,7000
854089,2017-11-17T22:49:21Z,94474,1988-11-12,2,2005-12-27,4,0,,5,1989-07-01,1989-07-01,7,9,2015-03-01,3,1,3,4,,6,6000,5000
857871,2017-11-18T09:35:18Z,94603,1984-01-10,1,2004-12-24,1,1,13,5,2012-05-01,1984-01-01,8,17,2016-05-01,10,1,6,5,4,1,11000,5000
853275,2017-11-17T15:49:16Z,86998,1993-09-12,1,2009-11-03,4,0,,1,1993-09-01,1993-09-01,19,23,2015-09-01,2,1,2,4,6,1,4500,1500
858159,2017-11-18T11:30:41Z,94657,1984-02-12,2,2000-09-28,3,2,10,5,1986-06-01,1986-06-01,18,22,2007-03-01,12,1,3,2,,5,8000,4500
858340,2017-11-18T12:47:07Z,92923,1991-09-18,1,2008-06-27,4,0,,5,1995-06-01,1995-06-01,8,10,2017-08-01,4,1,6,3,11,1,8000,3000
857346,2017-11-18T00:09:05Z,94486,1989-08-17,2,2005-11-01,4,0,,1,2003-06-01,2003-06-01,1,2,2010-02-01,10,1,6,2,5,1,7000,4000
858297,2017-11-18T12:21:35Z,94630,1951-09-16,2,1997-12-19,3,2,37,5,1986-01-01,1986-01-01,11,14,,39,2,,,11,1,3457,3457
858565,2017-11-18T14:25:15Z,94753,1992-10-05,2,2015-06-27,1,1,3,3,1992-10-01,1992-10-01,21,25,2017-05-01,2,3,3,4,,6,12000,3000
857858,2017-11-18T09:32:11Z,94599,1997-10-07,2,2014-02-15,4,0,,1,2017-08-01,1999-09-01,18,8,2017-08-01,1,1,11,4,,6,8000,4000
857768,2017-11-18T08:43:56Z,64012,1990-07-07,2,2006-11-03,4,0,,4,2015-02-01,2006-08-01,8,25,2015-01-01,7,1,8,3,7,1,8400,10
852126,2017-11-17T11:09:51Z,93498,1994-07-04,2,2011-01-10,4,0,,5,2010-03-01,2010-03-01,8,10,,3,4,,,10,2,4000,4000
853012,2017-11-17T14:41:52Z,94278,1993-10-25,2,2016-08-11,4,0,,1,1993-11-01,1993-11-01,8,10,2013-10-01,4,1,6,5,4,1,8500,3500
858345,2017-11-18T12:50:18Z,94717,1996-01-15,2,2012-03-05,4,0,,1,1996-01-01,1996-01-01,3,4,2016-02-01,2,1,2,5,2,2,6000,2500
857597,2017-11-18T07:27:57Z,94270,1998-10-17,2,2014-11-12,4,0,,1,2002-08-01,2002-08-01,16,20,,1,4,,,6,2,3000,1200
858600,2017-11-18T14:43:32Z,94778,1992-06-08,2,2009-04-07,4,0,,1,1992-06-01,1992-06-01,5,7,2015-09-01,5,1,2,1,4,2,8100,4500
853350,2017-11-17T16:17:33Z,94330,1995-06-26,1,2011-08-05,4,0,,1,2011-07-01,2011-07-01,3,4,2015-09-01,2,1,6,5,,6,3500,1500
859072,2017-11-18T18:43:39Z,94897,1997-08-29,2,2013-11-02,4,0,,1,2002-03-01,2002-03-01,13,16,2016-02-01,1,6,3,6,5,2,3500,3000
858497,2017-11-18T13:59:07Z,76731,1991-05-17,2,2007-11-01,4,0,,1,2007-11-01,2007-11-01,7,9,2017-05-01,6,1,12,1,3,1,4000,1
858955,2017-11-18T17:45:43Z,94830,1970-11-19,1,1997-08-08,3,2,26,5,1993-04-01,1993-04-01,18,22,2004-04-01,15,1,10,5,,5,5000,3000
858103,2017-11-18T11:10:52Z,94645,1988-10-28,2,2005-01-25,4,0,,1,1999-05-01,1999-05-01,1,2,2017-01-01,8,1,6,1,11,2,4500,1000
857809,2017-11-18T09:05:37Z,70345,1986-07-08,2,2002-11-14,3,1,3,5,1986-07-01,1986-07-01,8,10,2016-07-01,12,1,12,5,4,1,12000,4000
859296,2017-11-18T21:07:55Z,94936,1998-04-11,2,2014-07-22,4,0,,1,2016-01-01,2016-01-01,12,15,,0,4,,,11,2,1500,1000
857982,2017-11-18T10:23:36Z,94634,1992-10-27,2,2009-12-15,3,0,,1,1992-10-01,1992-10-01,20,24,2016-06-01,2,1,11,4,,6,3000,2500
857358,2017-11-18T00:25:45Z,94483,1991-09-27,1,2008-01-09,1,1,1,1,2016-06-01,2003-07-01,18,22,2016-10-01,9,3,12,6,11,1,2500,1800
858698,2017-11-18T15:29:55Z,48744,1995-01-02,2,2011-02-02,4,0,,5,1995-02-10,1995-02-10,16,20,,0,4,,,11,2,2800,800
857584,2017-11-18T07:21:35Z,48841,1989-01-23,1,2007-02-12,3,1,0,5,1997-12-10,1997-12-10,23,27,2012-09-10,5,1,13,5,,6,5000,1000
858613,2017-11-18T14:49:08Z,94777,1995-06-10,2,2011-09-06,4,0,,3,1995-06-01,1995-06-01,7,9,2017-10-01,4,1,10,5,11,1,3200,1200
858373,2017-11-18T12:57:19Z,94690,1997-09-26,1,2013-11-08,4,0,,1,2008-09-01,2008-09-01,20,24,2017-03-01,1,1,2,4,9,2,7000,7000
852802,2017-11-17T13:59:57Z,80512,1983-01-13,1,2008-08-28,3,1,9,3,2002-01-01,2002-01-01,5,7,2009-06-01,14,1,11,6,4,1,20000,7000
859079,2017-11-18T18:48:08Z,94515,1990-03-15,1,2014-07-01,3,2,10,3,2010-07-01,2004-09-01,10,12,2013-02-01,6,6,12,6,,6,3800,2500
858029,2017-11-18T10:35:35Z,94635,1996-12-18,2,2012-12-26,3,1,2,4,1996-12-01,1996-12-01,6,8,2015-06-01,2,1,6,5,,6,8000,7000
853724,2017-11-17T18:51:01Z,94393,1992-01-30,2,2012-12-20,1,0,,1,1992-02-01,1992-02-01,11,14,2017-03-01,7,1,6,1,11,2,18000,6500
857675,2017-11-18T08:04:12Z,94554,1998-10-16,2,2015-06-19,4,0,,3,2007-08-01,2007-08-01,13,16,2017-09-01,3,1,5,3,,6,8000,3000
859082,2017-11-18T18:49:14Z,94397,1998-04-26,2,2014-05-15,4,0,,6,2010-03-01,2010-03-01,23,27,2015-03-01,2,1,8,3,,5,6000,3000
859354,2017-11-18T21:42:44Z,94955,1998-03-26,2,2014-06-04,4,0,,3,1998-03-01,1998-03-01,2,3,2016-08-01,1,1,8,3,7,2,6000,2500
858039,2017-11-18T10:38:03Z,94629,1980-10-06,2,2005-06-07,4,0,,5,1990-05-01,1990-05-01,13,16,2016-09-01,1,3,11,6,,6,7000,5500
858210,2017-11-18T11:54:18Z,94659,1986-12-09,2,2003-06-12,3,1,3,3,2012-01-01,1991-01-01,6,8,2012-08-01,5,1,2,4,9,1,20000,7000
858878,2017-11-18T17:12:50Z,94855,1997-08-27,2,2014-02-22,4,0,,5,2009-06-01,2009-06-01,18,22,2016-01-01,2,6,11,5,,6,7000,6500
858136,2017-11-18T11:22:45Z,94653,1989-09-04,2,2013-01-30,4,0,,1,2017-02-01,2017-02-01,20,24,2017-02-01,5,1,1,5,1,1,8500,3500
858049,2017-11-18T10:40:43Z,94637,1984-05-07,1,2006-12-01,2,1,10,5,1987-03-01,1987-03-01,19,23,2016-08-01,12,6,11,3,11,2,4800,2000
859310,2017-11-18T21:12:32Z,80889,1985-12-18,1,2011-08-02,3,2,14,1,1985-12-01,1985-12-01,11,14,2015-05-01,6,1,12,6,,5,6500,2500
852858,2017-11-17T14:10:11Z,94240,1990-08-30,1,2007-07-11,4,0,,5,2010-06-01,2010-06-01,3,4,2014-10-01,10,1,12,3,4,2,7000,4000
857759,2017-11-18T08:39:25Z,94571,1994-04-26,1,2010-05-26,4,0,,3,2016-01-01,2016-01-01,14,17,2016-05-01,3,1,11,6,10,1,7500,5000
854105,2017-11-17T23:09:18Z,94479,1978-12-28,2,1996-05-05,3,2,16,5,2004-11-01,2004-11-01,3,4,2007-06-01,16,3,11,6,9,1,10000,6000
857861,2017-11-18T09:32:36Z,93347,1994-06-23,2,2010-07-28,3,0,,1,2014-10-01,1998-11-01,20,5,2013-02-01,4,1,1,5,,6,7500,2000
857352,2017-11-18T00:18:54Z,94487,1985-10-31,2,2002-10-14,3,1,1,5,1988-08-01,1988-08-01,19,23,2014-04-01,4,1,12,1,10,2,9000,4000
858280,2017-11-18T12:15:40Z,94687,1990-07-13,1,2014-03-11,3,1,3,1,2003-08-01,2003-08-01,20,24,2016-06-01,4,3,12,5,,5,6500,4000
858909,2017-11-18T17:23:38Z,94854,1979-04-12,2,1996-01-17,3,1,13,5,2015-03-01,2015-03-01,9,11,2016-12-01,1,1,6,1,3,1,120000,6000
858649,2017-11-18T15:07:15Z,74329,1994-08-12,2,2010-08-12,4,0,,5,2014-07-01,2014-07-01,8,10,,1,4,,,2,1,12000,8000
851463,2017-11-17T06:52:04Z,94036,1989-06-21,2,2005-08-09,2,0,,5,2011-03-01,2005-08-01,3,4,2011-06-01,9,1,6,5,,6,14500,2600
853678,2017-11-17T18:32:24Z,75600,1999-07-07,1,2015-09-05,4,0,,1,1999-07-01,1999-07-01,5,7,2017-07-01,3,1,12,6,,6,5000,4000
853736,2017-11-17T18:57:16Z,94406,1997-12-13,1,2014-02-12,1,1,1,5,2015-09-01,2015-09-01,23,27,,0,5,,,,5,2200,1000
852522,2017-11-17T12:53:09Z,73328,1994-09-02,1,2010-11-24,1,0,,1,2013-08-01,1995-07-01,1,24,2013-08-01,4,1,10,4,6,1,3500,500
853792,2017-11-17T19:30:20Z,94427,1997-01-13,2,2013-02-14,4,0,,1,2008-06-01,2008-06-01,20,24,,2,4,,,9,4,4500,2700
853680,2017-11-17T18:32:45Z,94400,1991-10-14,1,2010-02-06,4,1,1,5,2012-04-01,2012-04-01,6,8,2011-02-01,6,1,7,4,5,1,8200,3500
852697,2017-11-17T13:42:41Z,87810,1993-08-04,1,2017-01-03,3,2,6,5,2013-06-01,2013-06-01,14,17,,6,5,,,9,1,5000,4200
853701,2017-11-17T18:42:04Z,94402,1991-07-08,2,2007-12-28,3,0,,4,1991-07-01,1991-07-01,6,8,2016-07-01,6,1,12,3,,6,5500,1000
851558,2017-11-17T07:51:18Z,94049,1989-04-06,2,2014-12-11,3,0,,5,2014-10-01,1989-09-01,20,24,2007-10-01,10,1,11,1,,6,7500,1500
852926,2017-11-17T14:23:20Z,89493,1981-07-20,2,1998-04-08,3,0,,5,2008-06-01,2008-06-01,6,8,2017-05-01,16,1,13,5,11,1,4200,2000
852148,2017-11-17T11:13:35Z,71876,1988-03-04,2,2004-07-05,4,0,,1,2015-03-01,2004-07-01,15,18,2016-05-01,9,1,6,5,3,2,10000,5000
853850,2017-11-17T20:16:00Z,70096,1991-01-24,1,2013-07-03,3,1,1,5,1991-01-01,1991-01-01,5,7,2015-05-01,2,3,6,3,,5,6000,3500
853622,2017-11-17T18:08:26Z,94390,1992-08-27,2,2009-02-23,3,2,2,5,2008-07-01,2008-07-01,12,15,2010-06-01,7,1,6,2,,6,10000,4500
852948,2017-11-17T14:28:36Z,94256,1989-05-13,1,2005-08-03,4,0,,5,2009-01-01,2009-01-01,12,15,2011-08-01,6,1,10,1,9,1,5000,4000
852936,2017-11-17T14:24:57Z,52351,1997-06-04,2,2013-07-03,4,0,,5,2014-09-10,2014-09-10,11,14,1970-01-01,4,4,,,4,2,3800,2100
853810,2017-11-17T19:46:15Z,94432,1994-06-21,1,2013-08-20,3,2,4,1,2005-06-01,2005-06-01,3,4,2017-06-01,4,1,12,5,4,2,5700,3200
853455,2017-11-17T17:00:13Z,94347,1985-04-24,2,2003-01-25,3,2,9,5,2016-03-01,2016-03-01,17,21,2003-07-01,14,1,1,5,1,1,14900,12000
851598,2017-11-17T08:10:16Z,64641,1991-04-13,1,2007-06-06,1,1,4,1,2015-06-10,2015-06-10,20,24,2017-06-10,0,1,12,4,,6,4500,4500
853213,2017-11-17T15:32:09Z,94306,1992-06-26,2,2008-08-07,4,0,,1,2016-06-01,1992-06-01,6,8,2017-03-01,1,1,2,4,9,1,10000,6000
851496,2017-11-17T07:15:05Z,73825,1994-03-05,1,2014-10-23,3,1,3,1,2001-11-01,2001-11-01,18,22,,4,5,,,,6,9000,1000
853460,2017-11-17T17:01:19Z,94336,1992-02-04,2,2010-01-21,4,0,,4,1993-01-01,1993-01-01,9,11,2017-06-01,6,1,6,3,11,1,14000,5000
853166,2017-11-17T15:17:33Z,38641,1998-12-03,2,2015-01-26,4,0,,1,1998-12-10,1998-12-10,14,17,2017-04-10,0,1,11,1,,5,3200,3200
852506,2017-11-17T12:47:12Z,94179,1984-03-27,1,2010-12-07,3,1,6,3,2009-03-01,2009-03-01,6,8,2016-11-01,1,1,6,3,4,2,5000,3000
852683,2017-11-17T13:41:55Z,65883,1992-10-07,2,2009-04-09,4,0,,1,2013-07-01,2013-07-01,11,14,2017-04-01,0,1,6,1,11,1,5000,10
853121,2017-11-17T15:06:54Z,84702,1995-08-03,1,2016-03-09,3,0,,1,2012-07-01,2012-07-01,22,26,2016-12-01,4,1,12,6,,6,3900,2600
853593,2017-11-17T17:58:23Z,94372,1999-01-28,1,2015-03-05,4,0,,5,2013-01-01,2004-06-01,8,20,,0,4,,,9,2,5000,2000
852156,2017-11-17T11:14:20Z,75684,1995-07-05,2,2012-04-10,3,1,1,1,2016-12-01,2013-01-01,3,4,2016-01-01,5,1,12,2,,6,6500,4500
851668,2017-11-17T08:36:33Z,54574,1983-08-01,2,1999-09-16,3,1,3,5,2011-10-10,2011-10-10,10,12,2010-09-10,10,1,2,3,11,1,6200,2500
847977,2017-11-16T22:09:22Z,93942,1995-08-02,2,2012-01-05,4,0,,5,2004-06-01,2004-06-01,10,12,2013-04-01,5,6,6,6,,6,10000,6000
847246,2017-11-16T16:06:18Z,93822,1982-09-09,2,1999-05-13,3,2,9,1,1989-08-01,1989-08-01,18,22,2017-02-01,18,1,12,6,,6,10000,5000
852173,2017-11-17T11:16:42Z,94150,1986-06-04,1,2005-03-15,2,1,12,5,2001-06-01,2001-06-01,8,10,2013-05-01,6,1,11,6,4,1,10000,8000
853789,2017-11-17T19:29:01Z,94425,1990-11-15,2,2012-06-21,4,0,,1,1990-11-01,2010-08-01,8,10,2017-03-01,7,1,5,1,11,1,8000,3000
853904,2017-11-17T20:43:59Z,94447,1996-02-06,2,2012-03-26,4,0,,5,2002-08-01,2002-08-01,3,4,2015-09-01,2,1,6,5,,6,5300,3100
851828,2017-11-17T09:22:52Z,94080,1990-08-29,2,2006-10-03,3,1,1,5,1997-04-01,1997-04-01,8,10,2016-08-01,7,1,5,2,4,1,20000,15000
851825,2017-11-17T09:22:30Z,94081,1995-11-30,2,2012-02-28,4,0,,1,1995-12-01,1995-12-01,3,4,2017-06-01,0,1,6,5,11,1,7000,4000
852672,2017-11-17T13:40:28Z,94232,1990-10-24,1,2012-08-16,1,2,4,1,2013-09-01,2013-09-01,9,11,2014-01-01,9,6,10,1,10,1,1000,1000
852128,2017-11-17T11:10:50Z,93019,1987-04-10,1,2009-11-26,3,1,6,1,2012-09-01,2012-09-01,9,11,2010-09-01,10,1,10,1,8,1,4000,3000
852670,2017-11-17T13:40:08Z,63296,1988-02-28,1,2008-04-22,3,1,8,1,2007-06-01,1989-02-01,13,16,2016-06-01,10,1,13,3,5,2,7000,1000
852467,2017-11-17T12:37:41Z,10098,1992-03-04,2,2008-11-19,1,0,,1,2015-06-01,2010-10-01,8,24,2016-06-01,7,1,3,3,6,1,12000,9000
852777,2017-11-17T13:56:48Z,66811,1993-03-02,1,2014-10-23,3,2,1,5,1993-03-10,1993-03-10,18,22,1970-01-01,1,5,,,,6,4700,2000
853628,2017-11-17T18:10:25Z,94086,1952-05-15,2,1996-06-21,1,1,45,5,1997-06-01,1997-06-01,8,10,2017-08-01,48,1,4,6,6,1,15000,8000
851567,2017-11-17T07:55:04Z,30929,1981-06-28,2,1997-10-01,3,1,12,4,2017-10-01,2017-10-01,12,15,2003-09-01,14,1,2,2,3,1,7000,10
851685,2017-11-17T08:40:56Z,81692,1985-09-07,2,2001-11-09,4,0,,1,1985-09-01,1985-09-01,22,26,2014-05-01,10,1,8,5,7,1,9000,6000
848041,2017-11-16T23:19:06Z,93990,1974-07-20,2,2000-03-13,2,0,,1,1991-02-01,1991-02-01,1,2,1997-02-01,20,3,11,6,,6,10000,1000
852842,2017-11-17T14:06:56Z,94249,1991-03-16,2,2007-08-01,4,0,,1,1996-07-01,1996-07-01,21,25,2016-06-01,5,1,13,5,11,2,5500,3500
852253,2017-11-17T11:41:11Z,94048,1993-01-11,1,2009-01-22,1,0,,5,2001-06-01,2001-06-01,8,10,2017-03-01,5,1,10,2,6,1,5000,2000
853167,2017-11-17T15:17:36Z,93386,1989-11-25,1,2006-06-08,4,0,,5,2014-11-01,2014-11-01,6,8,2007-09-01,10,1,10,5,10,1,2600,2600
846969,2017-11-16T14:46:27Z,93788,1975-11-08,1,2002-02-02,3,3,19,5,2017-09-01,2017-09-01,7,9,,9,5,,,,6,8000,8000
853154,2017-11-17T15:12:45Z,74465,1997-12-14,2,2014-04-10,4,0,,1,2016-10-01,2016-10-01,8,10,,1,5,,,,3,7500,1700
853482,2017-11-17T17:07:17Z,94357,1985-09-18,2,2001-11-07,4,0,,5,2009-09-01,2009-09-01,1,2,,10,5,,,4,1,5000,500
852234,2017-11-17T11:36:03Z,94151,1995-12-07,2,2012-04-18,4,0,,5,2000-09-01,2000-09-01,13,16,2016-11-01,2,1,6,2,,5,9000,5000
853391,2017-11-17T16:37:05Z,63611,1992-05-31,1,2008-06-12,2,1,4,5,2015-09-01,2015-09-01,21,25,2012-07-01,5,1,8,5,,6,6000,1500
853555,2017-11-17T17:32:50Z,94365,1988-11-21,2,2005-04-06,4,0,,1,1995-05-01,1995-05-01,18,22,2009-05-01,8,1,3,6,2,1,8000,4000
851560,2017-11-17T07:53:30Z,94045,1994-11-27,2,2011-01-20,4,0,,1,1994-11-01,1994-11-01,17,21,2016-04-01,2,1,2,1,,6,6000,3000
852667,2017-11-17T13:39:44Z,94205,1990-06-30,1,2014-09-03,2,1,3,2,1998-04-01,1998-04-01,13,16,2017-05-01,5,1,12,6,6,2,6000,3000
852401,2017-11-17T12:18:17Z,94174,1982-01-26,1,2007-09-21,3,2,16,5,2012-10-01,2012-10-01,14,17,2016-11-01,12,1,8,4,4,2,9000,5000
851439,2017-11-17T06:33:19Z,78557,1986-05-17,2,2002-09-21,4,0,,5,1987-05-01,1987-05-01,15,18,2016-05-01,7,6,3,6,10,7,6000,3500
852615,2017-11-17T13:22:57Z,94220,1986-01-29,2,2003-05-15,2,1,9,3,1996-02-01,1996-02-01,15,18,2010-12-01,7,1,2,2,4,1,9700,5000
852287,2017-11-17T11:49:12Z,87936,1993-11-12,1,2009-11-12,4,0,,4,1993-11-01,1993-11-01,5,7,2013-05-01,5,1,4,6,,3,8000,2600
852761,2017-11-17T13:52:40Z,94236,1990-07-14,1,2006-08-11,4,0,,5,1990-07-01,1990-07-01,12,15,2017-05-01,7,1,2,2,9,1,3000,2700
848023,2017-11-16T22:48:24Z,89448,1977-06-19,2,1999-03-26,1,1,2,5,1999-03-01,1999-03-01,14,17,2006-06-01,25,1,10,5,,6,8700,2000
852922,2017-11-17T14:22:41Z,94259,1997-08-15,2,2013-09-12,1,0,,3,2007-09-01,2007-09-01,14,17,,7,4,,,11,1,17000,12000
853088,2017-11-17T15:01:29Z,94283,1992-12-10,2,2009-07-29,4,0,,5,2016-05-01,2016-05-01,11,14,2017-05-01,4,1,12,3,3,1,7000,5000
851718,2017-11-17T08:51:55Z,76821,1996-10-21,1,2016-06-03,3,1,1,4,1996-10-01,1996-10-01,14,17,2016-09-01,2,3,10,6,,6,5000,2000
851892,2017-11-17T09:48:42Z,93757,1977-03-27,2,1996-03-20,2,2,17,4,2017-06-01,1982-02-01,8,3,2001-01-01,20,3,7,6,11,2,40000,25000
853969,2017-11-17T21:23:34Z,94457,1970-02-02,1,2004-01-02,3,1,26,5,2004-10-01,2004-10-01,20,24,1991-02-01,31,1,8,5,7,2,6000,800
853928,2017-11-17T21:01:49Z,94449,1991-12-15,1,2008-01-17,4,1,6,5,2010-02-01,2010-02-01,6,8,2012-06-01,5,1,11,2,6,1,7000,3000
851308,2017-11-17T01:28:54Z,94010,1986-10-22,2,2002-10-23,4,0,,5,2003-09-01,2003-09-01,4,6,2014-11-01,12,1,6,3,,6,7200,3100
853448,2017-11-17T16:58:11Z,93887,1995-01-05,2,2016-01-29,4,0,,5,1995-01-01,1995-01-01,14,17,2016-04-01,0,6,3,3,,3,8450,2300
847406,2017-11-16T17:04:49Z,93848,1994-03-27,2,2010-06-10,4,0,,1,2000-05-01,2000-05-01,3,4,2013-09-01,5,1,6,5,11,2,7000,3500
853941,2017-11-17T21:09:53Z,94455,1989-09-21,1,2016-11-08,3,0,,3,2015-04-01,1989-09-01,9,2,2016-05-01,8,1,12,3,11,1,6800,2200
852745,2017-11-17T13:47:46Z,94204,1984-12-13,2,2001-10-23,3,1,1,5,1991-09-01,1991-09-01,3,4,2017-03-01,15,3,3,4,4,1,15000,8000
853217,2017-11-17T15:33:35Z,94310,1992-11-15,2,2008-11-21,4,0,,2,2016-02-01,1992-11-01,19,23,2014-09-01,7,1,7,1,11,1,13000,4500
851392,2017-11-17T05:11:00Z,94025,1989-02-25,1,2015-12-11,3,1,2,5,1999-02-01,1999-02-01,6,8,2014-09-01,9,1,12,5,10,1,8500,6000
853132,2017-11-17T15:08:53Z,94286,1983-11-16,2,2000-10-28,4,0,,5,1991-08-01,1991-08-01,20,24,2013-11-01,13,3,7,5,4,2,7500,2000
851824,2017-11-17T09:22:21Z,82319,1978-11-19,2,1996-04-23,4,0,,5,2005-05-01,2005-05-01,9,11,2013-09-01,20,1,2,1,5,1,8000,1500
853542,2017-11-17T17:27:05Z,94363,1997-09-23,2,2014-03-18,4,0,,4,1997-09-01,1997-09-01,20,24,2016-08-01,1,1,8,5,,5,2000,1000
853072,2017-11-17T14:56:34Z,81903,1970-02-28,2,2007-09-21,3,2,18,5,2015-06-01,2007-07-01,4,6,2015-03-01,15,1,12,4,,6,5500,2500
852569,2017-11-17T13:12:19Z,21414,1996-09-21,2,2013-04-04,4,0,,5,2013-09-10,2013-09-10,20,24,1970-01-01,3,4,,,10,1,2000,900
852959,2017-11-17T14:30:29Z,94260,1988-06-18,2,2007-09-01,3,1,1,4,2016-08-01,2016-08-01,19,23,2013-04-01,4,1,2,4,,5,7100,4000
852546,2017-11-17T13:02:27Z,94209,1989-07-07,2,2008-12-10,3,1,2,4,1989-07-01,1989-07-01,11,14,,12,5,,,,6,8000,3500
853432,2017-11-17T16:47:15Z,94350,1997-07-31,2,2013-11-02,4,0,,1,2013-09-01,2013-09-01,1,2,,2,4,,,8,2,5500,3000
845999,2017-11-16T09:38:10Z,93618,1993-09-03,2,2014-12-11,4,0,,4,2016-10-01,1993-09-01,4,6,2017-08-01,0,1,2,1,4,2,10000,4000
847457,2017-11-16T17:27:09Z,93838,1989-11-29,1,2008-10-10,2,2,9,1,2010-11-01,2010-11-01,2,3,2010-08-01,9,3,12,6,,5,6200,6200
846449,2017-11-16T12:15:21Z,80970,1962-02-19,1,1996-11-25,3,3,31,5,1998-11-01,1998-11-01,13,16,2008-01-01,9,3,11,6,9,1,14000,3500
845924,2017-11-16T09:17:53Z,20884,1992-05-19,2,2008-08-26,4,0,,1,1992-05-01,1992-05-01,4,6,,0,4,,,11,1,6000,10
845975,2017-11-16T09:33:52Z,88829,1996-12-04,2,2013-01-10,4,0,,5,1996-12-01,1996-12-01,14,17,2014-06-01,3,1,8,4,,6,7000,6000
846652,2017-11-16T13:22:30Z,26005,1999-02-05,2,2015-12-16,4,0,,5,2015-02-10,2015-02-10,4,6,2016-10-10,1,1,10,2,6,2,9900,500
846183,2017-11-16T10:40:02Z,93608,1978-12-28,2,2005-03-31,4,0,,5,2005-04-01,2005-04-01,19,23,2012-02-01,5,1,8,1,,6,4000,2000
847691,2017-11-16T19:26:00Z,93923,1995-03-27,2,2011-10-11,4,0,,3,2000-05-01,2000-05-01,8,10,2017-10-01,6,1,12,2,,6,11000,2500
845915,2017-11-16T09:11:55Z,47124,1991-07-19,2,2016-08-28,4,0,,5,1993-12-10,1993-12-10,9,11,2015-06-10,6,1,11,6,,6,7800,2800
847449,2017-11-16T17:24:02Z,73185,1988-08-02,2,2006-07-04,4,0,,5,2014-04-01,2005-03-01,2,18,2011-04-01,5,1,4,1,10,1,16000,3000
845756,2017-11-16T07:42:55Z,93581,1996-10-04,2,2013-03-28,4,0,,1,2013-06-01,2013-06-01,9,11,2017-08-01,2,1,12,2,,5,8000,4300
847416,2017-11-16T17:09:56Z,93847,1987-03-25,1,2006-09-22,3,3,7,1,2006-08-01,2006-08-01,15,18,2007-10-01,12,6,12,1,,6,4000,500
846233,2017-11-16T10:54:28Z,92620,1990-01-06,2,2007-12-25,4,0,,5,2011-01-01,2011-01-01,3,4,,8,5,,,,6,5000,2000
847959,2017-11-16T21:46:54Z,93967,1989-03-08,1,2005-03-26,4,0,,1,1998-12-01,1998-12-01,10,12,2013-07-01,7,1,6,2,,6,4700,500
847092,2017-11-16T15:33:11Z,93783,1997-01-25,2,2013-03-05,4,0,,1,2012-09-01,2012-09-01,18,22,,4,4,,,3,2,8000,2500
847301,2017-11-16T16:26:50Z,93826,1994-12-15,2,2011-03-15,3,1,4,5,1994-12-01,1994-12-01,4,6,2017-07-01,0,1,3,4,,6,16000,5000
845672,2017-11-16T07:16:00Z,93565,1987-09-25,1,2009-12-01,3,1,1,1,2012-08-01,2007-08-01,12,15,2016-06-01,5,3,12,6,10,2,3000,2000
847272,2017-11-16T16:14:56Z,93827,1993-08-13,1,2009-08-27,4,0,,5,2010-09-01,1994-01-01,23,27,2014-05-01,3,1,12,5,3,1,6500,3000
847634,2017-11-16T18:54:33Z,93901,1985-06-11,2,2009-12-03,4,0,,1,1989-06-01,1989-06-01,8,10,2017-04-01,6,1,11,3,,3,7500,3000
846913,2017-11-16T14:33:38Z,86680,1990-10-19,2,2006-10-24,3,2,5,4,2001-11-01,2001-11-01,9,11,2016-02-01,8,1,3,3,2,2,7500,3000
846624,2017-11-16T13:13:11Z,84903,1996-11-13,2,2013-01-04,4,0,,5,2005-05-01,1998-09-01,3,4,2016-05-01,0,1,6,5,,6,3200,2700
847602,2017-11-16T18:35:17Z,93893,1985-01-21,2,2002-06-26,2,0,,1,2016-04-01,2011-11-01,11,14,2009-08-01,10,1,6,5,4,1,9000,1800
846473,2017-11-16T12:24:22Z,93718,1986-08-31,1,2003-03-03,3,1,11,4,2016-01-01,2016-01-01,22,26,2008-08-01,9,1,4,2,4,1,4500,2000
846139,2017-11-16T10:25:47Z,93660,1996-05-14,2,2012-12-21,4,0,,4,2014-08-01,1996-05-01,21,25,2017-04-01,3,1,12,1,11,1,6500,2000
842237,2017-11-15T23:08:21Z,92767,1967-07-15,1,2012-06-15,2,2,27,5,2014-08-01,1972-06-01,9,12,2015-02-01,25,1,2,4,10,2,5200,2800
845742,2017-11-16T07:36:54Z,93577,1996-07-07,2,2016-08-16,4,0,,1,2008-12-01,2008-12-01,12,15,2015-02-01,2,1,7,6,4,1,8200,8000
846576,2017-11-16T12:54:58Z,93732,1995-04-05,2,2012-01-20,4,0,,1,1995-04-01,1995-04-01,9,11,2015-03-01,3,1,2,1,,6,9500,4250
846709,2017-11-16T13:43:53Z,93766,1998-06-05,1,2014-06-12,1,0,,5,2000-05-01,2000-05-01,18,22,2015-02-01,2,6,12,6,,6,6000,2500
847904,2017-11-16T20:58:05Z,93957,1993-05-22,2,2010-01-21,4,0,,1,1993-05-01,1993-05-01,21,25,2017-03-01,1,1,3,2,,6,5500,3500
846019,2017-11-16T09:42:20Z,93641,1972-02-24,2,2009-04-02,2,2,13,5,2015-08-01,2006-06-01,9,11,2015-01-01,25,1,12,6,,6,8000,6000
846884,2017-11-16T14:25:19Z,93771,1995-10-06,2,2013-02-20,4,0,,1,1995-10-01,1995-10-01,22,26,2017-09-01,3,1,10,4,4,1,4500,1500
845964,2017-11-16T09:32:03Z,93633,1995-06-25,2,2011-09-29,4,0,,5,2012-04-01,2012-04-01,16,20,2014-06-01,3,1,11,1,,6,10000,3000
847797,2017-11-16T20:04:35Z,93938,1996-12-25,1,2013-03-01,4,0,,1,2017-03-01,2003-08-01,9,5,,0,4,,,9,2,6000,5000
845775,2017-11-16T08:00:34Z,93584,1981-10-07,2,1998-05-20,1,1,11,5,2014-01-01,2014-01-01,3,4,2016-09-01,12,1,11,1,9,1,9000,4000
842225,2017-11-15T22:59:56Z,31260,1996-07-11,2,2012-07-17,3,1,1,4,2012-07-10,2012-07-10,4,6,2013-06-10,3,3,11,6,4,2,6000,4300
845739,2017-11-16T07:36:04Z,7865,1993-12-29,2,2010-06-03,3,1,1,5,2016-03-10,2016-03-10,10,12,2016-01-01,2,1,2,2,11,2,6200,3500
847800,2017-11-16T20:05:08Z,93932,1992-01-01,1,2012-11-08,2,1,6,1,2011-09-01,1994-05-01,14,17,2015-01-01,0,6,12,6,,3,5000,1000
847052,2017-11-16T15:20:48Z,93805,1996-01-05,2,2012-01-19,4,0,,2,2015-09-01,2015-09-01,18,22,2016-09-01,1,6,11,3,11,2,7000,3000
846342,2017-11-16T11:32:19Z,21177,1973-03-15,2,2015-02-21,3,2,4,1,2015-01-10,2010-01-10,13,16,2015-01-10,25,3,6,6,,6,5000,2000
845715,2017-11-16T07:30:52Z,93570,1985-03-11,1,2015-01-17,3,1,10,1,2004-03-01,2004-03-01,3,4,2010-03-01,7,3,3,3,,5,7000,1000
845932,2017-11-16T09:23:22Z,93627,1996-04-12,2,2012-05-08,4,0,,1,1998-07-01,1998-07-01,8,10,2016-01-01,1,1,11,6,4,2,11000,8000
847386,2017-11-16T16:58:50Z,91107,1994-01-25,1,2014-02-27,1,2,3,1,2015-03-01,2015-03-01,18,22,,2,5,,,4,1,6000,5000
846866,2017-11-16T14:20:33Z,93784,1991-09-03,2,2007-11-02,4,1,2,1,1992-05-01,1992-05-01,7,9,2017-05-01,7,1,12,5,,6,5000,2400
845791,2017-11-16T08:06:38Z,93595,1983-05-12,1,2003-01-20,1,2,7,5,2000-05-01,2000-05-01,12,15,2015-01-01,12,1,9,3,,5,6000,3000
847501,2017-11-16T17:48:59Z,37043,1986-06-20,2,2016-02-08,4,0,,5,2011-06-01,2011-06-01,3,4,2017-01-01,10,1,6,5,9,1,7900,3500
846978,2017-11-16T14:51:08Z,74226,1987-10-02,2,2003-12-03,4,0,,5,2003-12-01,2003-12-01,14,17,2014-05-01,7,1,7,3,11,1,6000,3000
845588,2017-11-16T06:14:25Z,93555,1967-12-23,1,2005-04-18,3,2,30,5,2003-04-01,2003-04-01,3,4,2014-02-01,25,1,11,1,11,1,7500,2000
846372,2017-11-16T11:41:21Z,25002,1995-07-02,2,2011-10-19,4,0,,1,2016-10-10,2016-10-10,11,14,2016-01-10,4,6,9,3,,6,5000,3500
846684,2017-11-16T13:35:16Z,93753,1991-05-18,1,2007-07-31,4,2,6,5,2011-07-01,2011-07-01,6,8,2016-03-01,1,1,12,6,,5,3200,1000
842263,2017-11-15T23:50:16Z,93523,1987-10-26,2,2003-11-21,4,0,,1,1987-10-01,1987-10-01,9,11,2014-04-01,4,3,11,6,,5,7500,4000
847001,2017-11-16T15:00:54Z,33585,1996-05-31,2,2012-07-09,4,0,,1,2016-01-01,2005-11-01,13,16,2017-08-01,3,1,12,3,,6,11000,2000
846216,2017-11-16T10:51:27Z,93644,1991-05-28,2,2017-11-10,4,0,,1,1991-06-01,1991-06-01,14,17,2017-02-01,1,1,13,1,,3,3200,1500
847733,2017-11-16T19:42:34Z,93650,1995-03-26,1,2011-04-15,4,0,,1,1997-03-01,1997-03-01,3,4,2015-08-01,4,1,2,4,9,2,5000,1500
847916,2017-11-16T21:00:29Z,93953,1994-09-18,2,2010-11-12,3,0,,5,1994-09-01,1994-09-01,9,11,2014-04-01,2,3,3,6,4,1,4600,2300
846448,2017-11-16T12:15:08Z,93710,1981-11-12,1,2012-01-11,3,1,15,5,2011-08-01,2011-08-01,16,20,2001-06-01,16,1,2,3,11,1,6000,1000
847658,2017-11-16T19:10:10Z,93912,1976-04-12,1,1997-08-14,4,1,17,1,2008-01-01,2008-01-01,18,22,2016-01-01,20,1,12,6,,6,12000,4000
846097,2017-11-16T10:12:04Z,93562,1988-12-29,1,2008-07-21,2,2,8,5,2014-06-01,1988-12-01,22,7,2014-06-01,5,1,12,6,,6,6000,3000
846915,2017-11-16T14:34:16Z,93782,1992-02-27,2,2008-02-27,3,1,1,3,2014-07-01,1992-02-01,3,4,2015-05-01,8,1,13,5,11,1,10300,4500
842219,2017-11-15T22:57:50Z,93520,1994-10-13,2,2011-02-07,4,0,,5,1995-04-01,1995-04-01,3,4,2016-02-01,4,1,11,2,6,1,10000,4500
845574,2017-11-16T06:03:39Z,61688,1998-12-12,1,2015-05-08,4,0,,5,1998-12-10,1998-12-10,11,14,1970-01-01,0,4,,,,6,6000,2000
847427,2017-11-16T17:13:13Z,82366,1973-09-23,2,1996-11-28,2,1,27,5,2010-11-01,1985-06-01,6,8,1995-09-01,15,3,6,6,,6,4000,2000
847617,2017-11-16T18:44:41Z,93897,1982-05-22,2,1998-06-25,1,0,,1,1991-12-01,1991-12-01,12,15,2016-09-01,1,1,12,1,,6,4500,3000
841534,2017-11-15T16:18:50Z,55795,1986-07-18,1,2009-11-03,3,1,6,1,1986-08-10,1986-08-10,11,14,2015-07-10,10,1,6,5,4,1,4000,3000
847870,2017-11-16T20:38:58Z,93950,1991-03-02,2,2008-10-03,4,0,,1,1991-03-01,1991-03-01,21,25,2013-05-01,9,1,3,6,11,1,7500,6500
847540,2017-11-16T18:00:38Z,93857,1980-11-23,1,2006-05-12,3,3,20,5,1997-08-01,1997-08-01,11,14,2013-11-01,21,6,10,3,6,1,3000,2000
845615,2017-11-16T06:51:12Z,93556,1996-05-30,2,2015-08-01,4,0,,5,2003-05-01,1996-04-01,9,10,2015-09-01,2,1,2,2,6,2,6500,3000
840271,2017-11-15T09:27:27Z,65442,1990-10-17,1,2014-09-05,3,1,0,1,2008-09-10,2008-09-10,3,4,2014-11-10,2,6,12,4,,5,5000,2000
841113,2017-11-15T14:20:09Z,93337,1973-08-13,2,2001-11-15,2,1,23,5,2004-09-01,2004-09-01,6,8,2000-01-01,25,1,12,6,11,2,8000,6000
839816,2017-11-15T02:12:11Z,93078,1964-05-09,2,2009-12-21,1,0,,5,2001-01-01,2001-01-01,13,16,2015-05-01,2,6,7,2,4,2,8000,4000
840569,2017-11-15T11:03:57Z,93159,1990-11-18,2,2016-10-21,4,0,,5,2013-05-01,2013-05-01,4,6,2017-10-01,5,3,11,2,,6,5000,5000
840786,2017-11-15T12:26:47Z,75926,1997-11-11,2,2014-02-05,4,0,,5,2015-09-01,2015-09-01,18,22,2017-03-01,1,6,11,3,3,2,6000,5000
840181,2017-11-15T08:48:44Z,93148,1990-01-05,2,2007-02-26,4,0,,1,2010-01-01,1990-01-01,21,17,2015-10-01,3,1,12,1,,5,3000,1000
840117,2017-11-15T08:26:33Z,93140,1996-01-28,2,2012-01-28,4,0,,1,1996-01-01,1996-01-01,14,17,2016-01-01,4,6,11,6,9,1,4000,1000
836112,2017-11-14T18:09:04Z,86277,1998-04-07,2,2014-05-22,4,0,,1,1999-10-01,1999-10-01,1,2,2017-08-01,1,1,12,5,,6,1000,2500
840712,2017-11-15T11:56:12Z,93252,1994-09-21,2,2010-09-30,3,0,,1,2017-10-01,2017-10-01,18,22,2010-10-01,7,3,4,6,4,1,9000,1000
841029,2017-11-15T13:53:00Z,92306,1953-08-27,1,1996-01-20,2,2,40,5,1996-01-01,1996-01-01,9,11,,35,2,,,,3,7000,3000
840704,2017-11-15T11:52:04Z,91615,1992-12-19,2,2009-02-16,4,0,,5,2015-04-01,1992-12-01,19,23,2015-04-01,2,1,12,5,10,2,7200,1200
841697,2017-11-15T17:35:01Z,93113,1999-06-17,2,2015-11-11,4,0,,4,2013-07-01,2013-07-01,20,24,2017-09-01,0,1,11,5,,6,6000,2000
836324,2017-11-14T20:10:01Z,86066,1994-05-20,1,2010-06-18,4,0,,1,2014-07-01,1994-05-01,9,1,2016-08-01,3,6,10,4,6,1,5000,6000
840403,2017-11-15T10:24:43Z,93196,1996-02-07,2,2012-03-06,4,0,,1,2013-09-01,2013-09-01,13,16,,5,4,,,10,1,3000,1000
841717,2017-11-15T17:45:56Z,93427,1960-11-19,2,2005-09-22,3,1,30,5,2008-09-01,1970-08-01,10,12,2011-05-01,32,1,8,5,11,1,5440,3000
839855,2017-11-15T04:03:16Z,93087,1998-04-07,2,2014-05-07,4,1,1,6,2002-07-01,2002-07-01,3,4,,3,4,,,,5,2470,1500
840476,2017-11-15T10:39:21Z,93163,1982-10-14,2,1999-02-16,4,2,5,5,1999-02-01,1999-02-01,3,4,2005-10-01,18,1,11,1,11,2,8000,6500
840496,2017-11-15T10:44:37Z,93194,1984-11-05,2,2001-02-19,3,1,9,5,1984-11-01,1984-11-01,12,15,2010-03-01,12,3,12,6,,6,6800,5000
839838,2017-11-15T02:47:45Z,93083,1978-10-21,2,2004-03-10,3,1,3,5,2015-06-01,2015-06-01,11,14,2015-06-01,19,1,1,5,1,1,11000,6000
840568,2017-11-15T11:03:45Z,93218,1991-08-24,2,2007-08-24,4,0,,1,1996-03-01,1996-03-01,11,14,2017-05-01,3,1,12,5,11,1,5000,1000
840023,2017-11-15T07:40:26Z,88457,1999-08-11,1,2016-01-05,4,0,,1,2000-01-01,2000-01-01,4,6,2016-06-01,1,1,12,4,,6,3200,3000
840308,2017-11-15T09:46:38Z,93178,1992-10-28,2,2009-02-17,4,0,,1,2017-02-01,1992-11-01,18,22,2016-06-01,5,3,7,1,3,1,10000,8000
841235,2017-11-15T14:52:22Z,93324,1993-08-21,2,2010-01-05,1,1,3,1,1993-08-01,1993-08-01,16,20,2012-08-01,5,1,3,6,,5,7000,6000
840671,2017-11-15T11:37:24Z,93146,1984-01-02,1,2014-04-23,3,1,11,5,1984-01-01,1984-01-01,22,26,2014-10-01,8,1,6,3,6,2,7500,4000
841558,2017-11-15T16:26:55Z,93264,1996-04-17,2,2012-04-21,4,0,,1,2015-07-01,2015-07-01,4,6,2015-09-01,2,1,2,1,,6,6000,6000
841061,2017-11-15T14:05:46Z,93322,1984-12-15,2,2006-06-01,4,0,,5,1992-03-01,1992-03-01,3,4,2012-02-01,10,1,6,5,,6,10600,3400
840624,2017-11-15T11:21:40Z,93226,1999-03-25,2,2015-05-13,4,0,,1,1999-04-01,1999-04-01,6,8,2016-06-01,4,6,12,6,,5,6500,5000
841059,2017-11-15T14:05:28Z,93312,1996-12-29,2,2013-05-15,4,0,,1,1996-12-01,1996-12-01,21,25,,1,4,,,4,2,5000,5000
841272,2017-11-15T15:05:41Z,93365,1993-01-25,2,2009-02-27,4,0,,1,2000-10-01,2000-10-01,14,17,2017-08-01,4,1,12,5,8,1,6500,5000
841481,2017-11-15T16:06:57Z,93385,1988-12-20,2,2005-12-22,2,1,5,1,1998-04-01,1998-04-01,13,16,2016-05-01,12,3,13,6,8,2,12000,7500
842053,2017-11-15T20:29:56Z,93493,1986-12-23,2,2003-02-23,4,0,,5,2006-04-01,2006-04-01,9,11,2017-10-01,12,1,7,3,9,1,20000,6000
840506,2017-11-15T10:45:43Z,93189,1984-11-15,1,2005-12-01,3,2,11,4,2005-09-01,2005-09-01,5,7,2013-07-01,4,3,12,6,,6,2430,1500
841650,2017-11-15T17:12:03Z,93349,1980-11-14,1,2016-11-09,1,1,13,5,1986-08-01,1986-08-01,3,4,2013-04-01,6,3,3,6,,6,15000,4000
840146,2017-11-15T08:37:45Z,89237,1987-07-16,2,2005-06-25,4,0,,1,2013-02-01,2005-08-01,8,20,2017-02-01,2,1,7,1,3,1,20000,12000
836129,2017-11-14T18:16:32Z,92980,1990-02-26,2,2013-11-01,4,0,,5,2007-05-01,2007-05-01,13,16,2014-09-01,7,1,13,3,,6,6000,1000
840844,2017-11-15T12:46:11Z,63747,1998-04-28,2,2014-06-03,4,0,,1,1998-04-01,1998-04-01,1,2,2017-06-01,2,1,7,5,,5,9000,10
840963,2017-11-15T13:34:03Z,93302,1993-03-09,2,2009-04-23,4,0,,5,2010-03-01,2010-03-01,23,27,,5,5,,,9,2,7000,3000
840661,2017-11-15T11:31:08Z,70330,1970-12-03,1,2006-12-25,2,0,,5,2010-08-01,2010-08-01,14,17,2010-03-01,15,1,6,2,,5,4500,1800
842007,2017-11-15T20:15:44Z,93488,1995-10-03,2,2011-11-18,4,0,,5,2016-09-01,2013-10-01,18,5,2016-02-01,1,6,11,4,11,1,10000,4500
841996,2017-11-15T20:13:05Z,76838,1990-11-06,1,2015-09-02,3,1,2,1,1990-11-01,1990-11-01,18,22,,5,5,,,,6,5000,5000
841027,2017-11-15T13:52:39Z,71214,1993-04-07,2,2009-05-09,4,0,,1,1993-04-01,1993-04-01,14,17,2011-09-01,6,1,2,5,,6,7800,1500
840501,2017-11-15T10:45:14Z,93207,1990-06-26,1,2016-09-27,4,3,11,5,1990-07-01,1990-07-01,3,4,2013-07-01,5,6,12,6,,6,6000,2500
839991,2017-11-15T07:09:27Z,93020,1990-10-24,2,2007-03-06,4,0,,1,1990-10-01,1990-10-01,9,11,2014-09-01,7,1,7,3,11,1,8500,5000
841920,2017-11-15T19:38:52Z,93469,1988-01-07,1,2004-04-28,3,1,3,5,1988-01-01,1988-01-01,18,22,2012-02-01,6,1,3,3,4,1,13000,5000
840946,2017-11-15T13:23:57Z,93299,1966-03-28,1,1999-03-24,3,1,27,5,2014-05-01,2014-05-01,19,23,2007-05-01,10,1,10,5,4,1,7000,1000
841915,2017-11-15T19:37:24Z,93465,1990-07-23,1,2011-09-30,1,0,,1,2014-05-01,2002-06-01,8,11,2017-05-01,7,1,7,2,4,1,12500,10000
835868,2017-11-14T16:44:08Z,92937,1991-02-09,1,2008-02-09,4,0,,1,2001-03-01,2001-03-01,17,21,2017-01-01,5,1,10,3,6,1,6000,1000
834700,2017-11-14T11:01:07Z,92700,1989-12-31,2,2006-06-30,4,0,,5,2009-10-01,2009-10-01,3,4,,4,5,,,11,1,5000,2000
834433,2017-11-14T09:30:56Z,92665,1990-03-08,2,2006-08-08,3,0,,4,1990-03-01,1990-03-01,4,6,2016-11-01,5,1,6,5,6,2,6200,500
834283,2017-11-14T08:09:57Z,92636,1985-03-08,2,2001-12-14,3,2,15,1,1989-01-01,1989-01-01,21,25,2009-01-01,9,3,3,6,10,2,7000,3000
836050,2017-11-14T17:48:43Z,92970,1996-12-29,2,2013-02-21,4,0,,1,1996-12-01,1996-12-01,6,8,2016-08-01,2,1,6,5,,6,7000,5000
830732,2017-11-13T22:32:53Z,61721,1979-01-24,2,1995-08-04,2,1,0,1,2013-01-10,2017-01-10,22,26,2004-03-10,13,1,2,5,3,1,12000,6000
834637,2017-11-14T10:47:16Z,92692,1988-08-14,2,2005-02-07,3,1,5,5,1996-06-01,1996-06-01,3,4,2011-01-01,10,1,6,5,,6,8500,6000
830746,2017-11-13T22:51:36Z,92563,1998-08-25,2,2015-02-27,4,0,,5,2003-07-01,2003-07-01,14,17,2017-08-01,2,1,8,1,7,1,4000,1500
834207,2017-11-14T07:25:02Z,92630,1997-03-21,2,1997-05-17,4,0,,1,2015-10-01,2015-10-01,8,10,,2,4,,,4,2,3500,2000
835633,2017-11-14T15:45:26Z,92903,1993-04-21,2,2009-11-06,4,0,,1,2015-11-01,2011-10-01,18,22,2016-02-01,6,1,12,6,,6,7000,6500
834155,2017-11-14T06:45:35Z,92621,1994-03-28,2,2011-09-01,4,0,,1,2011-09-01,2011-09-01,22,26,2017-03-01,3,1,8,1,,6,4000,300
836367,2017-11-14T20:24:17Z,9918,1991-08-04,2,2007-11-01,4,0,0,1,2014-05-10,1991-08-10,8,14,2015-10-10,7,1,12,6,4,1,8000,6000
835498,2017-11-14T15:08:08Z,92869,1983-02-06,2,2012-09-20,4,0,,4,2013-12-01,2013-12-01,3,4,2017-07-01,8,1,2,4,9,1,14500,9000
836145,2017-11-14T18:21:22Z,92993,1978-11-19,2,2009-07-31,3,1,7,3,2014-09-01,2014-09-01,9,11,2016-01-01,11,1,12,6,,6,20000,8000
833987,2017-11-14T00:33:11Z,92579,1998-11-14,2,2015-10-20,4,0,,4,2000-05-01,2000-05-01,13,16,2015-12-01,2,1,3,3,2,2,9000,4700
835057,2017-11-14T12:43:06Z,13216,1994-11-10,1,2015-08-29,3,2,1,1,2012-09-10,2012-09-10,18,22,2017-06-01,0,6,9,5,8,2,7500,4000
834804,2017-11-14T11:25:51Z,79003,1999-07-24,1,2015-08-11,4,0,,1,2017-04-01,2015-04-01,8,24,2017-04-01,2,1,11,5,,6,7200,3000
830059,2017-11-13T16:29:52Z,92424,1995-08-15,2,2016-08-30,3,1,6,5,2013-09-01,2013-09-01,5,7,2011-04-01,3,6,12,3,,6,5500,1500
835993,2017-11-14T17:26:12Z,92899,1998-10-08,2,2014-12-13,4,0,,5,1998-10-01,1998-10-01,16,20,,0,4,,,,5,1300,400
834251,2017-11-14T07:48:41Z,92631,1992-02-05,2,2008-09-18,2,1,4,1,1992-02-01,1992-02-01,1,2,2012-01-01,8,1,2,5,,6,7800,3000
834996,2017-11-14T12:28:50Z,92575,1995-04-03,1,2012-12-06,4,0,,1,2017-07-01,2017-07-01,5,7,2017-08-01,4,1,11,3,6,1,4500,3000
834370,2017-11-14T08:54:47Z,92647,1980-06-21,1,2008-01-25,2,1,20,5,1985-11-01,1985-11-01,21,25,2011-07-01,15,1,12,1,,6,6500,3000
835454,2017-11-14T14:57:18Z,92830,1996-10-02,2,2012-11-29,4,0,,1,1996-10-01,1996-10-01,6,8,2016-09-01,1,1,2,1,4,2,4000,700
836445,2017-11-14T21:26:27Z,18890,1995-11-12,2,2012-01-05,4,0,,1,1998-01-01,1998-01-01,10,12,2013-08-10,3,1,2,5,9,1,9800,2000
834991,2017-11-14T12:28:11Z,92797,1971-06-09,2,1998-08-20,3,1,10,1,1982-11-01,1982-11-01,3,4,1992-08-01,25,1,6,5,,6,16000,4000
835223,2017-11-14T13:41:15Z,92840,1991-06-02,1,2007-08-09,4,1,4,5,1991-06-01,1991-06-01,18,22,2014-09-01,4,3,10,6,,6,7000,3000
835350,2017-11-14T14:25:24Z,92864,1996-07-22,2,2012-08-23,4,0,,1,2013-09-01,2013-09-01,7,9,2017-08-01,0,6,12,6,11,2,4500,4000
835675,2017-11-14T15:52:46Z,92912,1997-11-17,2,2013-11-27,4,0,,1,1997-11-01,1997-11-01,5,7,2017-04-01,8,1,2,3,,6,4900,4860
835625,2017-11-14T15:43:18Z,81967,1996-04-07,2,2013-02-19,4,0,,1,1999-03-01,1999-03-01,12,15,2015-10-01,3,1,1,5,6,2,7000,3000
836327,2017-11-14T20:11:57Z,92819,1996-01-23,2,2012-02-21,4,0,,1,2015-09-01,1996-01-01,15,18,2015-11-01,2,1,12,1,2,1,6500,3000
835711,2017-11-14T15:59:07Z,48326,1987-10-26,1,2012-03-13,2,1,4,1,2004-05-10,2004-05-10,10,12,2010-05-01,12,1,12,5,10,1,10000,2500
835050,2017-11-14T12:41:41Z,92806,1994-12-04,2,2011-01-17,4,0,,1,2015-12-01,2015-12-01,9,11,2015-07-01,4,1,12,4,4,2,25000,10000
835292,2017-11-14T14:04:46Z,92853,1989-08-07,1,2013-06-19,3,0,,1,2004-07-01,2004-07-01,19,23,2013-10-01,3,1,12,6,,6,7300,1500
835744,2017-11-14T16:06:05Z,92914,1982-04-18,2,2005-07-21,3,2,11,5,2007-09-01,2007-09-01,15,18,2015-01-01,5,1,1,5,,5,7000,3500
835660,2017-11-14T15:50:02Z,71638,1991-08-07,2,2011-05-06,4,0,,1,1991-08-01,1991-08-01,6,8,2014-03-01,3,3,11,6,6,2,10000,7000
836271,2017-11-14T19:31:13Z,93013,1995-06-23,2,2011-08-31,4,0,,5,2001-04-01,2001-04-01,3,4,2017-06-01,3,1,2,5,,6,7085,5000
833995,2017-11-14T00:48:18Z,92582,1988-04-19,1,2013-12-26,3,1,3,4,2014-10-01,2005-04-01,18,5,2016-07-01,7,3,10,6,9,7,15000,7000
830713,2017-11-13T22:07:32Z,78849,1994-05-19,1,2013-12-12,3,2,3,1,2005-08-01,2005-08-01,15,18,2016-11-01,2,3,12,6,,5,8000,2000
835473,2017-11-14T15:01:58Z,92884,1993-08-25,2,2009-09-23,4,0,,1,1995-03-01,1995-03-01,14,17,2013-09-01,4,1,3,3,,6,8500,2000
834829,2017-11-14T11:31:21Z,92751,1987-05-29,1,2014-08-14,1,2,9,5,1987-05-01,1987-05-01,10,12,2017-08-01,8,3,12,6,9,2,6000,2000
835540,2017-11-14T15:20:50Z,92897,1995-09-16,2,2011-10-27,4,0,,5,2014-09-01,2014-09-01,14,17,,2,4,,,4,1,5000,3000
835421,2017-11-14T14:47:19Z,92874,1990-09-10,2,2006-11-03,4,0,,4,2011-11-01,2011-11-01,14,17,2017-03-01,3,1,11,3,11,2,6000,3000
834365,2017-11-14T08:50:12Z,92653,1988-06-07,1,2014-06-27,3,0,,5,2012-05-01,2012-05-01,8,10,2017-08-01,4,1,6,1,9,7,15000,5000
835871,2017-11-14T16:45:06Z,92935,1970-06-02,2,2007-12-21,3,1,25,5,2010-08-01,2010-08-01,6,8,2013-02-01,18,3,3,3,,5,5500,4700
834349,2017-11-14T08:40:41Z,57162,1955-02-26,1,1998-05-05,5,0,,5,2003-12-01,2003-12-01,19,23,,45,2,,,4,1,7000,10
835248,2017-11-14T13:50:11Z,42220,1997-10-12,1,2013-11-20,4,0,0,5,2001-08-10,2001-08-10,18,22,2016-09-10,1,3,10,6,,6,6000,3000
834106,2017-11-14T05:34:39Z,92596,1996-11-30,2,2010-04-20,4,0,,1,2011-09-01,2011-09-01,3,4,2015-05-01,2,3,12,4,11,2,3000,3000
834006,2017-11-14T01:02:02Z,92580,1994-03-20,2,2010-05-11,4,0,,1,2011-09-01,2011-09-01,11,14,2017-10-01,1,1,13,6,11,1,10000,4000
835364,2017-11-14T14:31:37Z,92865,1989-09-21,2,2006-01-19,4,0,,5,1996-09-01,1996-09-01,3,4,2007-09-01,10,1,13,5,,6,9000,5000
833977,2017-11-14T00:28:10Z,19486,1995-01-16,2,2011-03-15,4,0,,1,1995-01-10,1995-01-10,6,8,2014-04-10,3,3,7,6,4,1,3500,2500
834548,2017-11-14T10:14:17Z,92682,1974-08-27,2,1999-12-17,2,1,21,1,1980-04-01,1980-04-01,20,24,2016-10-01,29,3,11,3,4,2,7000,2500
835902,2017-11-14T16:52:59Z,92942,1984-09-21,1,2009-05-18,3,2,11,1,2008-05-01,2008-05-01,12,15,2016-06-01,1,1,11,3,,6,3200,1200
830587,2017-11-13T20:23:02Z,92529,1997-12-11,1,2014-01-27,4,0,,1,1997-12-01,1997-12-01,14,17,2017-07-01,1,1,12,3,4,2,3200,1000
829486,2017-11-13T12:47:46Z,92315,1989-11-29,2,2006-05-06,4,0,,1,1989-12-01,1989-12-01,16,20,2010-04-01,7,1,3,6,,5,7000,7000
829799,2017-11-13T14:44:34Z,73604,1987-01-16,2,2013-06-06,3,1,3,5,2013-09-01,2013-09-01,6,8,2017-03-01,8,1,13,5,4,1,4900,2900
825220,2017-11-12T22:29:42Z,6658,1972-03-21,2,1998-07-22,4,0,,1,2007-03-10,2007-03-10,1,2,1970-01-01,5,2,,,,6,10500,1500
829757,2017-11-13T14:33:29Z,85015,1996-12-23,2,2013-02-20,4,0,,1,2004-09-01,2004-09-01,10,12,2017-07-01,1,1,6,4,,6,4500,2000
828760,2017-11-13T08:13:52Z,90565,1974-01-03,2,2001-03-31,4,0,,4,1974-01-01,1974-01-01,4,6,2011-09-01,17,1,6,5,11,2,12000,4500
830384,2017-11-13T18:26:16Z,92402,1986-07-31,2,2002-08-15,3,2,9,1,2002-08-01,2002-08-01,6,8,2015-05-01,2,1,6,6,,5,6000,3000
830408,2017-11-13T18:34:13Z,92474,1996-08-04,2,2012-08-28,4,0,,4,2013-02-01,2013-02-01,13,16,2016-06-01,2,1,2,5,,6,7800,5000
830110,2017-11-13T16:39:56Z,92434,1994-04-27,2,2010-10-12,4,0,,1,2012-09-01,2012-09-01,8,10,,5,4,,,11,1,5000,3500
829239,2017-11-13T10:59:27Z,86431,1986-02-12,1,2013-06-07,1,2,9,1,1986-06-01,1986-06-01,3,4,,6,5,,,4,1,2500,800
829543,2017-11-13T13:10:42Z,92325,1968-10-07,2,2014-01-10,3,2,20,3,1980-06-01,1980-06-01,15,18,2015-03-01,22,1,1,5,9,1,8000,5000
829353,2017-11-13T11:58:46Z,92293,1983-02-02,2,1999-12-12,2,1,8,1,2015-09-01,2015-09-01,9,11,2015-09-01,2,1,2,5,4,1,5000,1500
829407,2017-11-13T12:17:54Z,73144,1993-07-04,1,2009-10-14,4,0,,1,1993-07-01,1993-07-01,10,12,2015-01-01,3,1,12,1,9,2,4500,2000
830307,2017-11-13T17:49:36Z,92460,1984-08-08,2,2016-05-12,3,1,11,5,2005-05-01,2005-05-01,14,17,2015-05-01,7,3,12,6,,5,12000,3000
829875,2017-11-13T15:14:21Z,76702,1980-08-21,1,2015-12-24,2,2,15,1,2015-04-01,1998-08-01,8,27,2017-02-01,18,1,12,4,,6,6000,3000
828553,2017-11-13T05:24:23Z,80781,1994-05-18,1,2010-06-08,1,0,,1,2015-03-01,1994-05-01,23,27,2016-07-01,3,1,5,3,10,1,7000,1500
825244,2017-11-12T23:02:33Z,92118,1986-07-10,2,2003-07-28,1,0,,1,1991-05-01,1991-05-01,12,15,2015-03-01,2,1,6,6,,6,6000,2000
829946,2017-11-13T15:49:41Z,92405,1993-09-24,2,2009-10-20,4,0,,1,2009-12-01,2009-12-01,3,4,2013-08-01,4,1,13,3,11,1,5500,3000
829247,2017-11-13T11:01:45Z,92212,1977-09-04,1,1999-09-14,3,5,18,5,2002-04-01,2002-04-01,20,24,2002-03-01,3,3,3,6,,5,5000,2000
828649,2017-11-13T07:03:00Z,92168,1954-11-27,2,2000-02-29,3,0,,2,1981-08-01,1981-08-01,3,4,,40,2,,,,6,8400,3000
828469,2017-11-13T01:13:54Z,92139,1982-05-24,2,1999-05-11,3,1,4,5,1988-05-01,1988-05-01,8,10,2014-07-01,10,1,5,1,11,2,10000,5000
828696,2017-11-13T07:35:47Z,64838,1996-12-31,2,2013-02-15,4,0,,5,2013-02-01,2013-02-01,4,6,2013-11-01,4,3,3,6,,6,4500,4000
829311,2017-11-13T11:39:27Z,92271,1983-07-01,2,2014-06-27,3,1,1,5,1987-01-01,1987-01-01,14,17,2014-09-01,3,1,11,6,9,1,8000,3500
829589,2017-11-13T13:24:28Z,60475,1997-10-03,1,2014-01-18,4,0,,5,2001-01-10,2001-01-10,8,10,2015-06-10,5,6,5,5,4,2,9000,3000
830272,2017-11-13T17:35:46Z,92447,1988-09-30,2,2005-05-26,3,2,2,5,1990-07-01,1990-07-01,5,7,2012-03-01,0,1,3,3,,6,15000,12000
824783,2017-11-12T16:32:16Z,90347,1987-09-04,1,2003-12-05,3,1,10,1,1989-04-01,1989-04-01,3,4,2017-06-01,8,1,12,1,10,1,5500,2500
829198,2017-11-13T10:38:11Z,91572,1983-04-20,2,2000-02-22,3,2,6,5,2015-04-01,2015-04-01,10,12,2007-09-01,11,1,2,4,4,1,9600,5000
828449,2017-11-13T00:29:09Z,92134,1996-02-06,1,2012-05-24,4,0,,5,2017-07-01,2017-07-01,14,17,2017-10-01,3,1,11,1,4,1,6000,3000
830361,2017-11-13T18:13:43Z,91919,1989-12-06,2,2006-03-18,3,1,1,5,2016-06-01,2016-06-01,6,8,,7,5,,,10,1,9500,7000
830424,2017-11-13T18:40:06Z,92485,1995-03-18,2,2011-07-29,3,1,1,5,2000-03-01,2000-03-01,11,14,2016-03-01,1,1,6,5,11,1,8000,2000
828462,2017-11-13T01:03:30Z,45668,1998-11-02,2,1998-11-25,4,0,,1,2015-06-01,2015-06-01,5,7,,0,4,,,11,2,3000,10
828491,2017-11-13T02:18:51Z,92145,1995-01-11,1,2011-02-28,4,1,2,4,1995-08-01,1995-08-01,12,15,2015-08-01,6,1,3,1,,6,4500,3000
830126,2017-11-13T16:42:22Z,92429,1985-11-24,2,2003-01-31,4,0,,4,1985-11-01,1985-11-01,5,7,,8,5,,,6,1,6000,6000
829962,2017-11-13T15:54:51Z,92379,1979-05-11,2,1996-07-05,2,0,,1,1986-02-01,1986-02-01,6,8,2010-01-01,20,1,13,5,11,2,4200,1000
830223,2017-11-13T17:21:02Z,92445,1994-02-19,1,2010-02-23,4,0,,5,2010-01-01,2010-01-01,18,22,,3,5,,,6,1,3500,2000
828505,2017-11-13T03:45:47Z,73732,1995-04-23,2,2011-05-19,4,0,,1,1995-04-01,1995-04-01,17,21,2017-06-01,1,3,3,6,,6,1500,1500
828599,2017-11-13T06:36:32Z,59365,1990-11-23,2,2007-03-06,4,0,,5,1991-01-01,1991-01-01,11,14,2015-03-01,5,1,6,5,,6,11000,10
828795,2017-11-13T08:31:44Z,62175,1982-01-29,2,2001-04-20,3,1,11,5,1982-01-01,1982-01-01,13,16,2008-08-01,17,1,6,5,,6,15000,10
828718,2017-11-13T07:52:46Z,92181,1999-06-19,2,2016-01-06,4,0,,5,2016-08-01,2016-08-01,12,15,2016-09-01,1,1,12,1,11,2,7500,2500
825115,2017-11-12T20:06:28Z,66043,1994-12-05,2,2011-03-10,4,0,,4,1996-05-01,1996-05-01,1,2,2016-06-01,3,1,1,3,,6,8000,10
828643,2017-11-13T06:58:07Z,92164,1987-04-08,2,2004-10-20,2,0,,5,2005-08-01,2005-08-01,1,2,2010-09-01,7,1,12,2,,6,5600,5600
828998,2017-11-13T09:49:31Z,88558,1986-10-09,2,2016-09-01,4,0,,5,2014-11-01,2014-11-01,3,4,2017-05-01,12,1,12,5,4,1,6500,4000
829509,2017-11-13T13:00:21Z,65198,1979-09-11,1,2003-06-18,3,2,14,1,1979-09-01,1979-09-01,5,7,1998-08-01,19,1,2,3,,6,7200,10
829523,2017-11-13T13:03:39Z,92327,1994-01-05,2,2010-08-26,4,0,,1,2007-03-01,2007-03-01,1,2,2013-04-01,5,1,1,4,,6,10000,9000
829473,2017-11-13T12:44:58Z,92302,1993-05-05,2,2009-06-10,4,0,,1,1999-01-01,1999-01-01,18,22,2017-02-01,7,1,12,2,,6,6000,6000
830135,2017-11-13T16:45:40Z,92437,1996-06-18,1,2012-08-17,4,0,,1,1996-06-01,1996-06-01,12,15,2015-05-01,2,1,4,6,10,1,10000,2000
829214,2017-11-13T10:43:55Z,89456,1986-09-15,2,2003-10-07,4,0,,5,2003-10-01,2003-10-01,3,4,2017-03-01,5,1,3,3,6,1,9000,4500
828543,2017-11-13T05:14:45Z,73826,1987-05-15,1,2003-11-07,3,1,13,1,2003-12-01,2003-12-01,6,8,,1,5,,,,5,4000,1500
829437,2017-11-13T12:34:15Z,86263,1990-10-06,2,2006-11-02,3,0,,5,1993-10-01,1993-10-01,14,17,2015-02-01,3,1,12,5,4,7,9000,4000
829980,2017-11-13T15:59:21Z,81534,1996-01-07,2,2012-01-26,4,0,,5,2001-03-01,2001-03-01,12,15,2016-03-01,4,1,2,5,,6,7500,4000
830582,2017-11-13T20:21:48Z,92530,1998-07-09,2,2014-08-06,4,0,,1,1998-07-01,1998-07-01,3,4,2017-09-01,0,6,11,6,11,2,3000,2000
828662,2017-11-13T07:09:14Z,84627,1978-09-08,1,2004-04-20,3,1,12,5,2011-03-01,2011-03-01,3,4,2017-07-01,23,1,10,1,6,1,9000,5000
823958,2017-11-12T09:10:18Z,31408,1992-01-07,1,2013-03-03,3,1,3,4,2012-02-10,2012-02-10,1,2,2015-02-01,2,1,11,6,,6,6000,2500
824194,2017-11-12T11:15:51Z,91901,1993-06-14,1,2009-07-16,4,0,,5,1993-06-01,1993-06-01,15,18,2016-07-01,4,1,12,1,4,2,5000,3000
824843,2017-11-12T17:04:18Z,92036,1990-02-24,2,2006-04-04,4,0,,5,2006-04-01,2006-04-01,3,4,2017-09-01,1,1,6,4,,6,6500,1000
824990,2017-11-12T18:31:42Z,92043,1996-11-14,2,2012-12-21,1,0,,5,2004-04-01,2004-04-01,6,8,2015-05-01,3,1,6,5,10,2,8500,4000
824092,2017-11-12T10:24:17Z,91874,1997-02-28,2,2013-04-19,4,0,,5,1997-04-01,1997-04-01,8,10,2016-05-01,1,1,11,3,4,2,10000,4000
824688,2017-11-12T15:45:12Z,12449,1994-05-08,1,2010-05-14,4,0,,1,2015-07-10,2015-07-10,9,11,2015-12-10,8,1,12,3,5,2,8000,1200
823632,2017-11-12T02:12:51Z,90985,1992-05-14,2,2008-06-11,3,1,2,1,2017-07-01,2000-03-01,9,11,2014-08-01,0,1,11,4,4,1,13000,8000
823839,2017-11-12T07:52:22Z,91825,1993-10-16,2,2010-01-18,3,0,,1,2016-10-01,1993-10-01,4,17,2013-03-01,5,1,2,5,,6,10300,6000
824337,2017-11-12T12:35:32Z,90652,1989-05-10,1,2010-04-13,4,2,7,1,2013-04-01,2013-04-01,22,26,2013-05-01,3,6,12,6,,5,6000,2000
824565,2017-11-12T14:47:56Z,91992,1982-08-26,1,2010-03-03,4,0,,1,2014-11-01,2014-11-01,3,4,2016-01-01,1,3,6,6,,5,4000,3000
820412,2017-11-11T23:16:05Z,91773,1994-10-25,2,2011-01-05,4,0,,1,2014-11-01,2014-11-01,23,27,2016-09-01,1,6,5,4,4,1,3300,2000
824905,2017-11-12T17:41:10Z,92049,1988-03-25,2,2004-07-21,3,0,,5,1988-03-01,1988-03-01,13,16,2017-04-01,7,1,2,2,,6,10000,7000
823967,2017-11-12T09:21:04Z,91830,1967-01-16,1,1999-01-18,3,2,23,5,1992-01-01,1992-01-01,3,4,2001-03-01,21,1,10,3,6,1,7500,2500
824516,2017-11-12T14:11:37Z,84116,1993-07-14,2,2009-12-29,4,0,,2,2016-04-01,1993-02-01,11,18,2016-10-01,4,1,11,5,11,1,14000,5000
823824,2017-11-12T07:42:00Z,91829,1982-01-11,1,1998-03-10,4,2,15,5,2001-04-01,2001-04-01,13,16,2008-10-01,20,1,4,1,,5,7000,4000
824274,2017-11-12T12:04:50Z,91914,1989-11-09,2,2006-09-19,3,0,,1,2006-09-01,2006-09-01,1,2,,8,5,,,,6,3200,1300
823981,2017-11-12T09:23:34Z,91854,1979-09-24,2,2010-01-06,1,0,,1,1985-04-01,1985-04-01,6,8,2016-12-01,15,1,11,4,10,1,5000,3000
820392,2017-11-11T22:53:04Z,91752,1993-08-16,2,2010-02-18,4,0,,5,1993-08-01,1993-08-01,5,7,2013-05-01,7,1,12,4,9,2,6500,5500
820354,2017-11-11T22:17:55Z,91760,1989-04-14,2,2006-02-23,3,2,3,5,1989-04-01,1989-04-01,5,7,2012-03-01,0,1,3,3,,6,15000,12000
824280,2017-11-12T12:06:17Z,84953,1985-05-09,2,2011-09-06,3,1,12,1,2003-05-01,2003-05-01,11,14,2015-05-01,12,1,13,5,10,1,8500,2300
824662,2017-11-12T15:35:08Z,92010,1995-07-22,1,2011-08-31,4,0,,1,2013-03-01,1996-09-01,23,27,2014-12-01,6,1,12,6,,6,6000,2000
824589,2017-11-12T15:01:35Z,91987,1992-08-14,2,2011-09-16,4,0,,4,2015-10-01,1992-08-01,8,25,2017-03-01,6,1,13,1,,6,9000,3000
824802,2017-11-12T16:47:38Z,92035,1984-02-18,1,2009-03-31,3,2,11,1,2008-08-01,2008-08-01,13,16,2015-10-01,16,6,10,6,6,1,8000,4000
823840,2017-11-12T07:52:53Z,91827,1999-02-13,2,2015-03-20,4,0,,1,2016-09-01,2016-09-01,15,18,2017-09-01,2,6,12,3,10,2,5700,1500
824940,2017-11-12T18:02:37Z,92056,1995-04-05,2,2011-07-14,3,0,,1,2006-12-01,2006-12-01,21,25,2013-06-01,4,1,1,5,,5,9500,7000
824739,2017-11-12T16:09:07Z,92022,1985-05-09,2,2001-08-01,3,1,4,4,2000-05-01,2000-05-01,19,23,2012-06-01,12,1,13,2,,6,8500,6000
824141,2017-11-12T10:46:58Z,51464,1985-10-15,2,2002-01-24,3,0,0,2,2002-01-10,2002-01-10,11,14,2015-08-10,10,6,3,2,11,1,5000,1700
824761,2017-11-12T16:17:16Z,92027,1987-01-03,1,2010-12-29,3,1,7,3,2008-06-01,2008-06-01,23,27,2012-10-01,9,1,10,3,8,1,16000,5000
823890,2017-11-12T08:30:28Z,78082,1975-07-03,2,2002-01-03,4,0,,1,2012-12-01,2012-12-01,3,4,2013-09-01,16,1,3,4,,5,3500,1350
820405,2017-11-11T23:11:42Z,91774,1995-12-31,2,2012-08-30,4,0,,5,1996-12-01,1996-12-01,8,10,2017-05-01,2,3,13,5,4,2,10000,6000
823657,2017-11-12T02:56:21Z,91799,1996-08-05,2,2012-09-05,4,0,,5,2009-07-01,1996-08-01,23,27,2016-06-01,4,1,3,5,,6,8000,4000
819282,2017-11-11T12:01:19Z,44222,1990-10-05,2,2011-05-26,3,0,,5,1994-01-10,1994-01-10,11,14,2014-03-10,5,1,12,6,,6,10000,2500
823900,2017-11-12T08:38:53Z,91836,1985-12-18,2,2003-06-17,3,1,5,5,2010-11-01,2010-11-01,11,14,2011-01-01,10,1,2,5,9,7,8000,1600
824665,2017-11-12T15:39:04Z,92012,1998-11-17,1,2015-11-28,4,0,,5,2003-09-01,2003-09-01,23,27,2017-10-01,2,1,12,6,,6,5000,1200
824458,2017-11-12T13:47:47Z,91964,1995-09-09,2,2011-10-14,4,0,,5,1997-09-01,1997-09-01,20,24,2016-07-01,3,3,7,3,11,2,15000,4000
823918,2017-11-12T08:50:54Z,91838,1995-12-26,2,2012-11-10,5,0,,1,1996-03-01,1996-03-01,14,17,,0,4,,,,5,7000,5500
824483,2017-11-12T14:00:31Z,91966,1994-01-01,2,2010-07-21,4,0,,5,2013-09-01,1994-01-01,8,23,,4,4,,,10,1,6000,2500
824676,2017-11-12T15:42:14Z,92014,1991-08-24,2,2007-09-25,4,0,,1,2002-10-01,2002-10-01,9,11,2016-05-01,5,3,3,6,11,1,20000,10000
823794,2017-11-12T07:24:36Z,57973,1988-06-03,2,2004-06-06,2,0,,3,2012-05-10,2012-05-10,23,27,2017-06-10,10,3,13,6,,6,10000,4000
824196,2017-11-12T11:16:21Z,91894,1996-02-02,2,2012-03-13,4,0,,1,2013-09-01,2013-09-01,14,17,,3,4,,,2,2,1000,400
824877,2017-11-12T17:28:19Z,92041,1983-03-14,2,2008-11-10,5,1,7,3,2008-12-01,2008-12-01,7,9,,10,5,,,4,1,4000,3000
823786,2017-11-12T07:21:04Z,91821,1988-03-26,1,2008-10-11,3,1,8,1,2011-04-01,2011-04-01,4,6,2007-11-01,10,1,6,5,,5,6000,4000
819683,2017-11-11T14:54:56Z,91620,1996-10-21,2,2013-08-01,4,0,,5,2017-06-01,2002-04-01,12,20,2017-06-01,5,1,2,2,,6,8200,4000
814863,2017-11-10T18:56:35Z,91290,1984-11-25,1,2011-04-01,3,1,6,5,2011-01-01,2011-01-01,8,10,2017-03-01,9,1,12,5,,5,7500,12000
814557,2017-11-10T16:38:44Z,65430,1961-07-21,1,1998-04-24,3,1,0,5,1978-07-10,1978-07-10,22,26,1992-09-10,37,3,12,6,6,1,28000,3000
819835,2017-11-11T15:51:19Z,91645,1990-05-09,2,2006-05-25,4,0,,5,2009-01-01,2009-01-01,19,23,2017-06-01,9,1,11,3,11,1,7000,5000
818883,2017-11-11T09:32:57Z,91457,1992-02-27,2,2008-05-06,4,0,,1,1995-04-01,1995-04-01,8,10,2010-11-01,7,1,12,5,11,1,6000,3000
819994,2017-11-11T17:34:01Z,91558,1956-04-28,1,1995-07-15,2,0,,5,1977-08-01,1977-08-01,13,16,,33,2,,,11,7,6300,1800
819400,2017-11-11T12:37:57Z,91538,1989-05-10,2,2005-10-13,4,0,,1,2015-07-01,2015-07-01,3,4,2012-02-01,11,1,1,5,1,1,10000,10000
820140,2017-11-11T19:11:16Z,91714,1987-02-10,1,2003-12-02,4,0,,5,2005-05-01,2005-05-01,7,9,2007-10-01,10,1,11,5,11,1,5000,2500
818864,2017-11-11T09:27:53Z,91434,1989-02-18,1,2006-01-20,3,1,6,1,2009-11-01,1989-02-01,10,12,2007-04-01,10,1,11,5,10,2,4000,1000
819891,2017-11-11T16:26:50Z,91661,1996-05-30,2,2012-06-12,4,0,,1,2017-05-01,2008-09-01,1,4,2016-06-01,3,1,1,5,11,2,7500,5300
818508,2017-11-11T05:40:19Z,91394,1976-03-20,2,1996-06-26,3,2,11,4,2007-11-01,2007-11-01,22,26,2013-09-01,10,1,11,5,,6,7000,4000
815175,2017-11-10T22:14:24Z,91339,1997-01-27,2,2013-11-22,4,0,,1,2015-07-01,2016-07-01,15,18,,5,4,,,11,2,4500,2500
820242,2017-11-11T20:30:16Z,91733,1990-03-03,2,2008-05-30,4,0,,5,1990-03-01,1990-03-01,12,15,2017-03-01,1,3,12,6,,5,6000,2000
819330,2017-11-11T12:12:28Z,91516,1995-03-19,1,2011-08-16,4,0,,5,2000-06-01,2000-06-01,4,6,2015-10-01,5,1,13,3,4,1,4200,500
818487,2017-11-11T04:41:32Z,91388,1985-12-12,2,2002-04-23,2,1,9,3,2011-02-01,1997-08-01,8,17,2017-03-01,11,3,11,4,11,1,20000,12000
819499,2017-11-11T13:32:18Z,538,1986-07-18,1,2007-11-28,4,2,9,5,2013-12-10,2013-12-10,16,20,2007-10-10,9,1,2,4,9,1,6000,1000
819491,2017-11-11T13:25:59Z,91571,1983-06-21,2,2009-02-17,3,0,,5,2016-06-01,2016-06-01,3,4,2012-10-01,12,1,11,4,4,1,12200,4500
820273,2017-11-11T20:54:57Z,91740,1970-09-01,2,2015-09-25,3,1,14,5,2001-01-01,2001-01-01,9,11,2005-01-01,12,3,12,6,,6,18000,5000
818928,2017-11-11T09:44:52Z,91467,1997-05-02,1,2014-01-14,4,0,,1,1997-05-01,1997-05-01,13,16,,6,4,,,10,2,1400,1400
819912,2017-11-11T16:41:41Z,91648,1994-01-06,1,2013-04-02,2,1,4,1,2010-01-01,2010-01-01,13,16,2016-04-01,1,1,1,5,,6,10000,2000
819275,2017-11-11T11:58:45Z,84988,1998-10-08,2,2014-12-09,4,0,,4,2015-09-01,2015-09-01,12,15,2016-03-01,1,1,12,3,10,4,6500,3000
818912,2017-11-11T09:39:39Z,91464,1992-11-18,2,2000-12-10,4,0,,1,1992-11-01,1992-11-01,20,24,2011-01-01,5,1,1,5,4,1,7300,8300
819103,2017-11-11T10:53:54Z,88584,1969-12-26,2,2015-01-13,3,2,27,5,2002-10-01,2002-10-01,1,2,2017-02-01,27,1,1,5,8,1,8850,4550
815207,2017-11-10T22:45:21Z,19915,1998-03-12,2,2014-06-14,4,0,,1,2009-12-01,2009-12-01,13,16,2017-06-01,3,1,9,3,9,2,9000,7500
819218,2017-11-11T11:37:12Z,91507,1990-08-21,2,2015-12-23,4,0,,5,2006-09-01,2006-09-01,3,4,1999-07-01,2,1,6,5,,5,3400,2600
819579,2017-11-11T14:14:25Z,91590,1980-10-23,2,2006-04-21,3,0,,5,1996-04-01,1996-04-01,8,10,2015-08-01,16,1,11,3,4,1,10000,6000
820054,2017-11-11T18:13:18Z,91692,1989-11-02,2,2006-06-14,1,0,,4,2001-04-01,2001-04-01,8,10,2014-02-01,11,3,7,6,11,7,59000,24000
819120,2017-11-11T11:00:46Z,91497,1983-12-11,2,2000-04-26,4,0,,2,2000-04-01,2000-04-01,12,15,2013-09-01,10,1,11,1,,6,6700,3000
819283,2017-11-11T12:01:47Z,91523,1989-06-21,2,2005-09-22,4,0,,5,2005-09-01,2005-09-01,10,12,2017-01-01,7,1,6,5,,6,6500,2500
813415,2017-11-10T09:52:46Z,72798,1994-06-13,1,2014-06-20,4,1,3,1,2010-01-01,2010-01-01,6,8,2017-02-01,1,1,12,2,,6,5000,15000
819796,2017-11-11T15:37:09Z,82115,1995-06-04,2,2011-06-30,4,0,,5,2015-09-01,2015-09-01,18,22,,2,4,,,2,2,4500,3000
819059,2017-11-11T10:36:23Z,91460,1984-12-20,2,2000-12-21,1,1,12,5,2004-03-01,2004-03-01,22,26,2016-12-01,11,1,3,4,10,2,8500,3000
820173,2017-11-11T19:25:55Z,91385,1954-04-16,2,1998-06-11,3,2,33,5,2000-05-01,2000-05-01,1,2,2007-01-01,10,3,12,6,9,1,10000,4000
819484,2017-11-11T13:23:50Z,91568,1991-07-31,2,2013-05-03,4,0,,1,1991-07-01,1991-07-01,9,11,2011-11-01,6,3,13,2,,6,7000,3500
819460,2017-11-11T13:12:39Z,91544,1989-12-23,2,2006-04-19,4,0,,5,2008-06-01,2008-06-01,1,2,2013-08-01,6,6,3,3,,6,6000,4000
819666,2017-11-11T14:50:08Z,63812,1996-07-26,1,2013-02-01,4,0,,1,1996-07-01,1996-07-01,6,8,2016-11-01,0,6,10,3,6,1,4000,2500
818714,2017-11-11T08:18:46Z,91431,1983-01-11,2,2012-10-02,1,1,1,5,2012-10-01,2012-10-01,8,10,2017-03-01,7,1,3,3,11,2,8000,5000
815172,2017-11-10T22:13:24Z,91340,1987-10-03,2,2004-04-15,2,1,7,5,2011-06-01,2011-06-01,6,8,2015-11-01,12,3,6,6,9,2,4000,1500
818450,2017-11-11T03:26:15Z,91375,1994-08-02,2,2012-02-07,4,0,,1,2004-09-01,2004-09-01,8,10,2017-08-01,5,1,6,2,,6,10000,7000
818962,2017-11-11T10:04:07Z,91438,1990-03-04,1,2015-11-28,1,2,9,5,1990-03-01,1990-03-01,1,2,2008-10-01,9,3,6,6,,6,3500,2500
819857,2017-11-11T16:04:32Z,91646,1967-01-22,1,1998-04-07,3,3,29,1,2009-03-01,1988-05-01,10,12,2005-03-01,31,3,12,6,,6,9000,3000
819986,2017-11-11T17:30:15Z,91675,1991-08-13,2,2007-11-02,4,0,,5,2006-05-01,2006-05-01,18,22,2010-01-01,7,1,3,3,,5,8000,5000
814348,2017-11-10T15:34:52Z,91220,1972-04-16,1,2001-04-13,3,2,23,4,2000-03-01,2000-03-01,4,6,2017-05-01,25,1,8,1,,6,4500,1500
819710,2017-11-11T15:00:35Z,91624,1993-03-08,2,2009-04-21,3,1,9,1,1993-05-01,1993-05-01,3,4,2013-03-01,4,1,1,1,,6,7135,2000
818379,2017-11-11T01:11:19Z,91357,1987-09-02,2,2003-11-28,4,0,,1,2014-08-01,2003-09-01,10,12,2015-06-01,10,1,1,5,9,1,12000,12000
820002,2017-11-11T17:41:44Z,91679,1991-10-15,2,2012-12-18,3,2,5,1,1991-10-01,1991-10-01,5,7,2017-03-01,5,1,7,5,,6,6000,3000
818742,2017-11-11T08:35:02Z,91443,1990-12-08,2,2007-03-27,3,1,3,1,2000-01-01,2000-01-01,8,10,2016-09-01,6,1,7,6,3,2,1e+05,90000
820037,2017-11-11T18:05:12Z,44220,1979-12-12,2,1996-05-17,3,1,0,1,2016-06-10,2016-06-10,3,4,2017-01-10,16,1,12,2,,6,16000,500
815230,2017-11-10T23:06:03Z,70885,1996-02-15,2,2012-07-20,3,0,,1,2008-12-01,2008-12-01,9,11,2016-02-01,5,1,1,5,,6,10000,3500
818358,2017-11-11T00:20:16Z,91354,1994-12-04,2,2011-03-10,4,0,,4,1997-04-01,1997-04-01,8,10,2016-02-01,4,1,2,5,11,1,6500,5000
815158,2017-11-10T22:03:57Z,91324,1990-09-20,2,2006-10-12,4,0,,1,1990-09-01,1990-09-01,9,11,,4,4,,,4,1,5000,4000
819364,2017-11-11T12:26:50Z,91548,1997-04-22,2,2013-06-21,4,0,,1,1997-04-01,1997-04-01,12,15,,2,4,,,,6,7000,6500
820283,2017-11-11T20:59:28Z,91743,1990-09-01,2,2016-01-24,4,0,,3,1990-02-01,1990-02-01,17,21,2013-02-01,12,1,6,5,,6,8000,2000
818777,2017-11-11T08:59:22Z,91441,1994-11-07,2,2011-05-06,4,0,,1,2015-09-01,2015-09-01,8,10,2012-11-01,5,1,1,5,,5,8200,8200
813144,2017-11-10T08:04:24Z,91015,1980-10-17,1,2010-06-17,4,1,18,5,1980-10-01,1980-10-01,3,4,2017-07-01,5,1,6,5,,3,4100,2000
815001,2017-11-10T20:13:43Z,91317,1997-04-04,1,2013-09-11,4,0,,1,1997-04-01,1997-04-01,5,7,2016-07-01,1,1,6,5,6,2,8000,3000
813194,2017-11-10T08:30:48Z,91022,1994-11-23,2,2011-01-28,4,0,,1,2011-03-01,2011-03-01,4,6,2017-06-01,5,1,12,2,,6,4500,1500
813635,2017-11-10T11:23:45Z,91103,1995-05-19,2,2012-07-27,3,1,1,1,1995-05-01,1995-05-01,23,27,2017-03-01,2,1,3,3,,6,6000,2500
814640,2017-11-10T17:15:47Z,91265,1985-02-03,1,2001-11-15,4,0,,3,1985-02-01,1985-02-01,9,11,2014-06-01,14,1,12,1,5,2,7000,1200
813062,2017-11-10T07:08:53Z,91003,1965-03-14,1,2000-01-03,1,2,33,5,1989-07-01,1989-07-01,19,23,2012-06-01,30,1,12,6,,5,8000,5000
814087,2017-11-10T14:13:11Z,51918,1992-10-13,2,2009-02-25,3,1,0,1,1992-10-10,1992-10-10,19,23,2012-04-10,5,1,2,2,9,1,2500,4000
814068,2017-11-10T14:07:34Z,91184,1996-03-02,2,2012-07-23,4,0,,1,2017-10-01,2006-08-01,3,12,,0,5,,,,6,5000,5000
813000,2017-11-10T06:36:03Z,89584,1990-04-02,1,2006-07-15,4,1,9,5,1999-12-01,1999-12-01,6,8,2015-07-01,2,1,2,6,6,1,7000,3500
813410,2017-11-10T09:52:02Z,58925,1990-04-08,2,2006-04-20,4,0,,3,1993-04-01,1993-04-01,1,2,,8,5,,,4,1,14000,1500
813386,2017-11-10T09:45:44Z,91056,1992-12-10,2,2009-02-06,4,0,,1,1992-12-01,1992-12-01,5,7,2014-03-01,5,3,12,6,10,1,8000,1000
813289,2017-11-10T09:16:22Z,91037,1988-12-16,2,2005-06-05,4,0,,1,2016-09-01,2000-10-01,1,2,2016-10-01,7,3,12,6,11,1,7000,3000
813216,2017-11-10T08:39:23Z,91026,1988-09-07,2,2005-02-22,4,0,,5,2003-01-01,2003-01-01,3,4,2017-08-01,11,1,6,5,,6,5000,4000
813780,2017-11-10T12:22:12Z,91136,1988-04-20,2,2012-06-11,3,1,2,5,2016-06-01,2016-06-01,15,18,2017-04-01,3,1,12,4,7,1,6300,5000
814927,2017-11-10T19:28:48Z,91169,1991-10-07,2,2008-03-24,4,0,,4,1991-10-01,1991-10-01,22,26,2015-02-01,2,1,9,6,5,2,8500,6000
814012,2017-11-10T13:47:51Z,91173,1993-12-08,2,2011-02-08,4,0,,5,2006-06-01,2006-06-01,11,14,,2,5,,,,6,7000,4000
813372,2017-11-10T09:43:23Z,91050,1995-03-07,1,2011-04-21,4,0,,5,2017-10-01,2017-07-01,8,4,2017-11-01,5,1,11,5,10,1,10000,8500
813572,2017-11-10T11:03:57Z,91092,1993-07-24,1,2012-08-29,3,1,4,1,2017-03-01,2017-03-01,6,8,2017-08-01,5,1,10,2,10,2,7800,2700
813473,2017-11-10T10:11:29Z,91072,1995-08-29,2,2011-10-28,4,0,,1,2017-06-01,2017-06-01,15,18,2017-09-01,3,1,6,2,11,1,8000,3000
814412,2017-11-10T15:55:52Z,91230,1981-12-06,2,1998-01-22,1,1,5,1,2016-04-01,2016-04-01,18,22,2016-01-01,12,1,8,5,,6,70000,3000
814527,2017-11-10T16:26:00Z,91247,1998-11-29,1,2015-01-24,4,0,,5,2010-12-01,2010-12-01,18,22,,1,4,,,,6,3000,3000
813670,2017-11-10T11:40:02Z,91109,1949-04-18,1,1999-07-21,5,2,45,5,1970-04-01,1970-04-01,12,15,,35,2,,,,5,4000,1000
814967,2017-11-10T19:58:28Z,91312,1997-03-09,2,2013-10-24,4,0,,1,1997-03-01,1997-03-01,8,10,,3,4,,,9,2,8000,6000
815045,2017-11-10T20:50:19Z,91325,1995-06-07,2,2011-08-10,3,0,,1,2015-06-01,2015-06-01,20,24,2015-07-01,2,1,6,5,10,2,7200,2000
814719,2017-11-10T17:37:55Z,91277,1983-12-08,2,2000-04-11,3,1,5,1,1987-09-01,1987-09-01,21,25,2014-09-01,4,1,13,3,,5,8600,3400
815010,2017-11-10T20:18:21Z,90874,1982-06-18,2,1998-06-18,4,0,,5,1982-06-01,1982-06-01,14,17,2016-07-01,16,1,13,5,8,2,7000,4000
814558,2017-11-10T16:39:50Z,91246,1976-06-28,1,1999-12-16,2,2,8,1,1999-08-01,1999-08-01,18,22,2017-01-01,17,3,11,6,11,1,7000,2000
813781,2017-11-10T12:22:14Z,91135,1983-11-20,2,2000-10-21,1,0,,5,1997-12-01,1997-12-01,10,12,,10,2,,,4,2,1450,600
809716,2017-11-09T23:45:54Z,90962,1995-10-02,2,2012-01-21,4,0,,2,1995-10-01,1995-10-01,4,6,2017-07-01,1,1,6,4,9,2,4500,1200
813710,2017-11-10T11:55:16Z,91116,1969-09-11,2,2007-04-13,4,0,,5,1973-09-01,1973-09-01,3,4,2017-05-01,25,1,11,2,1,1,5000,5000
814088,2017-11-10T14:13:43Z,91194,1998-08-03,2,2014-08-08,4,0,,1,2015-08-01,2015-08-01,11,14,2017-08-01,2,1,6,5,6,2,9000,3000
811514,2017-11-10T00:15:02Z,90733,1984-07-12,2,2001-06-16,3,2,8,3,2015-09-01,1997-01-01,3,12,2017-06-01,15,3,13,5,4,1,15000,12000
809525,2017-11-09T20:19:57Z,90914,1994-04-12,1,2010-06-03,4,0,,4,1994-04-01,1994-04-01,3,4,2014-03-01,5,1,1,2,4,1,7500,3400
814951,2017-11-10T19:51:49Z,91309,1983-08-28,2,2000-02-03,3,1,10,1,2016-09-01,1983-08-01,8,10,2016-02-01,12,1,12,3,,6,12000,4000
813836,2017-11-10T12:48:31Z,91143,1992-01-09,2,2008-01-22,4,0,,5,2000-02-01,2000-02-01,9,11,2016-07-01,10,1,11,2,4,1,10000,5000
813656,2017-11-10T11:34:56Z,91106,1994-06-24,2,2012-10-03,4,0,,4,2013-07-01,1994-06-01,9,5,2012-02-01,5,1,2,1,5,1,8500,4500
815066,2017-11-10T21:09:02Z,91327,1991-05-01,2,2007-12-26,4,0,,5,2015-05-01,2015-05-01,18,22,2015-05-01,3,1,1,5,5,1,8000,2000
809630,2017-11-09T22:05:46Z,90483,1999-06-18,2,2015-07-17,4,0,,5,2016-09-01,2016-09-01,8,10,,1,4,,,8,2,3200,1300
813111,2017-11-10T07:43:09Z,91009,1950-04-01,2,1997-02-13,3,0,,4,2017-10-01,2017-10-01,8,10,2013-03-01,40,1,8,3,9,1,16000,7000
815127,2017-11-10T21:45:29Z,65962,1997-11-25,1,2014-01-15,4,0,,5,2017-07-10,2017-07-10,8,10,2017-07-10,3,3,8,6,,6,14000,7000
814003,2017-11-10T13:43:17Z,91167,1982-12-27,2,1999-03-03,4,1,5,5,2013-02-01,2013-02-01,6,8,2010-02-01,7,1,6,5,,6,5000,2000
809647,2017-11-09T22:21:57Z,90947,1989-08-09,2,2015-02-06,4,0,,1,1995-03-01,1995-03-01,1,2,2017-02-01,15,1,1,3,,6,7500,2000
809712,2017-11-09T23:39:20Z,90959,1987-03-03,2,2003-05-06,4,0,,5,1997-07-01,1997-07-01,3,4,2007-10-01,10,1,7,3,11,1,7000,5000
812926,2017-11-10T04:42:07Z,90986,1998-09-07,2,2014-09-19,4,0,,3,2015-09-01,1998-09-01,4,6,2016-02-01,2,6,12,3,,6,8000,5000
814897,2017-11-10T19:08:49Z,91292,1987-11-14,1,2013-08-03,3,1,3,1,2011-12-01,2011-12-01,10,12,2008-10-01,9,1,2,1,4,1,5000,1500
813960,2017-11-10T13:32:09Z,91165,1993-08-11,2,2010-01-19,4,0,,5,2003-05-01,2003-05-01,23,27,2017-10-01,4,6,5,2,4,1,5600,2800
814321,2017-11-10T15:29:05Z,91219,1992-06-23,2,2008-09-21,4,0,,1,2006-08-01,2006-08-01,8,10,2014-02-01,5,1,8,5,4,1,13000,7000
807635,2017-11-09T05:31:12Z,90637,1993-09-22,2,2010-07-09,3,0,,5,2002-09-01,2002-09-01,20,24,2016-02-01,1,1,6,5,,6,8000,1000
808343,2017-11-09T12:07:24Z,90740,1990-03-13,2,2006-12-13,1,0,,1,2016-10-01,2008-02-01,3,4,2014-04-01,10,1,12,5,,5,6000,5000
808437,2017-11-09T12:47:01Z,50236,1991-06-22,1,2013-10-24,3,0,,1,2014-09-01,2014-09-01,19,23,2014-04-01,4,1,12,6,9,1,5500,2000
808812,2017-11-09T15:23:42Z,90753,1992-05-27,2,2008-07-02,4,0,,1,2008-05-01,2008-05-01,23,27,2016-05-01,6,1,3,1,10,2,8000,2000
809039,2017-11-09T16:31:14Z,90832,1989-10-19,2,2005-11-22,4,1,8,1,1995-01-01,1995-01-01,3,4,2016-12-01,7,1,6,1,,6,5500,2000
808491,2017-11-09T13:09:56Z,86476,1989-01-29,1,2013-08-17,3,1,3,1,2010-01-01,2010-01-01,17,21,2017-02-01,2,6,12,6,4,1,5200,2200
809357,2017-11-09T18:48:00Z,90896,1975-05-03,1,1997-04-24,2,1,14,3,2004-08-01,2004-08-01,14,17,2013-08-01,17,3,12,6,4,1,10000,7000
804421,2017-11-08T22:47:53Z,90590,1995-06-23,2,2012-12-27,4,0,,5,2007-11-01,2007-11-01,16,20,,2,4,,,6,2,4000,4000
807659,2017-11-09T06:12:27Z,90645,1993-08-24,1,2010-01-15,4,0,,5,2017-08-01,1993-08-01,21,25,2017-09-01,12,6,12,3,11,1,6500,500
808120,2017-11-09T10:38:08Z,90338,1958-06-08,2,2002-07-09,3,2,38,3,1969-03-01,1969-03-01,8,10,2000-02-01,35,3,13,6,,6,8000,1500
808657,2017-11-09T14:19:43Z,12554,1998-03-19,2,2014-05-16,4,0,,1,2014-05-10,2014-05-10,4,6,1970-01-01,0,4,,,4,2,4000,500
808801,2017-11-09T15:15:48Z,90809,1990-09-05,1,2014-12-05,3,0,,5,1990-09-01,1990-09-01,2,3,2017-02-01,7,1,5,1,7,1,4700,700
808430,2017-11-09T12:42:31Z,88989,1998-07-11,2,2014-07-18,4,0,,5,1998-07-01,1998-07-01,23,27,2017-07-01,4,1,1,3,9,1,8500,3000
808418,2017-11-09T12:38:03Z,32646,1991-02-18,2,2007-07-06,4,0,,1,2010-05-01,2010-05-01,2,3,2010-07-01,7,1,6,5,11,2,8000,4000
808639,2017-11-09T14:14:43Z,90790,1995-06-01,2,2012-01-13,4,0,,5,2002-08-01,2002-08-01,3,4,,2,4,,,11,1,3000,1500
808619,2017-11-09T14:09:00Z,90788,1986-09-22,1,2000-12-17,1,1,6,1,2015-11-01,1986-09-01,3,4,2015-06-01,13,1,12,6,,6,3500,2700
808842,2017-11-09T15:38:38Z,90815,1994-03-22,1,2012-12-07,3,1,4,3,2013-06-01,1994-03-01,22,26,2015-06-01,3,1,12,3,,6,6800,2500
808443,2017-11-09T12:51:07Z,90760,1997-05-09,1,2016-10-20,3,0,,5,2010-01-01,2010-01-01,9,11,2013-08-01,4,1,10,1,,6,4600,3900
809300,2017-11-09T18:17:08Z,90884,1995-02-08,1,2011-03-17,4,0,,1,2016-10-01,2016-10-01,4,6,2016-08-01,2,1,8,5,,6,3200,700
808073,2017-11-09T10:18:01Z,90697,1972-05-12,2,1999-08-30,1,2,24,6,2010-11-01,2010-11-01,14,17,2015-04-01,7,1,2,3,,5,5700,1000
807950,2017-11-09T09:15:55Z,70174,1993-07-25,2,2009-07-28,4,0,,1,1993-07-01,1993-07-01,8,10,2015-05-01,2,1,12,5,11,1,10000,5000
809416,2017-11-09T19:17:07Z,90903,1980-12-24,2,2014-03-12,3,2,6,5,2013-09-01,2013-09-01,11,14,2005-09-01,12,3,8,6,11,1,15000,13000
809143,2017-11-09T17:19:05Z,90863,1995-02-07,2,2011-12-07,4,0,,5,2009-07-01,2009-07-01,13,16,2017-04-01,2,1,2,5,11,2,7000,5000
809254,2017-11-09T18:00:37Z,90880,1986-12-07,2,2007-11-05,3,1,2,1,2014-05-01,2014-05-01,13,16,2009-07-01,8,1,1,1,11,2,9000,3000
808084,2017-11-09T10:19:55Z,79213,1989-01-27,2,2006-02-15,4,1,4,5,1990-01-01,1990-01-01,9,11,2017-02-01,8,1,11,4,4,1,15000,2000
808764,2017-11-09T15:06:52Z,90802,1986-11-08,1,2009-08-21,3,2,6,5,2005-02-01,2005-02-01,8,10,2016-01-01,12,1,12,2,11,1,10000,3000
807629,2017-11-09T05:19:27Z,90638,1976-02-05,1,1998-07-09,3,2,14,5,2000-03-01,2000-03-01,11,14,2002-09-01,18,1,12,6,9,1,9500,1600
807623,2017-11-09T05:11:59Z,90636,1992-06-27,2,2008-07-12,3,2,3,5,2008-07-01,2008-07-01,15,18,2015-09-01,3,3,12,6,,6,15000,10000
807952,2017-11-09T09:17:43Z,90683,1995-04-23,1,2011-11-15,4,0,,1,2017-03-01,2017-03-01,17,21,2017-09-01,4,1,8,1,4,1,45000,1500
809574,2017-11-09T20:59:37Z,12298,1995-03-27,2,2011-07-08,4,0,,5,2015-09-10,1995-03-10,18,7,2016-09-10,4,1,2,5,9,1,4300,3000
804386,2017-11-08T22:11:50Z,90577,1998-08-09,2,2014-10-29,4,0,,1,2004-05-01,2014-10-01,18,22,,2,4,,,11,2,5000,3000
808496,2017-11-09T13:11:15Z,75599,1970-08-17,2,1996-11-27,3,1,24,5,2010-10-01,2010-10-01,10,12,2006-01-01,25,1,2,2,11,1,6200,1100
807962,2017-11-09T09:21:32Z,90687,1976-04-04,2,2000-12-09,3,1,2,5,2009-03-01,2009-03-01,1,2,2008-05-01,15,1,6,1,,6,9000,2500
808483,2017-11-09T13:07:02Z,90033,1969-09-08,2,1999-10-15,4,0,,1,2010-09-01,2010-09-01,21,25,,20,5,,,,6,5000,1000
808382,2017-11-09T12:19:53Z,90738,1988-09-26,2,2009-08-04,4,0,,5,2005-06-01,2005-06-01,14,17,2011-01-01,6,6,3,6,,6,9000,1500
808472,2017-11-09T13:03:13Z,90769,1989-06-27,1,2013-05-22,3,2,5,5,1996-02-01,1996-02-01,19,23,2015-07-01,8,1,12,6,4,1,6000,4000
808355,2017-11-09T12:10:40Z,90744,1992-11-19,2,2009-02-03,4,0,,1,2017-03-01,1992-11-01,8,25,2017-04-01,6,1,11,6,4,1,10000,4000
808163,2017-11-09T10:53:48Z,90711,1992-09-13,1,2008-12-10,1,0,,1,2017-04-01,2015-07-01,3,4,,2,5,,,9,1,4000,2500
804441,2017-11-08T23:04:41Z,87242,1948-11-13,2,2000-01-21,5,0,,5,1979-06-01,1979-06-01,3,4,2011-11-01,27,1,8,4,7,1,9360,2950
808739,2017-11-09T14:52:53Z,78703,1998-01-27,2,2014-10-01,4,0,,1,2008-06-01,2008-06-01,11,14,2017-06-01,0,1,3,6,,6,5500,3000
808324,2017-11-09T11:58:09Z,90729,1997-07-15,2,2013-08-09,4,0,,1,2017-09-01,2016-07-01,23,8,,2,4,,,11,2,3700,3200
807768,2017-11-09T07:36:52Z,90662,1998-10-02,2,2014-11-27,1,2,5,4,2000-10-01,2000-10-01,13,16,2015-05-01,2,1,2,4,,6,4500,4300
808862,2017-11-09T15:44:01Z,36976,1993-07-12,2,2009-09-25,4,0,,5,1993-07-01,1993-07-01,14,17,2016-12-01,2,1,12,1,4,1,6000,10
804365,2017-11-08T21:59:53Z,72476,1998-12-03,1,2015-03-04,4,1,1,5,2001-06-01,2001-06-01,12,15,2017-08-01,1,3,9,5,,5,5000,4000
807582,2017-11-09T03:21:57Z,90628,1990-03-05,2,2006-06-20,4,0,,1,1990-04-01,1990-04-01,6,8,2015-02-01,6,1,1,4,11,1,8000,4500
807820,2017-11-09T08:00:07Z,47799,1974-11-30,1,2008-03-19,2,1,17,1,1974-11-01,1974-11-01,9,11,2010-11-01,24,1,8,2,,6,4200,10
808081,2017-11-09T10:19:34Z,90699,1973-02-07,1,1997-03-25,2,2,25,5,2000-09-01,2000-09-01,18,22,2011-10-01,25,1,10,5,9,1,9000,6000
809045,2017-11-09T16:34:17Z,90836,1984-05-26,1,2013-04-01,4,1,6,5,2011-05-01,2011-05-01,3,4,2015-03-01,8,1,6,5,,6,6500,1500
809469,2017-11-09T19:40:57Z,90913,1996-12-02,2,2013-01-10,4,0,,5,1996-12-01,1996-12-01,14,17,2017-09-01,1,1,2,6,11,2,6000,5000
809198,2017-11-09T17:41:42Z,71295,1992-09-20,2,2009-02-13,4,0,,1,1992-09-01,1992-09-01,10,12,2013-04-01,5,1,1,5,9,1,10200,5000
802877,2017-11-08T12:35:07Z,90130,1984-07-12,2,2000-08-08,4,0,,2,2000-03-01,2000-03-01,9,11,2007-07-01,9,3,6,6,6,1,8000,5000
803748,2017-11-08T16:46:58Z,90479,1996-04-12,2,2012-06-27,4,0,,4,2017-04-01,2017-04-01,8,10,2016-06-01,1,1,7,2,11,1,16000,12000
802000,2017-11-08T02:12:05Z,90258,1990-10-13,2,2007-11-30,3,0,,1,1990-10-01,1990-10-01,6,8,2016-02-01,7,6,3,4,,6,3200,3200
804096,2017-11-08T18:59:24Z,90507,1991-03-28,2,2014-08-13,4,0,,5,2016-03-01,2004-05-01,23,27,2017-07-01,5,1,12,3,,6,7000,7000
802780,2017-11-08T12:08:22Z,26466,1988-01-20,2,2007-08-01,3,1,3,5,1988-01-01,1988-01-01,13,16,2011-03-01,8,1,12,5,,5,12000,10
802845,2017-11-08T12:26:46Z,83852,1956-07-17,1,1996-04-02,2,1,34,5,2012-10-01,2012-10-01,19,23,1984-01-01,38,1,10,4,8,1,3392,2000
801933,2017-11-08T00:35:43Z,90250,1993-08-08,2,2009-10-14,4,0,,1,1993-08-01,1993-08-01,18,22,2011-10-01,5,1,13,5,10,1,5000,3500
803940,2017-11-08T17:56:53Z,90508,1996-04-04,2,2012-11-06,4,0,,1,1996-04-01,1996-04-01,11,14,2014-09-01,3,1,6,3,10,2,8000,6000
802539,2017-11-08T10:34:42Z,82416,1996-10-05,1,2016-01-25,3,1,1,1,1996-10-01,1996-10-01,3,4,2015-03-01,3,6,4,6,4,2,10000,3500
802454,2017-11-08T09:59:08Z,90330,1995-08-31,2,2011-11-17,5,0,,5,1995-08-01,1995-08-01,20,24,,4,4,,,1,2,7000,2000
803109,2017-11-08T13:49:54Z,89383,1986-01-13,2,2002-04-15,3,1,7,5,1986-01-01,1986-01-01,13,16,2017-08-01,14,1,3,4,2,1,12000,200
801954,2017-11-08T01:01:04Z,90253,1994-09-26,2,2011-07-28,2,0,,1,2010-01-01,2010-01-01,3,4,2017-04-01,3,1,2,1,,6,4500,1500
803076,2017-11-08T13:39:32Z,90421,1992-04-04,2,2008-08-28,3,0,,1,2016-12-01,1992-04-01,5,7,2015-11-01,5,1,2,1,6,1,8100,2500
803253,2017-11-08T14:30:56Z,90433,1994-04-30,2,2010-11-05,4,0,,4,2009-03-01,2009-03-01,23,27,2015-10-01,3,1,5,2,10,1,9000,3000
801980,2017-11-08T01:47:42Z,90257,1990-08-10,2,2006-10-26,4,0,,1,1996-08-01,1996-08-01,8,10,2015-05-01,6,1,3,3,4,2,7500,7500
804356,2017-11-08T21:55:09Z,89030,1988-03-04,2,2005-06-05,4,0,,1,1995-03-01,1995-03-01,9,11,2009-09-01,8,1,10,3,10,1,5000,3000
803985,2017-11-08T18:18:40Z,90519,1991-12-26,2,2008-02-26,4,0,,5,2008-02-01,2015-03-01,3,4,2016-09-01,7,1,6,5,3,1,15000,3500
803722,2017-11-08T16:37:55Z,90473,1982-11-04,2,2001-05-31,4,0,,1,1985-07-01,1985-07-01,3,4,2013-10-01,14,1,6,3,,6,5000,2000
798170,2017-11-07T16:36:20Z,90125,1995-09-20,2,2013-02-06,3,0,,5,2016-04-01,2016-04-01,9,11,2015-06-01,2,1,2,4,1,1,7500,6000
803584,2017-11-08T16:02:53Z,90466,1994-06-10,2,2011-05-24,4,0,,5,1994-06-01,1994-06-01,12,15,2013-06-01,4,1,13,1,,6,12000,5000
802966,2017-11-08T13:09:54Z,66922,1990-04-10,1,2016-02-25,3,1,8,3,1994-06-01,1994-06-01,14,17,2014-03-01,10,1,11,4,4,7,12500,10000
803553,2017-11-08T15:58:25Z,88899,1984-12-27,2,2001-12-01,3,1,10,1,2013-04-01,2013-04-01,6,8,2010-07-01,18,1,1,5,4,7,10500,4000
802437,2017-11-08T09:48:55Z,89617,1972-07-23,2,1997-09-12,3,1,13,1,1987-01-01,1987-01-01,18,22,2013-10-01,21,1,2,2,11,1,5200,1000
803276,2017-11-08T14:41:14Z,81910,1991-12-18,1,2014-07-02,3,1,3,1,1991-12-01,1991-12-01,6,8,2010-03-01,7,1,12,5,10,2,10000,3000
798581,2017-11-07T19:57:38Z,90192,1976-04-21,1,1996-07-11,3,1,19,5,1985-03-01,1985-03-01,3,4,2007-05-01,10,1,7,5,10,1,10000,1500
803087,2017-11-08T13:42:39Z,79644,1985-05-07,2,2001-07-10,3,0,,5,2007-01-01,2007-01-01,8,10,2007-02-01,11,1,2,5,11,1,11000,5000
803295,2017-11-08T14:44:44Z,90362,1989-10-23,2,2006-03-16,4,0,,1,1989-08-01,1989-08-01,8,10,2016-04-01,4,6,12,3,4,1,6000,4000
802915,2017-11-08T12:52:38Z,85702,1963-05-01,2,2001-03-20,2,1,27,5,1975-01-01,1975-01-01,21,25,,27,2,,,,6,7000,1400
798746,2017-11-07T21:49:54Z,90223,1988-06-19,2,2005-02-19,3,1,1,1,1992-09-01,1992-09-01,3,4,2008-10-01,12,1,6,5,,6,13000,4000
802479,2017-11-08T10:08:42Z,90328,1983-12-23,2,2000-11-23,3,0,,1,2012-04-01,2012-04-01,8,10,2015-08-01,8,1,12,6,,5,7500,3000
803355,2017-11-08T15:01:51Z,88918,1997-07-22,2,2013-10-27,4,0,,1,2002-10-01,2002-10-01,20,24,,1,4,,,,6,6000,5000
804042,2017-11-08T18:32:57Z,90503,1984-09-18,1,2012-10-02,2,3,16,5,1984-09-01,1984-09-01,9,11,,4,5,,,,6,5000,3700
798792,2017-11-07T22:35:40Z,90230,1984-05-20,2,2000-07-20,4,0,,5,1984-06-01,1984-06-01,18,22,2011-03-01,12,1,13,1,,6,6300,2550
798832,2017-11-07T23:43:17Z,90244,1988-03-05,2,2010-10-27,3,0,,4,2011-06-01,2011-06-01,9,11,2014-07-01,8,1,11,6,,6,5500,3400
802686,2017-11-08T11:43:45Z,90353,1996-03-26,1,2012-04-17,4,0,,1,2014-03-01,2014-03-01,6,8,2017-02-01,3,6,12,3,10,2,5000,2500
798779,2017-11-07T22:21:01Z,89907,1989-08-08,2,2005-12-22,4,0,,3,1989-08-01,1989-08-01,3,4,2017-05-01,5,1,6,6,4,1,6800,3200
801960,2017-11-08T01:15:18Z,90255,1989-01-16,1,2010-10-22,3,0,,1,2013-01-01,2013-01-01,8,10,2013-10-01,5,3,12,6,10,1,12000,7000
803070,2017-11-08T13:36:53Z,90412,1996-08-16,2,2012-10-12,4,0,,1,2016-06-01,2016-06-01,7,9,2016-06-01,4,1,1,4,6,1,1150,5000
798295,2017-11-07T17:40:14Z,89325,1994-05-22,2,2010-10-22,4,0,,1,2000-01-01,2000-01-01,1,2,2016-09-01,2,1,10,2,,6,4200,2600
803746,2017-11-08T16:46:41Z,89812,1993-04-15,2,2009-08-13,4,0,,3,2012-08-01,2012-08-01,3,4,2013-03-01,4,1,6,5,,6,11000,6000
802911,2017-11-08T12:48:32Z,90395,1995-07-14,1,2011-11-22,4,0,,1,1995-07-01,1995-07-01,4,6,2017-03-01,2,1,7,5,,6,6500,1000
802744,2017-11-08T11:56:58Z,90371,1990-04-18,2,2006-11-30,1,1,9,5,1990-04-01,1990-04-01,8,10,2016-03-01,8,1,13,2,,6,7000,5000
803769,2017-11-08T16:52:48Z,90485,1983-12-20,1,2011-09-21,3,2,10,1,2015-10-01,2003-05-01,3,4,2017-02-01,14,1,11,2,4,1,12000,8000
802946,2017-11-08T13:03:48Z,37307,1989-06-08,2,2005-08-11,3,1,3,3,1989-06-01,1989-06-01,7,9,2010-10-01,12,3,3,6,4,2,9000,10
792858,2017-11-06T16:30:11Z,89734,1949-11-18,1,2002-12-29,4,0,,5,1985-09-01,1985-09-01,16,20,,20,2,,,,5,5000,1500
797170,2017-11-07T10:28:16Z,89899,1989-08-25,2,2005-10-18,4,0,,3,2014-10-01,2014-10-01,8,10,2017-02-01,15,1,11,1,11,2,10500,2000
797531,2017-11-07T12:51:32Z,76967,1990-07-30,2,2006-10-12,4,0,,1,2016-11-01,2016-11-01,22,26,2016-12-01,8,1,2,3,4,1,3200,1300
798588,2017-11-07T20:02:54Z,71041,1992-07-03,1,2013-05-21,3,1,3,1,2000-02-01,2000-02-01,17,21,2016-11-01,1,1,11,4,4,1,3200,900
796638,2017-11-07T02:33:32Z,78628,1988-02-19,2,2015-08-19,4,0,,3,2000-06-01,2000-06-01,23,27,2016-11-01,8,1,3,5,11,1,8000,4000
798666,2017-11-07T21:03:32Z,90213,1993-08-04,2,2009-10-14,4,0,,1,1993-08-01,1993-08-01,1,2,2014-09-01,4,1,2,2,1,1,6300,3000
797573,2017-11-07T13:05:27Z,90027,1983-10-07,2,2016-05-17,4,0,,5,2005-02-01,2005-02-01,19,23,2017-08-01,10,6,7,6,,5,4500,2000
796721,2017-11-07T05:51:17Z,89894,1985-06-04,1,2006-12-28,3,2,11,5,1986-05-01,1986-05-01,4,6,2014-03-01,10,1,12,6,,6,6000,2500
798320,2017-11-07T17:58:56Z,73904,1997-07-11,1,2013-11-13,4,0,,1,2004-08-01,2004-08-01,12,15,2017-07-01,3,1,8,5,,6,4500,1000
796986,2017-11-07T08:52:39Z,89931,1999-07-30,1,2015-08-21,4,0,,1,2004-10-01,2004-10-01,12,15,,0,4,,,,5,2500,1700
797734,2017-11-07T14:07:36Z,90064,1996-05-08,2,2012-06-15,4,0,,1,1996-05-01,1996-05-01,16,20,,2,4,,,11,1,5000,3500
796803,2017-11-07T06:59:39Z,89903,1989-06-01,2,2005-12-01,4,0,,2,1996-11-01,1996-11-01,14,17,2012-02-01,5,1,2,4,4,1,4900,700
797985,2017-11-07T15:37:15Z,90104,1997-09-17,2,2013-11-23,1,0,,3,2016-09-01,2016-09-01,19,23,,1,4,,,10,1,6900,2590
797304,2017-11-07T11:26:37Z,23917,1994-10-16,2,2011-02-09,4,0,,1,2017-07-01,2017-07-01,1,2,2017-07-01,1,3,13,6,11,1,6800,10
797986,2017-11-07T15:37:21Z,90100,1989-02-22,2,2005-10-04,4,0,,1,2006-03-01,2006-03-01,3,4,2017-05-01,1,6,11,2,11,1,3000,1000
798621,2017-11-07T20:28:39Z,90197,1960-02-11,2,1998-07-08,3,2,33,5,2014-04-01,1984-08-01,18,13,,35,2,,,11,1,12000,8500
797318,2017-11-07T11:29:44Z,68756,1991-07-06,2,2007-08-13,3,0,,1,2015-08-10,2009-09-10,13,16,2017-08-10,3,1,3,3,,6,10000,8000
798351,2017-11-07T18:12:07Z,90155,1996-01-30,1,2016-07-05,3,0,,5,1996-01-01,1996-01-01,16,20,2015-01-01,4,1,12,3,6,1,3400,2100
793449,2017-11-06T22:58:57Z,88973,1988-08-17,2,2004-09-30,4,0,,5,1993-07-01,1993-07-01,18,22,2017-11-01,7,1,6,1,8,1,5000,2500
797765,2017-11-07T14:17:25Z,90062,1993-05-27,1,2014-07-12,3,1,3,1,2013-02-01,2013-02-01,6,8,2016-09-01,3,1,10,3,3,1,5000,2500
797175,2017-11-07T10:28:57Z,89958,1989-06-05,1,2005-08-19,1,0,,1,2015-03-01,1999-09-01,12,15,2015-09-01,10,1,12,3,,6,5500,2000
797888,2017-11-07T15:10:18Z,90076,1961-07-25,2,2002-05-14,3,2,38,5,2005-01-01,2005-01-01,8,10,2016-02-01,41,1,11,6,,5,10000,3500
797686,2017-11-07T13:48:09Z,65057,1996-05-13,1,2015-08-29,3,0,,1,1996-05-10,1996-05-10,6,8,2015-09-01,2,6,12,6,,6,4000,4000
798250,2017-11-07T17:18:49Z,89435,1991-02-04,2,2007-08-29,4,0,,5,2001-01-01,2001-01-01,9,11,2014-03-01,8,1,3,6,,6,10000,4000
798245,2017-11-07T17:16:46Z,43675,1990-01-24,2,2006-03-03,4,0,,1,2006-03-10,2006-03-10,19,23,2017-04-10,9,6,3,6,,6,6000,3500
796724,2017-11-07T05:52:19Z,89895,1995-11-14,2,2011-12-12,4,0,,1,2015-08-01,1995-11-01,14,17,2013-08-01,6,3,7,6,11,2,7500,5000
797029,2017-11-07T09:13:55Z,89936,1989-12-22,2,2006-02-22,4,0,,4,1989-12-01,1989-12-01,9,11,2016-12-01,9,1,13,3,4,1,8000,1000
793461,2017-11-06T23:10:50Z,89858,1979-11-03,2,2004-12-04,4,0,,5,2014-02-01,2014-02-01,9,11,2014-01-01,18,1,13,1,11,1,30000,20000
797367,2017-11-07T12:00:40Z,89970,1989-01-01,2,2016-10-27,4,0,,4,2017-01-01,2017-01-01,8,10,2016-07-01,10,1,2,3,3,7,20000,8000
796613,2017-11-07T00:57:56Z,51455,1990-06-29,2,2007-02-20,4,0,,5,2007-02-10,2007-02-10,5,7,2016-02-01,7,1,11,5,11,1,5000,3000
797432,2017-11-07T12:19:07Z,90007,1999-01-09,2,2015-11-23,4,0,,5,1999-01-01,1999-01-01,2,3,2017-03-01,1,1,3,1,,6,7000,4000
796848,2017-11-07T07:37:07Z,89913,1986-11-30,2,2003-01-23,4,0,,4,2017-01-01,2003-05-01,13,8,2016-10-01,8,1,12,4,4,1,11000,8000
797287,2017-11-07T11:18:49Z,89977,1999-07-07,2,2015-08-04,4,0,,1,2003-01-01,2003-01-01,22,26,,0,4,,,11,1,5000,4000
796864,2017-11-07T07:47:31Z,89914,1978-03-06,1,2000-12-09,1,1,16,1,2015-03-01,1994-05-01,3,4,2016-07-01,12,1,5,1,11,1,4500,300
797427,2017-11-07T12:17:47Z,89996,1987-03-28,2,2003-07-02,4,0,,5,1987-03-01,1987-03-01,18,22,2013-11-01,10,1,1,5,,6,7500,4000
796916,2017-11-07T08:16:58Z,86548,1980-08-31,2,1998-12-23,3,1,12,3,2016-10-01,2016-10-01,11,14,2010-07-01,2,3,12,6,,6,10000,2000
798640,2017-11-07T20:43:28Z,90208,1996-04-03,1,2012-05-10,4,0,,1,1996-04-01,1996-04-01,20,24,2016-12-01,2,1,12,6,6,2,9000,3000
797048,2017-11-07T09:19:15Z,85877,1986-08-19,1,2006-01-10,3,0,,1,1998-12-01,1998-12-01,3,4,,2,2,,,,6,1665,500
796621,2017-11-07T01:08:41Z,89875,1985-02-23,2,2007-12-20,3,2,5,5,2013-11-01,2013-11-01,10,12,2011-01-01,10,3,12,6,9,7,15000,8700
797296,2017-11-07T11:23:49Z,89976,1988-01-29,2,2015-08-10,3,1,2,1,2015-07-01,2015-07-01,3,4,2017-06-01,5,6,6,3,,6,7500,4500
792927,2017-11-06T17:05:38Z,45660,1992-12-18,2,2009-08-26,3,1,1,1,2010-09-01,2010-09-01,6,8,2013-09-01,4,1,12,1,,5,2000,4500
791761,2017-11-06T09:55:56Z,89547,1985-07-04,2,2010-01-13,1,0,,4,2016-04-01,1987-02-01,13,15,2017-04-01,14,1,3,6,,6,20000,8000
793333,2017-11-06T21:07:06Z,89826,1972-08-05,1,2010-02-09,1,2,16,5,2004-11-01,2004-11-01,18,22,1995-08-01,20,1,10,4,6,1,7000,4500
792582,2017-11-06T14:41:16Z,89691,1998-10-30,2,2015-02-05,4,0,,5,2006-03-01,2006-03-01,19,23,2017-09-01,2,6,7,6,,5,4000,1500
791412,2017-11-06T05:28:54Z,88988,1988-01-17,2,2005-01-17,4,0,,5,2014-02-01,2014-02-01,3,4,2015-04-01,10,1,3,1,,6,8000,2000
792245,2017-11-06T12:28:39Z,89637,1985-10-05,1,2011-11-17,2,3,12,1,1996-08-01,1996-08-01,14,17,2015-04-01,2,6,12,6,,6,5700,1000
792055,2017-11-06T11:18:49Z,89595,1980-06-15,2,2009-02-07,4,0,,5,1990-05-01,1990-05-01,10,12,2013-09-01,17,1,12,1,,6,8000,4500
791414,2017-11-06T05:29:42Z,89489,1996-08-07,2,2012-10-02,4,0,,5,2016-06-01,1996-08-01,3,4,2015-07-01,3,1,6,1,,6,5000,3500
791798,2017-11-06T10:07:59Z,89554,1971-12-25,2,1998-07-23,3,1,22,5,1993-08-01,2015-09-01,8,10,2012-07-01,27,1,11,5,11,1,12500,2500
792351,2017-11-06T12:58:48Z,89630,1991-10-28,1,2008-07-17,4,0,,1,2009-04-01,2009-04-01,20,24,2012-04-01,5,1,12,3,,6,3900,3000
792530,2017-11-06T14:16:16Z,89684,1970-03-18,2,2000-11-08,4,0,,5,1981-07-01,1981-07-01,6,8,2000-04-01,28,1,6,4,11,2,4300,2000
792036,2017-11-06T11:11:59Z,88432,1971-01-17,1,2012-07-30,2,1,26,5,2007-09-01,2007-09-01,3,4,2014-04-01,28,1,12,3,,6,4500,1500
792846,2017-11-06T16:25:58Z,79043,1996-04-02,2,2013-01-12,4,0,,1,2014-09-01,2014-09-01,14,17,,2,4,,,4,2,3000,1500
792182,2017-11-06T12:06:05Z,89626,1988-08-21,2,2005-03-28,3,3,6,1,1988-08-01,1988-08-01,11,14,2017-03-01,9,3,12,6,11,1,9000,5000
793302,2017-11-06T20:52:44Z,89433,1989-02-13,2,2005-05-19,4,0,,1,1993-02-01,1993-02-01,3,4,2015-08-01,8,1,12,3,10,1,7000,2000
791833,2017-11-06T10:21:28Z,89569,1997-05-19,2,2014-07-06,4,0,,4,1997-05-01,1997-05-01,6,8,,3,4,,,5,2,6000,2000
791884,2017-11-06T10:36:32Z,89571,1977-03-21,2,2001-10-16,3,2,15,1,1977-03-01,1977-03-01,14,17,2017-04-01,20,1,1,1,9,1,7300,7000
792244,2017-11-06T12:28:17Z,89612,1981-07-19,2,1998-03-12,2,0,,5,2005-02-01,2005-02-01,7,9,2017-03-01,7,6,13,6,7,1,10000,7000
792363,2017-11-06T13:07:02Z,89631,1995-08-11,1,2013-04-23,4,1,1,5,2000-05-01,2000-05-01,11,14,,5,5,,,4,1,3000,1000
792885,2017-11-06T16:42:14Z,89737,1996-07-07,2,2012-11-08,4,0,,2,2013-09-01,2013-09-01,3,4,2015-09-01,3,3,3,6,,6,4000,2500
792736,2017-11-06T15:49:00Z,89701,1988-12-12,2,2005-02-01,3,0,,1,2015-02-01,1996-01-01,8,13,2013-04-01,10,3,4,6,11,1,25000,8000
791926,2017-11-06T10:42:39Z,89575,1994-06-23,1,2010-07-20,4,0,,1,2010-11-01,2010-11-01,9,11,2016-06-01,4,1,12,3,4,2,7000,3000
791441,2017-11-06T06:16:51Z,89499,1981-02-24,1,2016-02-22,3,2,8,5,2014-12-01,2014-12-01,3,4,2015-04-01,14,1,13,6,,6,6500,2500
792196,2017-11-06T12:11:17Z,89635,1969-01-22,2,1997-04-24,3,2,24,1,2001-05-01,2001-05-01,8,10,2016-03-01,15,3,7,6,3,1,7000,2500
792890,2017-11-06T16:45:58Z,89731,1966-08-21,1,1997-03-27,3,1,22,1,1982-09-01,1982-09-01,18,22,1999-05-01,29,1,10,5,11,1,4700,1500
791981,2017-11-06T11:01:37Z,89585,1989-06-09,1,2014-10-21,3,1,3,3,2014-03-01,1989-06-01,3,4,2012-01-01,8,1,12,6,,6,4000,1000
793307,2017-11-06T21:01:11Z,89823,1993-07-06,2,2009-09-17,3,1,4,1,2016-05-01,2016-06-01,19,23,2017-05-01,7,1,12,3,10,1,6000,3000
793368,2017-11-06T21:39:55Z,89836,1996-05-26,2,2012-06-17,4,0,,4,1996-05-01,1996-05-01,14,17,2015-01-01,3,1,1,5,,6,10000,7000
791664,2017-11-06T08:49:17Z,73531,1980-12-04,1,2008-10-31,3,2,8,1,2008-08-01,2007-11-01,14,17,2015-02-01,15,1,12,5,,5,4500,1000
792101,2017-11-06T11:34:35Z,89609,1989-12-25,2,2006-05-25,3,1,2,5,2010-12-01,2010-12-01,13,16,2014-03-01,8,1,1,1,9,1,11000,2500
788172,2017-11-05T23:04:37Z,89459,1990-07-02,2,2006-07-10,4,0,,4,1992-04-01,1992-04-01,3,4,2012-03-01,5,1,2,5,,6,8700,3400
793060,2017-11-06T18:04:31Z,89768,1982-08-18,2,2013-03-06,3,3,8,5,2008-07-01,2008-07-01,13,16,2004-11-01,16,1,3,6,,6,25000,20000
792447,2017-11-06T13:48:35Z,89673,1984-02-24,1,2004-06-03,2,0,,5,2011-06-01,1990-03-01,18,22,2015-04-01,9,1,8,3,,6,6000,1000
792078,2017-11-06T11:23:50Z,89599,1985-09-21,2,2007-05-15,4,0,,4,1985-09-01,1985-09-01,21,25,2007-05-01,10,1,6,1,11,1,5000,3000
793248,2017-11-06T20:20:42Z,89805,1984-02-19,1,2006-11-24,3,2,10,5,2006-11-01,2006-11-01,5,7,2002-01-01,15,1,8,4,6,1,4500,1500
792240,2017-11-06T12:26:58Z,89639,1998-02-22,2,2014-05-05,4,0,,1,2015-09-01,2004-01-01,6,8,,0,4,,,11,2,1500,300
792978,2017-11-06T17:37:29Z,89765,1994-04-13,2,2010-06-14,4,0,,6,2002-06-01,2002-06-01,3,4,2012-06-01,5,1,3,3,2,1,12000,3500
791862,2017-11-06T10:30:26Z,43728,1997-10-10,2,2016-05-28,4,0,,1,1998-06-10,1998-06-10,12,15,2017-03-01,1,1,12,5,10,2,5000,500
791802,2017-11-06T10:12:26Z,89562,1982-09-05,2,2005-09-22,3,1,1,5,1982-09-01,1982-09-01,18,22,2004-01-01,17,1,2,4,8,1,9500,1500
791887,2017-11-06T10:37:06Z,43154,1993-01-04,2,2009-02-10,4,0,,1,1993-01-01,1993-01-01,8,10,2014-03-01,4,1,2,1,9,1,8000,5600
788125,2017-11-05T22:17:57Z,89445,1988-01-23,1,2013-07-18,3,1,9,5,2010-10-01,2010-10-01,13,16,2011-07-01,10,1,11,6,,6,7000,1000
791953,2017-11-06T10:51:12Z,89574,1979-04-21,2,1995-06-02,2,1,6,1,1986-01-01,1986-01-01,12,15,2015-10-01,2,6,7,2,11,1,10000,6000
793214,2017-11-06T19:58:41Z,89796,1956-01-01,2,2016-05-31,5,0,,5,2014-12-01,1978-04-01,3,5,,30,2,,,11,1,10727,8000
792096,2017-11-06T11:31:52Z,89601,1990-07-13,2,2007-05-14,3,0,,3,2016-12-01,2012-01-01,14,5,2016-11-01,8,1,11,3,,6,6000,4500
791804,2017-11-06T10:13:02Z,89561,1987-05-20,1,2004-09-10,4,1,5,1,2014-10-01,2004-11-01,22,26,2007-03-01,12,1,11,3,4,1,9500,3000
792543,2017-11-06T14:20:04Z,89615,1981-07-04,2,1997-07-04,2,2,10,5,1994-01-01,1994-01-01,3,4,2005-07-01,16,1,13,6,11,1,10000,7000
793239,2017-11-06T20:16:39Z,89804,1984-02-09,1,2015-04-30,3,1,10,5,1985-02-01,1985-02-01,8,10,2016-08-01,13,1,11,2,10,1,8000,5000
793279,2017-11-06T20:39:32Z,89807,1972-05-27,2,1999-06-08,3,2,23,5,2015-05-01,2015-05-01,19,23,2003-10-01,24,1,8,4,,6,2700,1500
786835,2017-11-05T08:21:10Z,89138,1994-03-01,1,2010-06-30,4,0,,1,1999-11-01,1999-11-01,3,4,2016-02-01,1,1,12,5,10,1,3400,2000
788038,2017-11-05T21:06:29Z,84505,1992-04-23,2,2009-02-07,4,0,,5,1992-04-01,1992-04-01,4,6,2015-04-01,2,1,12,6,,6,5000,3500
787609,2017-11-05T15:31:40Z,89335,1981-09-23,2,1999-03-16,4,0,,1,1983-07-01,1983-07-01,13,16,2015-06-01,6,6,7,6,11,2,8000,4500
788031,2017-11-05T21:02:33Z,89436,1998-10-04,2,2014-11-15,4,0,,3,2015-09-01,2015-09-01,18,22,,1,4,,,6,2,3000,2500
787808,2017-11-05T17:54:04Z,89381,1984-01-23,1,2000-05-04,4,0,,1,2000-03-01,2000-03-01,15,18,2006-09-01,10,1,8,5,,6,5800,4000
787168,2017-11-05T11:46:09Z,89158,1991-09-21,1,2008-02-27,3,3,7,5,2016-02-01,2016-02-01,4,6,2017-04-01,5,3,11,6,,5,6500,2500
786775,2017-11-05T07:49:46Z,78789,1977-04-26,2,1999-11-23,3,2,12,5,2009-01-01,2006-09-01,15,18,,23,2,,,9,1,7500,4500
786842,2017-11-05T08:22:44Z,89140,1988-11-16,2,2005-05-24,2,0,,5,1988-11-01,1988-11-01,8,10,2015-10-01,5,1,12,5,9,1,10000,10000
786886,2017-11-05T08:42:30Z,89145,1987-11-09,2,2004-06-04,3,0,,1,2000-11-01,2000-11-01,17,21,2009-02-01,7,3,7,6,3,1,12000,5000
786962,2017-11-05T09:25:57Z,89161,1990-05-29,2,2006-06-06,4,0,,5,2013-09-01,2010-08-01,4,10,2013-02-01,4,1,7,5,6,1,7500,500
786615,2017-11-05T04:23:37Z,72230,1988-05-09,2,2004-07-09,3,1,4,1,1999-06-01,1999-06-01,13,16,2013-06-01,12,1,11,2,,6,6000,5000
786635,2017-11-05T05:07:17Z,50716,1999-03-21,2,2017-02-22,4,0,,5,1999-03-10,1999-03-10,1,2,1970-01-01,0,5,,,,6,9560,3250
786914,2017-11-05T09:05:35Z,89156,1998-07-08,2,2014-08-28,4,0,,1,2014-08-01,2014-08-01,19,23,,0,4,,,,3,5500,4000
787871,2017-11-05T18:42:34Z,89392,1994-01-03,2,2010-06-10,4,0,,5,2014-03-01,2014-03-01,16,20,2014-05-01,3,1,13,1,5,1,3500,3500
787222,2017-11-05T12:11:28Z,89231,1989-06-22,1,2012-06-08,3,2,5,1,2006-05-01,2006-05-01,21,25,2011-07-01,6,1,10,2,6,1,4500,4000
786782,2017-11-05T07:52:38Z,89130,1986-11-22,2,2004-12-23,3,0,,5,1999-03-01,1999-03-01,18,22,2012-08-01,13,1,12,2,,6,8000,4000
787901,2017-11-05T18:58:56Z,89109,1979-12-01,2,2010-04-16,4,0,,4,2000-12-01,2000-12-01,11,14,,11,5,,,,5,5000,3000
787762,2017-11-05T17:31:04Z,89373,1989-12-05,1,2012-10-25,3,1,4,5,2017-02-01,1995-05-01,3,4,2016-07-01,8,1,13,5,,6,5000,3000
786621,2017-11-05T04:39:40Z,63276,1985-05-23,1,2010-10-18,3,2,6,5,1985-05-01,1985-05-01,20,24,2014-03-01,5,1,12,6,4,1,5600,10
783440,2017-11-04T22:47:44Z,89087,1989-06-08,2,2005-10-11,4,0,,1,1989-06-01,1989-06-01,6,8,2017-01-01,5,1,6,5,4,1,5000,3200
788094,2017-11-05T21:39:12Z,89443,1974-09-01,2,2009-02-04,3,1,20,6,2000-09-01,2000-09-01,2,3,2004-10-01,20,1,11,6,11,1,17000,7000
787194,2017-11-05T11:55:17Z,89228,1998-05-11,1,2014-06-24,4,0,,1,2017-01-01,2017-01-01,15,18,2017-01-01,1,1,4,3,,6,4000,1500
786693,2017-11-05T06:30:26Z,89117,1987-05-21,2,2012-10-19,4,0,,4,2003-05-01,2003-05-01,16,20,2016-10-01,10,3,11,6,11,1,9200,4400
783462,2017-11-04T23:37:47Z,89091,1996-07-10,2,2012-10-23,4,0,,1,2015-09-01,2015-09-01,8,10,2017-05-01,5,1,12,5,11,1,8000,3000
787376,2017-11-05T13:37:16Z,89284,1996-03-31,2,2016-06-24,4,0,,5,2014-06-01,2014-06-01,16,20,,3,4,,,9,1,20000,5500
787093,2017-11-05T10:48:28Z,89208,1987-10-08,1,2007-06-21,3,2,9,1,2015-03-01,2015-03-01,4,6,,3,5,,,,6,4200,2000
787324,2017-11-05T13:08:07Z,89265,1991-03-04,2,2007-04-02,4,0,,2,2002-12-01,2002-12-01,13,16,2017-06-01,4,1,2,2,9,1,4500,2500
787482,2017-11-05T14:37:50Z,89259,1996-08-28,1,2012-08-19,4,0,,1,2013-08-01,2013-08-01,6,8,2016-06-01,4,1,12,2,6,1,8500,4000
783239,2017-11-04T18:42:55Z,89028,1993-09-05,2,2009-10-08,4,0,,5,1993-09-01,1993-09-01,18,22,2017-03-01,6,1,3,6,,6,7800,5400
787628,2017-11-05T15:51:03Z,89347,1967-09-21,1,2002-03-21,2,1,30,5,1969-01-01,1969-01-01,18,22,1969-09-01,33,1,4,3,6,1,9000,3000
787817,2017-11-05T18:00:00Z,89389,1982-02-26,2,1998-11-10,4,1,11,3,1989-01-01,1989-01-01,3,4,2014-12-01,14,3,12,6,9,1,10000,8000
787364,2017-11-05T13:31:17Z,89273,1958-09-09,2,2000-04-28,3,3,7,5,2005-04-01,2005-04-01,3,4,,36,5,,,11,1,8500,5000
787399,2017-11-05T13:58:14Z,89268,1983-02-06,2,2000-03-03,4,0,,4,2017-05-01,2000-04-01,3,5,2017-05-01,1,6,3,5,,6,9000,7000
787997,2017-11-05T20:37:13Z,89429,1994-01-07,1,2014-05-24,3,2,5,1,1994-01-01,1994-01-01,21,25,2017-01-01,5,1,11,6,,6,8000,4000
783318,2017-11-04T20:07:08Z,84767,1988-12-06,2,2005-02-04,3,1,3,1,1992-02-01,1992-02-01,18,22,2009-03-01,9,1,2,5,,6,8000,6500
786683,2017-11-05T06:06:54Z,87616,1984-03-28,2,2000-06-21,4,0,,5,2013-04-01,2013-04-01,19,23,2016-08-01,8,1,12,5,,6,8500,5000
788055,2017-11-05T21:15:18Z,89440,1990-09-09,1,2015-05-07,3,2,6,5,2010-09-01,2010-09-01,10,12,2010-09-01,11,1,10,3,,6,4500,2000
787233,2017-11-05T12:18:04Z,89229,1990-08-13,1,2015-10-30,3,2,4,1,2013-04-01,2013-01-01,6,8,2011-08-01,9,1,8,5,,6,12000,2000
783167,2017-11-04T17:39:52Z,85885,1988-11-03,2,2004-12-23,4,0,,5,1988-11-01,1988-11-01,8,10,2014-09-01,3,1,10,6,9,7,12000,6000
781760,2017-11-04T03:57:16Z,88709,1982-06-24,2,1999-06-08,4,0,,5,2004-04-01,2004-04-01,3,4,2004-11-01,17,1,6,1,,6,7800,3100
782723,2017-11-04T13:49:52Z,81630,1964-09-20,2,2003-01-22,1,0,,1,2003-01-01,2003-01-01,12,15,2016-01-01,23,1,13,3,,5,7000,1200
782544,2017-11-04T12:12:10Z,88874,1992-11-27,2,2009-03-10,3,1,1,5,2000-07-01,2000-07-01,8,10,2015-12-01,2,1,12,5,,6,7000,6000
782353,2017-11-04T10:57:29Z,49188,1991-01-13,2,2008-07-03,4,0,,1,1991-01-10,1991-01-10,10,12,2013-07-10,5,1,2,1,,6,6100,4000
782187,2017-11-04T09:50:06Z,88790,1990-12-10,2,2007-08-14,4,0,,1,2000-10-01,2000-10-01,6,8,2015-07-01,4,1,11,3,,6,9000,3000
782273,2017-11-04T10:21:36Z,88807,1991-08-23,2,2009-06-16,4,0,,5,2007-04-01,2007-04-01,18,22,2016-09-01,4,1,6,1,,5,5800,2000
782966,2017-11-04T15:55:48Z,88969,1978-01-02,1,2012-11-30,3,3,16,1,1989-12-01,2012-11-01,12,15,,5,5,,,,6,4000,2000
782079,2017-11-04T09:00:29Z,88771,1998-07-08,2,2014-07-26,4,0,,1,2010-08-01,2010-08-01,18,22,,2,4,,,10,2,5000,1500
782112,2017-11-04T09:18:19Z,88763,1983-02-13,1,2012-09-27,3,2,9,5,1983-02-01,1983-02-01,23,27,2005-04-01,15,1,8,4,,6,5000,3500
782868,2017-11-04T15:18:19Z,88932,1994-07-12,1,2010-11-26,4,0,,5,2017-09-01,1994-07-01,8,14,2016-02-01,7,1,9,3,6,1,10000,8000
782502,2017-11-04T11:56:40Z,80980,1993-11-08,2,2009-12-12,4,0,,1,2004-01-01,2004-01-01,14,17,2017-02-01,2,1,12,2,,6,4000,3000
778601,2017-11-03T22:18:22Z,8149,1982-01-01,1,2015-12-29,3,0,,1,2015-05-10,2015-05-10,6,8,2013-04-10,5,1,12,6,,5,5800,3000
782560,2017-11-04T12:16:37Z,88875,1992-07-30,1,2015-02-03,4,0,,1,1992-07-01,2013-12-01,11,14,2017-06-01,7,1,12,6,,6,5500,800
782905,2017-11-04T15:31:14Z,88958,1994-12-06,2,2011-01-04,4,0,,3,2000-10-01,2000-10-01,16,20,2017-01-01,5,1,2,5,,6,7000,5000
782226,2017-11-04T10:03:44Z,88799,1993-09-13,2,2010-01-08,3,1,1,5,2014-02-01,2014-02-01,16,20,2013-11-01,4,3,3,6,,6,8860,3000
782814,2017-11-04T14:50:07Z,88941,1994-06-08,1,2010-11-09,4,0,,5,1995-03-01,1995-03-01,21,25,2015-03-01,2,1,12,4,,6,4500,2000
782064,2017-11-04T08:55:24Z,38533,1988-01-09,2,2004-03-31,3,1,7,5,1988-01-10,1988-01-10,3,4,2009-09-10,12,1,6,5,11,1,8000,7000
783079,2017-11-04T16:47:03Z,88984,1997-01-21,2,2013-08-27,4,0,,1,2014-12-01,2014-12-01,8,10,2016-03-01,2,1,6,4,11,2,8000,5000
782057,2017-11-04T08:54:25Z,88772,1993-05-13,1,2010-12-22,3,2,6,1,1993-05-01,1993-05-01,16,20,2016-03-01,1,1,10,2,,5,3200,1000
782289,2017-11-04T10:26:00Z,88754,1987-09-22,2,2005-09-21,3,2,5,5,2011-09-01,2011-09-01,20,24,2017-04-01,6,1,6,1,11,1,4000,2000
783343,2017-11-04T20:31:37Z,89066,1993-10-13,2,2009-11-19,4,0,,5,1993-11-01,1993-11-01,7,9,2017-03-01,5,6,3,6,10,2,6000,4000
782661,2017-11-04T13:10:38Z,44232,1992-02-09,1,2013-06-22,3,1,3,1,2013-08-10,2013-08-10,11,14,2016-05-10,1,1,6,4,,5,3200,1000
782373,2017-11-04T11:11:53Z,88769,1993-07-05,2,2014-10-25,4,0,,1,2014-02-01,2014-02-01,4,6,2013-04-01,4,1,1,5,,6,7000,2500
783403,2017-11-04T21:46:32Z,89077,1991-02-05,2,2007-08-16,4,0,,5,1991-02-01,1991-02-01,18,22,2017-01-01,12,3,4,6,,6,8000,5000
782314,2017-11-04T10:36:16Z,88827,1986-10-03,2,2003-06-11,3,1,7,1,2010-03-01,2010-03-01,20,24,2004-08-01,13,1,2,2,9,1,10000,10000
783325,2017-11-04T20:14:22Z,89053,1980-06-03,2,1996-10-01,4,0,,5,1983-03-01,1983-03-01,11,14,2017-10-01,14,1,6,5,9,1,11000,3000
782569,2017-11-04T12:17:38Z,88866,1988-10-08,2,2005-07-12,4,0,,5,2002-06-01,2002-06-01,3,4,2017-08-01,11,1,12,4,7,2,7500,2000
782087,2017-11-04T09:05:52Z,88775,1996-01-21,2,2012-03-05,4,0,,1,1996-01-01,1996-01-01,3,4,2016-06-01,3,1,1,5,,6,9500,7000
782098,2017-11-04T09:11:26Z,88764,1990-01-05,1,2007-03-02,4,0,,1,2005-07-01,2005-07-01,9,11,2014-08-01,4,1,12,4,6,2,6200,3000
778580,2017-11-03T22:02:20Z,88659,1991-08-13,1,2008-08-13,4,0,,1,2011-08-01,2011-08-01,8,10,2015-10-01,16,1,6,3,,6,8000,5000
777984,2017-11-03T16:08:44Z,88529,1962-12-12,1,1999-09-02,3,2,33,5,1995-03-01,1995-03-01,17,21,1995-12-01,22,1,2,3,,6,8000,4000
782041,2017-11-04T08:50:52Z,78165,1992-09-09,1,2010-10-22,4,0,,1,2014-02-01,2014-02-01,14,17,2016-01-01,2,3,11,6,4,1,6000,3000
782379,2017-11-04T11:14:00Z,88843,1990-07-28,2,2007-04-02,3,1,2,4,1990-07-01,1990-07-01,2,3,2011-09-01,6,1,10,2,11,1,4100,2000
782477,2017-11-04T11:48:39Z,88857,1991-12-22,2,2008-09-03,2,1,3,5,2012-06-01,2012-06-01,1,2,2017-03-01,7,1,2,2,4,1,3600,2000
778586,2017-11-03T22:06:22Z,88660,1996-11-07,2,2012-12-19,4,0,,1,1996-11-01,1996-11-01,5,7,,0,4,,,,6,4500,1500
783053,2017-11-04T16:39:57Z,88982,1996-06-12,2,2012-07-12,4,0,,1,2013-09-01,2013-09-01,19,23,,4,4,,,4,1,3500,1500
777780,2017-11-03T14:48:04Z,88463,1959-11-03,1,1999-07-06,2,0,,5,1989-05-01,1989-05-01,8,10,2011-09-01,39,1,10,5,6,1,12000,3000
782292,2017-11-04T10:26:42Z,51516,1983-05-31,1,2013-11-08,3,2,0,5,2011-06-10,2011-06-10,3,4,2016-07-10,14,1,8,4,,6,7000,3500
777482,2017-11-03T13:22:08Z,35827,1995-10-17,1,2011-12-01,3,0,0,1,2016-08-10,2007-08-10,8,27,2016-08-10,1,1,8,2,,6,5000,2500
782698,2017-11-04T13:29:33Z,88893,1979-08-24,2,2012-11-21,3,1,2,5,1985-01-01,1985-01-01,18,22,2013-03-01,21,1,11,1,9,2,11000,2500
781704,2017-11-04T01:24:22Z,88696,1994-02-27,1,2010-03-31,3,0,,1,1998-09-01,1998-09-01,7,9,2013-03-01,4,1,5,6,4,1,5000,3000
782169,2017-11-04T09:45:07Z,88749,1995-10-24,1,2012-02-02,4,0,,1,2016-11-01,2016-11-01,18,22,2017-09-01,5,1,5,5,4,1,7500,2500
782250,2017-11-04T10:15:36Z,80468,1994-09-01,2,2010-11-10,3,2,5,1,2016-12-01,2016-12-01,10,12,2017-07-01,3,1,12,4,,6,4500,1000
782107,2017-11-04T09:16:01Z,88701,1994-03-02,2,2011-01-05,1,0,,1,2017-03-01,2011-12-01,13,16,2016-02-01,2,1,11,3,10,2,8999,5999
782441,2017-11-04T11:37:23Z,77269,1998-06-15,2,2015-01-30,4,0,,3,1998-06-01,1998-06-01,21,25,2017-08-01,1,1,12,4,,6,7000,2500
782737,2017-11-04T14:04:13Z,88921,1984-05-11,1,2008-01-31,3,1,8,5,2004-06-01,1984-05-01,3,4,2013-06-01,10,1,2,2,,6,3500,3500
782511,2017-11-04T12:01:40Z,77669,1990-04-24,1,2007-12-28,2,0,,1,1990-04-01,1990-04-01,9,11,2017-03-01,8,1,11,3,4,1,8000,5000
782529,2017-11-04T12:07:55Z,88863,1995-08-16,2,2011-09-07,4,0,,5,1995-08-01,1995-08-01,3,4,,2,4,,,10,1,3500,3000
783149,2017-11-04T17:23:33Z,89000,1981-03-22,2,2008-06-18,3,2,10,1,1981-03-01,1981-03-01,18,22,2014-03-01,20,1,1,3,1,1,17000,10000
783122,2017-11-04T17:11:52Z,88998,1998-06-27,2,2014-08-19,4,0,,1,2015-08-01,1998-06-01,8,6,,0,4,,,11,2,10000,8000
783031,2017-11-04T16:27:21Z,88976,1962-02-04,1,2009-12-03,3,2,29,5,1990-02-01,1990-02-01,21,25,2015-05-01,25,1,12,6,,6,5000,4000
777589,2017-11-03T13:51:59Z,88436,1994-05-18,2,2010-08-10,4,0,,1,2000-05-01,2000-05-01,12,15,2013-11-01,4,1,2,4,9,2,7300,3200
776823,2017-11-03T09:28:18Z,88292,1999-05-23,1,2015-06-18,4,0,,1,2016-03-01,2016-03-01,8,10,,3,4,,,4,2,1200,1000
773380,2017-11-02T23:49:42Z,88201,1979-12-27,1,2011-08-31,4,0,,1,2014-03-01,2013-03-01,8,10,2014-03-01,4,1,11,6,6,1,12000,8500
778448,2017-11-03T20:41:48Z,88635,1998-05-02,1,2014-06-06,4,0,,1,1999-01-01,1999-01-01,8,10,2017-05-01,2,1,12,5,,6,7000,3000
777641,2017-11-03T14:01:58Z,88280,1993-11-29,1,2014-09-16,3,1,3,5,2016-08-01,2016-08-01,6,8,2013-06-01,4,3,11,6,,6,5000,5000
778469,2017-11-03T20:56:06Z,88636,1992-11-10,2,2008-12-16,4,0,,5,1992-11-01,2017-04-01,16,20,2017-10-01,5,1,6,4,11,2,7000,2500
776640,2017-11-03T07:43:09Z,74679,1953-09-25,1,2001-03-20,5,2,31,5,1988-04-01,1988-04-01,3,4,,45,2,,,7,2,5000,2500
776384,2017-11-03T01:33:42Z,74356,1988-11-17,2,2005-07-04,4,0,,5,2016-09-01,2016-06-01,8,17,2012-01-01,5,1,12,1,9,2,10000,6000
778484,2017-11-03T21:04:40Z,88641,1994-08-01,1,2014-07-16,1,1,2,2,2012-09-01,2012-09-01,20,24,2012-12-01,4,3,4,6,,6,3200,300
776416,2017-11-03T04:20:13Z,88230,1995-08-01,2,2011-11-05,4,0,,1,2015-10-01,2015-10-01,3,4,2015-08-01,2,6,11,5,,5,10500,3500
777656,2017-11-03T14:06:05Z,88412,1994-11-20,2,2010-12-03,3,1,1,1,1994-11-01,1994-11-01,18,22,2017-06-01,6,1,13,3,,6,3200,2000
777503,2017-11-03T13:28:22Z,88428,1983-04-20,2,1999-05-07,3,2,11,5,2010-05-01,2010-05-01,11,14,2015-12-01,11,1,6,4,11,1,8500,1300
773290,2017-11-02T21:58:54Z,88184,1991-09-26,1,2011-01-04,3,1,4,1,2012-01-01,2012-01-01,3,4,2011-08-01,8,1,10,2,6,1,10000,3000
776607,2017-11-03T07:30:08Z,88247,1984-01-15,2,2000-08-16,3,0,,3,2001-06-01,2001-06-01,13,16,2015-11-01,10,1,12,6,4,1,8000,1500
776349,2017-11-03T00:22:14Z,88206,1986-06-21,2,2002-10-21,4,0,,5,1991-04-01,1991-04-01,8,10,2012-01-01,5,1,9,2,4,1,16000,3500
776602,2017-11-03T07:29:45Z,88226,1987-09-23,2,2005-01-04,4,0,,1,2010-08-01,2010-08-01,3,4,2014-09-01,8,1,3,3,4,2,7500,2300
778015,2017-11-03T16:22:02Z,88526,1963-05-11,2,1997-01-06,1,0,,1,1996-06-01,1996-06-01,8,10,2008-08-01,27,3,7,5,9,1,5000,3000
777415,2017-11-03T12:52:30Z,88407,1987-10-24,2,2005-01-25,4,0,,6,1991-03-01,1991-03-01,3,4,2007-07-01,10,1,6,5,,6,6500,5500
777435,2017-11-03T13:01:29Z,37067,1982-04-22,1,1982-04-22,3,1,13,5,1982-04-01,1982-04-01,18,22,2010-11-01,10,3,4,3,10,1,10000,5000
773144,2017-11-02T19:49:55Z,88135,1988-09-02,2,2004-11-20,4,0,,5,2012-03-01,1998-05-01,17,21,2017-02-01,6,1,7,2,11,1,7800,1700
777154,2017-11-03T11:27:55Z,88353,1973-07-04,2,1997-12-27,3,2,14,5,2017-07-01,1998-12-01,10,12,2015-01-01,2,3,7,6,11,1,5000,3000
777147,2017-11-03T11:21:27Z,88362,1994-11-10,2,2011-04-11,4,0,,5,2012-09-01,2012-09-01,11,14,2017-08-01,1,1,12,4,2,1,8500,3500
776646,2017-11-03T07:49:50Z,88250,1998-06-07,1,2017-01-24,4,1,2,5,1998-06-01,1998-06-01,1,2,,1,4,,,4,2,4000,3000
778475,2017-11-03T20:59:45Z,33516,1993-04-28,2,2009-07-15,4,0,0,1,2009-07-10,2009-07-10,15,18,2016-11-10,3,6,12,3,,6,4200,500
776351,2017-11-03T00:23:25Z,88205,1987-01-13,2,2004-03-24,4,0,,5,1987-01-01,1987-01-01,7,9,2013-02-01,10,1,3,1,4,1,5700,4000
776997,2017-11-03T10:32:37Z,88322,1989-09-28,2,2005-12-28,3,1,1,1,2012-08-01,1996-01-01,20,6,2016-10-01,2,1,12,2,11,1,5000,2000
777921,2017-11-03T15:45:55Z,83730,1995-05-13,2,2011-07-14,4,0,,2,2005-09-01,2005-09-01,16,20,2017-05-01,1,1,9,6,,6,6000,4000
776565,2017-11-03T07:18:11Z,88244,1986-12-24,2,2003-04-01,3,1,1,5,1987-05-01,1987-05-01,8,10,2016-12-01,10,1,7,4,4,1,7000,3000
776985,2017-11-03T10:28:35Z,88054,1978-07-09,2,1995-09-20,2,0,,5,1995-07-01,1995-07-01,18,22,2008-02-01,10,3,11,6,,6,6000,5500
773010,2017-11-02T18:26:58Z,14302,1991-06-21,2,2007-10-03,4,0,,1,1991-06-10,1991-06-10,9,11,2012-04-10,5,1,6,5,4,1,4000,4500
776878,2017-11-03T09:45:00Z,88304,1990-07-19,2,2006-08-15,4,0,,1,2013-10-01,2013-10-01,18,22,2017-05-01,5,1,6,4,2,1,6000,3000
773035,2017-11-02T18:36:59Z,88126,1990-02-03,2,2006-06-14,4,0,,5,1999-08-01,1999-08-01,4,6,2016-04-01,18,1,1,1,,6,8000,1500
777661,2017-11-03T14:08:10Z,75611,1989-10-20,2,2006-04-28,4,0,,1,1993-02-01,1993-02-01,8,10,2013-07-01,8,1,11,2,6,2,14000,6500
777450,2017-11-03T13:05:25Z,88384,1985-01-20,2,2008-09-24,4,1,3,1,2008-02-01,2008-02-01,9,11,2017-04-01,8,1,5,4,9,1,12000,5000
772505,2017-11-02T14:36:53Z,88026,1975-11-28,2,2001-03-30,4,0,,3,2004-05-01,2004-05-01,3,4,,16,2,,,,6,5200,4800
776390,2017-11-03T02:10:08Z,88221,1986-08-17,2,2003-01-23,4,0,,6,2002-01-01,2002-01-01,2,3,2004-11-01,10,1,13,6,10,1,25000,10000
772784,2017-11-02T16:27:58Z,62606,1976-06-14,2,1998-12-30,3,2,17,4,1982-06-01,1982-06-01,9,11,2013-04-01,22,1,6,5,,6,5500,10
772338,2017-11-02T13:33:43Z,58645,1995-01-29,1,2011-07-29,4,0,,5,2016-01-01,1995-01-01,2,18,,3,4,,,10,2,2000,10000
777424,2017-11-03T12:57:40Z,88414,1996-11-05,2,2012-12-11,4,0,,5,2000-06-01,2000-06-01,19,23,2016-10-01,2,1,2,5,,6,7000,3000
776801,2017-11-03T09:15:00Z,59108,1986-06-30,1,2016-07-11,3,1,1,1,2015-10-10,2013-06-10,3,4,,10,5,,,4,2,7000,5000
778298,2017-11-03T18:45:22Z,88600,1989-01-04,2,2016-09-27,4,0,,1,2005-03-01,2005-03-01,12,15,2006-03-01,7,1,11,6,,6,6000,3000
777546,2017-11-03T13:43:30Z,88438,1986-07-07,2,2003-01-28,3,1,4,5,2012-06-01,2012-06-01,10,12,2012-02-01,11,1,8,5,7,1,4000,2300
777894,2017-11-03T15:30:38Z,88468,1994-12-11,2,2011-01-19,4,0,,1,2016-06-01,1995-01-01,8,22,2017-08-01,4,1,11,1,11,1,10000,2000
778153,2017-11-03T17:32:20Z,88563,1993-08-06,1,2010-06-18,1,0,,1,2010-05-01,2010-05-01,13,16,2010-05-01,8,1,12,3,,6,9500,4500
777976,2017-11-03T16:05:58Z,88521,1996-01-28,2,2012-04-11,4,0,,5,1996-01-01,1996-01-01,18,22,,5,4,,,4,1,10000,5000
772418,2017-11-02T14:11:40Z,76845,1989-03-15,1,2010-12-15,3,1,1,1,1989-03-01,1989-03-01,3,4,2008-02-01,8,1,10,1,,5,4000,3000
778332,2017-11-03T19:19:24Z,88617,1996-11-09,2,2015-12-09,3,1,1,5,2016-08-01,1998-01-01,18,22,2017-09-01,2,1,7,3,11,2,16000,8000
777616,2017-11-03T13:57:34Z,66359,1996-09-01,2,2012-10-09,4,0,,1,1997-09-10,2015-06-10,16,20,2014-11-10,5,1,2,1,,6,8000,6000
777358,2017-11-03T12:34:31Z,88400,1992-01-31,2,2009-07-23,4,0,,1,2009-07-01,2009-07-01,6,8,2016-05-01,1,1,6,1,,6,4500,3500
776686,2017-11-03T08:10:29Z,86709,1992-08-08,2,2008-10-28,3,0,,1,1996-12-01,1996-12-01,8,10,2016-06-01,10,1,9,3,4,2,7000,10000
776890,2017-11-03T09:48:44Z,28433,1992-12-24,2,2009-02-05,4,0,,1,1993-02-01,1993-02-01,9,11,2017-03-01,1,1,6,1,9,1,8000,100
776759,2017-11-03T08:48:07Z,88269,1987-05-31,2,2008-09-12,4,0,,5,2011-11-01,2011-11-01,3,4,2015-05-01,10,1,6,2,,6,4300,1300
778512,2017-11-03T21:18:08Z,88647,1989-07-21,2,2013-08-27,3,0,,5,2008-09-01,2008-09-01,5,7,,9,5,,,11,2,8000,6000
777852,2017-11-03T15:16:46Z,88481,1994-12-09,2,2011-07-22,4,0,,5,2008-12-01,2008-12-01,3,4,2014-12-01,2,3,7,6,9,1,5500,3000
777084,2017-11-03T10:52:09Z,88339,1991-06-15,2,2007-12-12,4,0,,1,2005-04-01,2005-04-01,20,24,2015-04-01,6,1,3,4,11,1,6500,3000
777811,2017-11-03T14:57:33Z,88477,1984-06-14,2,2000-06-06,4,0,,5,1987-06-01,1987-06-01,13,16,2006-06-01,11,1,10,2,4,1,5500,2000
776414,2017-11-03T04:16:42Z,75670,1985-06-05,2,2001-07-12,3,2,9,1,1985-06-01,1985-06-01,3,4,2004-07-01,13,1,6,5,11,2,10000,7000
773374,2017-11-02T23:47:41Z,72457,1995-06-28,2,1995-01-31,4,0,,1,1996-06-01,1996-06-01,8,10,2017-08-01,3,1,11,3,9,2,8000,5000
772315,2017-11-02T13:20:14Z,87977,1980-10-21,2,2010-08-05,3,2,7,5,2010-10-01,2010-10-01,9,11,2017-10-01,20,1,2,2,6,1,14000,8000
771827,2017-11-02T10:26:59Z,87896,1985-12-17,1,2011-02-09,3,2,6,4,2001-06-01,2001-06-01,13,16,2010-08-01,13,1,2,1,9,1,9000,6000
771567,2017-11-02T08:34:45Z,83291,1993-10-23,1,2011-09-21,4,0,,5,2011-03-01,2011-03-01,16,20,2016-03-01,2,1,12,3,9,1,5550,4000
772652,2017-11-02T15:21:19Z,87752,1993-03-19,2,2009-05-25,4,0,,3,1999-05-01,1999-05-01,3,4,2017-09-01,1,6,2,3,,6,5000,2000
768123,2017-11-01T22:39:14Z,21669,1987-02-23,2,2004-07-02,4,0,,1,2004-07-10,2004-07-10,21,25,2008-02-01,9,3,4,6,6,1,14000,1500
767751,2017-11-01T18:40:13Z,51760,1993-07-31,2,2016-05-06,4,0,,5,2000-04-10,2000-04-10,3,4,2014-01-10,3,1,6,5,11,1,1050,5600
768130,2017-11-01T23:00:41Z,87764,1967-02-21,1,2002-06-25,4,0,,5,1988-06-01,1988-06-01,3,4,,32,2,,,,6,4500,1500
772761,2017-11-02T16:16:53Z,87876,1993-08-02,2,2009-09-29,4,0,,1,2000-02-01,2000-02-01,4,6,2016-10-01,5,1,12,6,5,1,10000,5000
771707,2017-11-02T09:30:23Z,87851,1975-04-04,2,2002-03-12,2,1,16,5,1975-04-01,1975-04-01,3,4,1995-09-01,22,1,6,5,6,1,11000,4000
771443,2017-11-02T07:58:23Z,87814,1995-12-15,2,2011-12-27,4,0,,4,2016-03-01,2016-03-01,3,4,2016-05-01,4,1,2,5,5,2,8000,4500
772623,2017-11-02T15:13:23Z,87884,1983-03-06,2,2011-01-12,4,0,,1,1989-03-01,1989-03-01,9,11,2015-03-01,15,1,10,1,11,2,10000,7000
771148,2017-11-02T03:21:12Z,87779,1958-01-31,1,2014-04-18,3,2,38,5,1998-01-01,1998-01-01,12,15,2004-01-01,35,1,8,2,,6,6000,2500
771432,2017-11-02T07:51:34Z,87811,1976-09-06,1,1996-09-24,3,2,23,1,1994-06-01,1994-06-01,11,14,2014-01-01,14,1,10,2,10,1,6200,2000
772158,2017-11-02T12:21:56Z,70473,1992-08-30,2,2008-11-21,4,0,,5,2001-05-01,2001-05-01,8,10,2014-12-01,3,1,13,1,9,1,10000,4000
771204,2017-11-02T05:32:22Z,87687,1988-06-11,1,2004-12-07,3,1,1,3,2013-02-01,2013-02-01,8,10,2011-08-01,11,1,8,1,7,1,16860,8600
771581,2017-11-02T08:38:00Z,87832,1998-12-25,2,2015-02-25,4,0,,1,1998-12-01,1998-12-01,13,16,,3,4,,,,5,3000,2500
772444,2017-11-02T14:19:32Z,88011,1995-01-30,1,2016-06-16,1,1,1,5,2006-05-01,2006-05-01,20,24,,6,4,,,4,2,6000,4000
772620,2017-11-02T15:13:01Z,58582,1996-10-04,1,2012-12-18,1,1,3,1,2016-04-10,1996-10-10,8,11,2015-02-01,0,1,12,6,,6,8000,4000
766984,2017-11-01T13:39:37Z,87576,1988-07-04,1,2015-02-09,3,0,,1,1990-04-01,1990-04-01,18,22,2010-02-01,12,1,12,4,5,1,9000,4000
772123,2017-11-02T12:11:59Z,84660,1988-03-28,2,2005-06-10,3,2,8,4,2016-04-01,2016-04-01,4,6,2015-12-01,0,1,7,6,,5,4500,3000
771906,2017-11-02T10:55:32Z,1145,1993-08-09,1,2014-12-27,3,1,2,4,2014-11-10,2014-11-10,16,20,2013-01-10,4,6,12,6,9,1,4000,5
772014,2017-11-02T11:35:15Z,87928,1996-07-03,2,2012-07-28,4,0,,1,1996-07-01,1996-07-01,18,22,2016-10-01,1,1,5,5,10,1,6000,3000
762157,2017-10-31T16:01:01Z,87198,1990-05-28,1,2006-09-12,4,0,,5,2017-07-01,2017-07-01,18,22,2015-08-01,5,1,13,1,,6,6500,4000
772866,2017-11-02T17:15:02Z,88101,1993-05-28,2,2009-07-24,4,0,,5,1993-05-01,1993-05-01,3,4,2016-05-01,3,1,12,1,11,1,10000,8000
772879,2017-11-02T17:21:18Z,88111,1997-06-01,2,2013-06-01,4,0,,2,2014-09-01,2014-09-01,18,22,2017-09-01,1,1,10,3,8,2,4000,1500
768159,2017-11-01T23:42:24Z,67397,1988-09-14,1,2005-03-31,1,1,0,1,1993-06-10,1993-06-10,21,25,2016-09-10,10,3,11,6,,6,4000,4000
772593,2017-11-02T15:01:46Z,87801,1987-04-17,1,2007-09-18,1,2,9,4,2010-03-01,2010-03-01,10,12,2015-04-01,2,3,3,6,,6,5000,3000
772388,2017-11-02T13:59:14Z,88010,1982-10-02,2,2000-05-25,1,0,,1,2000-10-01,2000-10-01,16,20,2015-11-01,10,1,6,1,11,1,10000,5000
771543,2017-11-02T08:30:14Z,79058,1998-07-21,2,2014-12-11,4,0,,5,2017-08-01,2014-12-01,13,10,2015-08-01,2,1,1,1,,5,7000,5000
772671,2017-11-02T15:30:17Z,88058,1977-05-18,1,2000-05-24,3,1,19,5,2013-06-01,2013-06-01,13,16,2003-10-01,14,1,6,5,5,1,8500,1500
771125,2017-11-02T01:59:30Z,87770,1980-07-27,2,1998-09-05,3,1,8,5,1991-05-01,1991-05-01,9,11,2013-03-01,15,1,6,1,,6,7500,5200
771574,2017-11-02T08:36:26Z,87831,1985-05-08,1,2010-02-24,3,2,7,1,1990-08-01,1990-08-01,18,22,2016-10-01,10,1,12,3,11,2,6000,2000
773223,2017-11-02T21:16:00Z,49153,1994-02-02,1,2011-01-25,4,0,,3,2011-02-01,2011-02-01,2,3,2016-09-01,5,1,5,6,6,1,8000,1000
773061,2017-11-02T18:49:33Z,60365,1987-08-27,2,2004-02-19,4,0,,1,1987-08-10,1987-08-10,21,25,2016-05-10,11,1,3,6,11,2,11000,5000
772548,2017-11-02T14:53:02Z,18538,1993-01-13,2,2009-02-27,4,0,,5,2016-04-10,2016-04-10,14,17,2015-08-10,2,1,2,5,1,1,7000,1500
772831,2017-11-02T16:53:37Z,88087,1993-05-03,2,2009-05-05,4,0,,5,2004-03-01,2004-03-01,8,10,2013-09-01,6,1,7,4,8,1,17000,5000
766717,2017-11-01T11:59:01Z,87532,1981-04-29,1,1997-06-20,3,0,,5,2003-11-01,2003-11-01,20,24,2017-04-01,17,1,2,1,4,1,12000,2000
772238,2017-11-02T12:52:49Z,39119,1991-04-17,2,2007-04-27,4,0,,3,2007-04-01,2007-04-01,21,25,2016-09-01,10,1,12,6,,5,15000,10
771159,2017-11-02T03:39:47Z,87781,1995-05-17,2,2011-08-26,4,0,,3,1995-05-01,1995-05-01,16,20,2016-10-01,1,6,13,6,10,1,6600,4500
772411,2017-11-02T14:09:48Z,50342,1985-06-05,2,2001-12-05,4,0,,1,2014-09-01,2002-01-01,16,20,2005-01-01,12,1,6,2,11,1,8000,10
772391,2017-11-02T14:00:20Z,88001,1996-07-20,2,2012-11-14,4,0,,3,1996-07-01,1996-07-01,20,24,2017-07-01,2,3,12,6,4,1,4000,3000
771295,2017-11-02T06:38:42Z,87724,1993-09-12,2,2009-12-24,3,1,4,5,2014-07-01,2014-07-01,18,22,2016-06-01,5,1,1,5,4,1,7000,4000
772223,2017-11-02T12:47:15Z,87975,1997-10-16,2,2014-02-14,4,0,,1,2015-09-01,2015-09-01,5,7,,0,4,,,6,2,4000,3500
772396,2017-11-02T14:03:59Z,13295,1969-05-15,1,2001-08-09,2,1,28,5,1987-07-10,1987-07-10,8,10,2016-07-01,30,1,3,3,5,1,8000,3000
771497,2017-11-02T08:08:42Z,87817,1989-11-12,1,2012-10-17,3,2,4,5,1989-11-01,1989-11-01,20,24,2017-09-01,6,1,10,2,6,1,6000,2000
772146,2017-11-02T12:18:37Z,87596,1992-11-13,2,2008-11-25,4,0,,5,2005-05-01,2005-05-01,11,14,2013-06-01,8,1,2,2,11,1,6400,1300
771657,2017-11-02T09:10:58Z,16459,1987-03-28,1,2003-07-26,4,1,10,1,2004-08-01,2004-08-01,19,23,2014-12-01,12,6,12,6,,6,5165,1600
772990,2017-11-02T18:19:09Z,88127,1997-11-13,2,2013-11-10,4,0,,3,1997-11-01,1997-11-01,20,24,2015-10-01,2,1,2,4,,6,10000,2000
768132,2017-11-01T23:05:56Z,87760,1989-10-22,2,2005-11-29,3,0,,1,1989-10-01,1989-10-01,8,10,2012-05-01,10,1,12,3,9,1,6000,1500
771727,2017-11-02T09:36:49Z,87847,1997-10-12,2,2015-01-20,4,0,,4,1998-06-01,1998-06-01,23,27,2017-06-01,1,1,12,3,7,2,7500,3500
771348,2017-11-02T07:00:35Z,87797,1979-08-04,2,1996-03-05,1,0,,5,2005-03-01,1977-05-01,8,10,2016-10-01,20,1,12,5,10,1,5500,4000
772813,2017-11-02T16:45:57Z,88090,1985-01-20,1,2006-11-10,4,1,13,5,2011-12-01,2011-12-01,23,27,2011-01-01,6,3,12,6,,6,7000,1000
772258,2017-11-02T12:58:25Z,74596,1990-07-11,2,2006-11-03,2,0,,5,1990-07-01,1990-07-01,15,18,2012-10-01,5,3,5,6,9,1,8000,2500
767760,2017-11-01T18:50:03Z,55848,1995-08-16,1,2014-10-24,3,1,0,1,2011-11-10,2011-11-10,16,20,2017-03-10,4,1,6,2,,6,3200,1400
771714,2017-11-02T09:31:47Z,87863,1950-03-23,1,1996-12-09,2,1,33,5,1975-02-01,1975-02-01,3,4,2004-03-01,48,1,10,3,11,1,10400,5000
771170,2017-11-02T04:16:45Z,87782,1996-03-17,1,2013-11-12,1,1,2,1,1996-03-01,1996-03-01,8,10,2016-10-01,2,1,12,5,10,2,8000,5000
767889,2017-11-01T19:54:50Z,87725,1959-07-08,2,1997-02-18,3,3,34,5,1987-05-01,1987-05-01,14,17,2002-05-01,37,1,2,1,,6,5800,2000
767832,2017-11-01T19:25:20Z,87717,1994-03-08,2,2010-03-08,3,1,1,5,1994-03-01,1994-03-01,20,24,2013-01-01,6,1,2,5,,6,7000,6000
762841,2017-10-31T22:25:31Z,70531,1986-04-04,2,2002-09-06,4,0,,1,1986-04-01,1986-04-01,6,8,2015-12-01,9,1,11,3,,6,7000,2000
766185,2017-11-01T08:25:57Z,87435,1994-08-04,2,2011-11-04,4,0,,3,2001-03-01,2001-03-01,18,22,2015-04-01,2,3,3,6,,6,9700,3000
767545,2017-11-01T17:08:46Z,87624,1998-03-31,2,2014-04-12,4,0,,1,2017-09-01,2017-09-01,1,2,,1,4,,,11,2,3000,1000
762836,2017-10-31T22:22:30Z,87321,1984-12-06,2,2005-06-16,3,0,,1,1984-12-01,1984-12-01,3,4,2017-01-01,8,1,12,6,,5,8000,6000
766853,2017-11-01T12:51:52Z,26877,1997-07-30,2,2013-10-01,4,0,,5,2014-07-10,1997-07-10,19,23,2017-01-10,1,1,12,1,,5,3500,2000
766801,2017-11-01T12:32:44Z,87546,1983-07-17,1,2006-06-29,3,2,10,1,2006-06-01,2006-06-01,15,18,2002-05-01,15,1,8,5,,6,7000,3000
766434,2017-11-01T09:58:26Z,87483,1990-04-24,2,2006-12-13,3,1,1,5,1990-04-01,1990-04-01,9,11,2016-03-01,6,1,1,3,9,1,9000,4500
766280,2017-11-01T09:07:53Z,87444,1986-09-22,2,2002-10-03,3,1,6,5,2013-08-01,2013-08-01,8,10,2008-08-01,13,1,2,5,9,1,12000,10000
766813,2017-11-01T12:36:31Z,87559,1963-10-12,2,2001-06-26,4,0,,5,2001-01-01,2001-01-01,6,8,1996-01-01,30,1,3,6,,6,10000,6000
761384,2017-10-31T11:12:33Z,50111,1993-03-07,1,2013-04-05,3,2,4,1,2015-09-10,2015-09-10,1,2,2015-03-01,2,3,12,6,,6,6000,1500
762215,2017-10-31T16:20:42Z,78479,1991-01-06,2,2007-08-08,4,0,,5,2017-02-01,1992-12-01,6,8,2017-02-01,8,1,6,5,11,2,7000,3000
767268,2017-11-01T15:25:15Z,87603,1981-01-17,2,1998-03-09,4,0,,5,2016-05-01,1994-02-01,12,2,,15,5,,,9,1,8000,3000
767758,2017-11-01T18:49:14Z,87709,1986-07-04,2,2003-01-14,3,1,6,1,1992-01-01,1992-01-01,23,27,,5,5,,,,6,6000,2000
766410,2017-11-01T09:48:31Z,33265,1984-09-10,1,2003-01-18,2,1,8,4,2003-01-10,2010-09-10,3,4,2004-10-10,13,1,13,4,4,1,5000,1000
766595,2017-11-01T11:01:53Z,85966,1992-11-16,1,2016-05-27,4,1,6,1,1992-11-01,1992-11-01,2,3,2016-04-01,7,1,6,5,11,2,6500,1500
766055,2017-11-01T07:33:58Z,67159,1988-10-14,1,2017-02-23,3,1,6,5,2003-03-10,2003-03-10,13,16,2008-09-10,11,3,4,6,,5,8000,3000
766786,2017-11-01T12:27:10Z,87547,1982-10-15,2,1999-09-01,3,2,8,5,2010-02-01,2010-02-01,23,27,2012-02-01,17,1,12,3,1,1,25000,10000
766053,2017-11-01T07:32:36Z,87402,1999-03-07,1,2015-05-21,4,0,,5,1999-03-01,1999-03-01,3,4,2017-10-01,2,1,12,3,,6,3300,2500
766875,2017-11-01T13:02:03Z,87147,1996-04-15,2,2012-07-05,4,0,,1,2015-07-01,2015-07-01,7,9,,0,5,,,11,1,5000,3000
767930,2017-11-01T20:34:23Z,78708,1989-02-12,1,2005-02-15,4,0,,5,2001-11-01,2001-11-01,12,15,2011-12-01,7,1,6,2,,6,3800,2000
767160,2017-11-01T14:43:38Z,87610,1995-08-17,2,2011-08-20,4,0,,5,2011-08-01,2011-08-01,20,24,2017-08-01,0,6,6,4,7,1,4000,2000
766304,2017-11-01T09:13:03Z,87446,1993-07-15,2,2009-07-22,3,1,2,1,2007-01-01,2007-01-01,6,8,2016-02-01,2,6,1,3,,6,7200,2560
765968,2017-11-01T06:42:41Z,87383,1992-01-10,2,2008-04-08,4,0,,5,1992-01-01,1992-01-01,16,20,2017-08-01,3,1,6,5,6,1,6000,1000
765989,2017-11-01T06:53:36Z,87392,1999-06-10,2,2015-07-25,4,0,,4,2001-09-01,2001-09-01,6,8,2016-05-01,1,3,12,3,6,2,6000,1500
766909,2017-11-01T13:14:39Z,87081,1990-12-05,1,2012-10-13,2,2,8,1,2008-09-01,2008-09-01,1,2,2016-09-01,5,3,11,6,,6,6500,4800
766757,2017-11-01T12:11:19Z,7941,1995-07-17,2,2011-08-22,3,0,,4,2016-07-10,1995-07-10,22,26,2016-05-01,3,1,12,5,4,2,8900,950
765816,2017-11-01T01:07:38Z,87338,1988-05-29,2,2015-04-28,2,1,4,3,2009-02-01,2009-02-01,3,4,2008-03-01,9,1,12,6,,6,8000,2000
767928,2017-11-01T20:28:25Z,87699,1981-08-27,2,2007-05-19,2,0,,5,2015-09-01,2015-09-01,8,10,2013-08-01,13,3,7,6,11,1,10000,7000
762905,2017-11-01T00:00:18Z,87327,1997-05-23,1,2015-09-17,4,0,,4,1997-10-01,1997-10-01,8,10,,0,4,,,10,2,10000,8000
766223,2017-11-01T08:43:27Z,87419,1994-03-20,2,2010-09-16,4,0,,2,2012-08-01,2012-08-01,15,18,2016-02-01,3,1,7,3,3,1,15000,4000
766907,2017-11-01T13:13:50Z,87567,1980-09-10,1,1996-10-01,4,2,14,5,1983-09-01,1983-09-01,3,4,2012-10-01,10,1,5,3,9,1,9000,5000
767948,2017-11-01T20:41:20Z,87735,1985-06-23,1,2016-02-02,3,2,11,5,2016-02-01,2016-02-01,11,14,2012-12-01,12,1,12,6,,6,9500,2500
767233,2017-11-01T15:12:38Z,87626,1978-05-25,2,1996-05-28,3,2,15,4,1982-03-01,1982-03-01,17,21,2013-06-01,17,1,8,1,7,1,10000,4000
767075,2017-11-01T14:15:04Z,24812,1982-11-05,1,1982-11-05,1,5,16,1,2001-01-01,2001-01-01,3,4,2013-06-01,1,3,12,6,,5,6200,2500
766036,2017-11-01T07:22:00Z,52830,1974-05-10,1,2008-02-28,3,1,25,1,2017-10-01,2017-10-01,18,22,2016-11-01,18,1,12,3,9,2,6000,1500
766804,2017-11-01T12:34:26Z,87557,1989-07-11,1,2007-11-05,2,3,9,1,1996-09-01,1996-09-01,13,16,2017-05-01,5,3,12,6,,5,9000,600
765923,2017-11-01T05:49:36Z,87377,1985-02-07,2,2009-08-18,2,1,8,1,2006-03-01,1985-02-01,9,27,2010-09-01,12,1,11,3,3,2,12000,6000
767307,2017-11-01T15:37:27Z,87395,1991-06-18,2,2007-10-03,3,1,1,5,2015-01-01,1991-11-01,4,11,2015-10-01,7,1,7,3,3,1,4500,3500
762424,2017-10-31T18:01:52Z,87254,1993-03-30,1,2011-05-04,1,0,,1,2016-05-01,1993-03-01,3,8,2016-05-01,5,1,12,6,,6,9500,2500
762828,2017-10-31T22:16:52Z,22420,1992-12-05,1,2015-10-21,3,0,,1,2014-09-10,2014-09-10,9,11,2016-12-10,4,1,5,5,4,1,6000,5000
762900,2017-10-31T23:53:36Z,87334,1997-03-03,2,2013-06-05,4,0,,4,2013-07-01,2013-07-01,2,3,2016-08-01,4,1,12,4,10,2,5000,3500
767421,2017-11-01T16:18:25Z,87649,1989-02-13,2,2005-05-05,3,1,3,5,1989-02-01,1989-02-01,6,8,2008-01-01,8,3,13,6,,6,10000,4000
766540,2017-11-01T10:42:53Z,87505,1984-08-26,2,2002-05-15,3,1,3,5,2003-03-01,2003-03-01,14,17,2016-09-01,10,1,12,1,,6,8000,2500
767127,2017-11-01T14:35:13Z,87599,1973-04-16,2,2000-12-22,1,1,10,5,2006-05-01,2006-05-01,3,4,2010-03-01,19,1,6,1,,6,5000,5000
765959,2017-11-01T06:34:05Z,87287,1998-02-24,1,2015-10-30,1,0,,1,2007-03-01,2007-03-01,12,15,2017-07-01,0,1,12,4,,6,3500,1500
767225,2017-11-01T15:02:19Z,87606,1982-02-05,1,2015-06-04,3,2,13,1,2014-01-01,2015-05-01,16,20,2016-05-01,10,1,12,6,,5,4500,4000
766749,2017-11-01T12:09:01Z,87545,1985-08-01,1,2005-04-05,2,1,11,1,2015-05-01,2015-04-01,11,14,2010-09-01,12,3,11,6,6,1,14000,7000
768042,2017-11-01T21:28:14Z,87742,1986-09-01,2,2002-12-11,3,1,5,5,2007-01-01,2007-01-01,15,18,2012-10-01,9,1,12,2,6,1,5300,3800
762878,2017-10-31T23:08:43Z,17961,1993-10-14,2,2010-01-12,4,0,,5,1999-01-01,1999-01-01,3,4,2010-10-01,5,3,5,2,4,1,24000,10
767807,2017-11-01T19:08:30Z,57268,1976-04-22,2,2011-08-03,1,0,,5,2000-06-01,2000-06-01,13,16,2012-06-01,23,1,11,5,4,2,15000,2000
767845,2017-11-01T19:30:28Z,87720,1982-10-04,2,2010-07-24,3,0,,1,1982-11-01,1982-11-01,10,12,2016-08-01,20,6,3,4,,6,6780,2100
765971,2017-11-01T06:43:57Z,87332,1991-11-08,2,2008-06-18,4,0,,5,2017-08-01,2017-08-01,13,16,2017-08-01,7,6,1,5,1,2,12000,8000
767208,2017-11-01T14:57:45Z,86950,1991-01-18,2,2009-12-02,4,0,,5,2005-04-01,2005-04-01,16,20,2015-03-01,3,3,12,6,4,1,8000,2500
761818,2017-10-31T13:47:08Z,87108,1995-04-18,1,2012-05-16,4,0,,5,1995-04-01,1995-04-01,18,22,2016-11-01,3,1,12,5,10,2,7500,4500
761292,2017-10-31T10:33:28Z,86984,1982-10-07,2,2009-11-11,4,1,13,5,2009-10-01,2009-10-01,10,12,2017-10-01,10,1,2,4,4,1,5100,2400
762432,2017-10-31T18:08:08Z,66046,1995-05-27,2,2015-07-17,4,0,,1,2017-05-01,2011-07-01,12,6,2016-05-01,3,1,1,5,,6,8000,10
762137,2017-10-31T15:53:16Z,87192,1994-01-06,2,2010-02-18,2,0,,1,2010-02-01,2010-02-01,18,22,2017-02-01,5,1,12,1,,6,5500,2500
762367,2017-10-31T17:26:19Z,87170,1993-05-07,1,2009-12-12,4,0,,5,2017-07-01,1999-09-01,8,24,2017-07-01,2,1,12,4,10,1,9000,3000
761836,2017-10-31T13:55:48Z,86597,1973-12-11,1,2001-11-20,4,1,14,5,1973-12-01,1973-12-01,13,16,2012-05-01,5,1,6,2,,6,9000,5000
760978,2017-10-31T08:27:17Z,30149,1988-06-25,1,2013-08-17,3,3,10,5,2015-07-01,2015-07-01,19,23,2014-11-01,10,1,10,2,,6,5000,10
762028,2017-10-31T15:09:56Z,76998,1992-03-20,1,2011-04-27,3,2,6,5,2011-02-01,2011-02-01,9,11,2015-02-01,7,1,11,4,,6,7500,5000
760806,2017-10-31T07:05:52Z,86918,1994-01-05,2,2010-02-10,4,0,,5,2010-02-01,2010-02-01,4,6,2015-07-01,5,1,7,4,,6,5500,4000
762491,2017-10-31T18:41:54Z,87267,1999-06-24,1,2015-10-06,4,0,,1,2002-08-01,2002-08-01,9,11,,0,4,,,2,2,850,650
760749,2017-10-31T06:18:12Z,86905,1999-04-01,2,1999-04-25,4,0,,3,2007-03-01,2007-03-01,3,4,,0,4,,,,6,3200,2200
760659,2017-10-31T04:12:59Z,74688,1986-01-13,1,2011-11-21,4,0,,5,1986-01-01,1986-01-01,5,7,2015-07-01,7,1,12,3,6,2,3200,2500
762191,2017-10-31T16:13:59Z,80697,1983-06-08,2,2009-07-20,4,0,,1,1999-01-01,1999-01-01,11,14,2009-01-01,17,1,11,6,9,1,10000,6000
762715,2017-10-31T20:45:01Z,63963,1988-06-07,1,2004-09-22,1,2,6,1,2010-07-10,1988-06-10,18,22,2013-06-01,5,6,12,3,,5,7300,3000
760931,2017-10-31T08:00:53Z,53392,1986-11-04,1,2003-06-19,3,2,8,1,2009-04-01,2009-04-01,3,4,,8,5,,,4,2,8000,7000
762105,2017-10-31T15:45:02Z,87181,1987-06-10,1,2008-05-22,3,2,9,1,2011-10-01,1994-10-01,14,17,2006-09-01,11,1,8,3,,6,4500,2500
761240,2017-10-31T10:13:13Z,86999,1995-11-08,2,2012-07-16,4,0,,4,2014-08-01,1995-12-01,3,4,2014-05-01,4,1,12,3,11,1,7500,3500
761429,2017-10-31T11:24:51Z,87004,1992-04-09,1,2009-09-19,4,0,,1,1992-04-01,1992-04-01,2,3,2012-05-01,5,6,2,1,,5,6000,3000
761370,2017-10-31T11:05:55Z,87020,1987-09-11,2,2003-12-18,2,1,5,3,2003-12-01,2003-12-01,11,14,2017-08-01,9,6,3,3,11,2,6000,4500
762642,2017-10-31T19:56:21Z,87286,1995-10-11,2,2011-12-10,4,0,,1,1995-10-01,1995-10-01,21,25,2015-11-01,2,1,1,5,,5,7200,2500
761203,2017-10-31T09:58:17Z,39746,1991-12-24,2,2008-01-31,3,1,1,1,1991-12-01,1991-12-01,22,26,2008-10-01,9,6,12,3,10,1,5000,3000
761566,2017-10-31T12:15:38Z,40432,1983-10-31,1,2003-11-27,3,2,12,1,1984-09-01,1984-09-01,18,22,2007-08-01,10,1,12,5,4,1,6200,2700
761657,2017-10-31T12:41:56Z,87084,1973-12-14,1,2001-04-24,5,1,26,5,1977-07-01,1977-07-01,10,12,2007-10-01,25,1,12,3,11,1,8000,5000
762289,2017-10-31T16:56:17Z,87194,1994-11-04,2,2011-09-22,4,0,,1,2006-01-01,2006-01-01,1,2,,4,4,,,3,2,2000,2000
757508,2017-10-30T22:16:30Z,86853,1994-11-16,2,2010-11-30,4,0,,3,2017-02-01,2017-02-01,13,16,2016-02-01,2,1,2,5,9,1,12000,5000
761687,2017-10-31T12:53:57Z,87097,1999-05-09,2,2015-06-11,4,0,,1,2005-02-01,2005-02-01,3,4,2016-01-01,1,1,7,1,11,2,5000,1200
761696,2017-10-31T12:56:56Z,87100,1989-11-13,2,2006-08-31,4,0,,5,1989-11-01,1989-11-01,14,17,,8,5,,,,5,6500,2000
760609,2017-10-31T00:26:23Z,86876,1993-10-27,2,2009-12-08,4,0,,5,1993-10-01,1993-10-01,3,4,2016-02-01,4,1,6,2,11,1,8000,4500
760892,2017-10-31T07:45:03Z,86929,1994-01-06,1,2010-02-12,4,0,,5,1994-01-01,1994-01-01,9,11,2015-11-01,3,1,11,5,10,2,9500,3000
762572,2017-10-31T19:17:09Z,87283,1997-07-27,2,2013-08-23,4,0,,1,1997-07-01,1997-07-01,11,14,2016-10-01,1,6,7,1,,5,5000,5000
762091,2017-10-31T15:40:03Z,87183,1999-06-16,2,2015-07-28,4,0,,1,2005-01-01,2005-01-01,6,8,2017-06-01,1,1,11,6,,5,5000,3000
762162,2017-10-31T16:03:16Z,60378,1988-01-18,1,2010-11-11,3,1,6,1,2004-10-01,2004-10-01,6,8,2016-07-01,6,1,8,5,,6,5500,500
762317,2017-10-31T17:04:09Z,87234,1994-11-17,2,2011-10-08,4,0,,1,1994-12-01,1994-12-01,9,11,2016-03-01,4,1,12,3,,6,12000,6000
761316,2017-10-31T10:39:47Z,87007,1989-06-03,2,2006-02-08,4,0,,5,2013-09-01,1997-08-01,2,3,2013-07-01,10,1,13,3,9,1,8000,7000
762293,2017-10-31T16:58:31Z,87179,1998-06-07,1,2014-07-03,4,0,,1,2011-04-01,2011-04-01,1,2,2017-07-01,1,1,11,3,9,2,4000,2500
762562,2017-10-31T19:13:26Z,87274,1997-04-08,2,2015-03-26,4,0,,1,2000-06-01,2000-06-01,14,17,2017-10-01,4,1,11,3,6,2,6600,2000
761393,2017-10-31T11:15:18Z,87030,1994-10-31,2,2011-06-10,3,1,2,3,2013-11-01,2013-11-01,13,16,2014-06-01,4,1,13,3,2,2,8000,4000
760969,2017-10-31T08:20:57Z,27464,1995-07-19,2,2011-10-17,4,0,0,1,1995-07-10,1995-07-10,11,14,2015-11-10,2,1,12,1,,6,12000,1500
762292,2017-10-31T16:58:29Z,87231,1990-09-01,2,2006-10-11,3,2,5,1,2015-01-01,1994-01-01,16,20,2014-02-01,9,1,2,5,,6,7600,3000
762158,2017-10-31T16:01:41Z,73583,1991-11-21,1,2014-11-01,2,1,4,5,1991-12-01,1991-12-01,8,10,2016-03-01,4,1,5,4,6,1,9000,3500
760818,2017-10-31T07:16:27Z,86924,1995-07-10,2,2011-10-20,3,0,,1,2011-10-01,2011-10-01,21,25,2013-11-01,4,1,1,5,,6,19000,7000
762001,2017-10-31T15:03:06Z,84945,1998-05-28,2,2014-07-31,4,0,,4,2016-09-01,2016-09-01,11,14,,2,4,,,6,2,4200,1800
761478,2017-10-31T11:39:21Z,87050,1998-01-15,1,2014-03-20,4,0,,1,2000-01-01,2000-01-01,14,17,2017-09-01,1,1,12,1,4,2,6000,4000
760667,2017-10-31T04:24:15Z,24730,1974-06-04,2,2000-04-20,3,1,16,5,1999-11-01,1999-11-01,3,4,2016-04-01,18,1,12,3,4,2,8000,2500
761086,2017-10-31T09:11:18Z,86961,1996-05-10,2,2012-06-01,4,0,,4,1996-05-01,1996-05-01,12,15,2016-05-01,2,1,1,5,,6,7000,7000
762253,2017-10-31T16:37:17Z,87218,1995-11-08,2,2012-09-18,4,0,,5,2001-06-01,2001-06-01,11,14,2014-06-01,3,6,11,3,4,2,9700,1200
753440,2017-10-30T12:09:56Z,56049,1987-08-14,2,2014-12-26,4,0,,1,2009-05-10,2009-05-10,3,4,2016-05-10,8,1,6,5,,6,5200,3500
762452,2017-10-31T18:15:09Z,87259,1998-04-21,2,2014-06-06,4,0,,5,1998-04-01,1998-04-01,3,4,2016-06-01,1,1,2,2,,5,4000,2500
762022,2017-10-31T15:07:41Z,80639,1969-03-15,1,1999-05-20,2,0,,5,1985-04-01,1985-04-01,8,10,2007-03-01,10,1,8,4,,6,11000,3800
761404,2017-10-31T11:17:42Z,87017,1975-07-15,2,2000-07-15,3,2,20,1,1980-12-01,1980-12-01,14,17,1995-08-01,22,1,6,5,11,1,85000,5000
762115,2017-10-31T15:46:54Z,87193,1983-12-15,2,2001-03-18,3,2,14,4,1986-07-01,1986-07-01,2,3,2002-03-01,15,1,1,5,,6,10000,9000
753662,2017-10-30T13:16:26Z,57092,1992-07-18,1,2008-11-25,4,0,,2,1993-01-01,1993-01-01,3,4,2017-08-01,6,1,5,5,4,2,7000,1500
762786,2017-10-31T21:44:28Z,87315,1990-03-01,2,2006-05-03,3,1,2,5,2011-10-01,2011-10-01,3,4,2016-01-01,6,1,7,3,9,1,8300,3700
761126,2017-10-31T09:33:20Z,86824,1983-12-28,1,2006-10-13,3,2,14,1,1983-12-01,1983-12-01,13,16,2016-03-01,12,1,12,6,9,1,10000,7000
760767,2017-10-31T06:37:43Z,20862,1991-05-16,1,2014-01-13,2,1,3,4,1991-05-01,1991-05-01,10,12,2017-08-01,5,1,11,6,9,2,4000,10
762761,2017-10-31T21:17:45Z,87258,1966-04-28,2,2001-09-05,2,0,,5,1994-02-01,1994-02-01,3,4,2008-12-01,30,1,2,4,,6,6000,4500
762709,2017-10-31T20:42:36Z,80644,1990-09-01,2,2006-12-23,4,0,,5,1990-09-01,1990-09-01,20,24,2017-03-01,7,3,12,6,4,1,7000,5000
762218,2017-10-31T16:20:53Z,87209,1967-08-10,1,2001-05-15,3,2,29,5,1967-08-01,1967-08-01,12,15,1991-05-01,30,1,8,1,,6,3500,1500
762725,2017-10-31T20:49:57Z,87305,1989-07-10,1,2010-10-28,3,1,6,5,1989-07-01,1989-07-01,17,21,2016-07-01,6,1,11,6,4,1,10000,3600
761019,2017-10-31T08:45:53Z,86956,1976-02-06,2,2011-12-22,4,0,,5,1995-02-01,1995-02-01,8,10,2005-02-01,12,1,3,2,10,1,12000,6000
760995,2017-10-31T08:32:51Z,86954,1987-07-16,2,2003-07-16,4,0,,5,2004-09-01,2004-09-01,8,10,2017-06-01,5,6,12,3,9,2,9000,5000
761792,2017-10-31T13:37:28Z,87088,1991-12-30,2,2008-02-15,4,0,,1,1991-12-01,1991-12-01,18,22,2014-07-01,7,1,1,6,11,1,10000,4000
761113,2017-10-31T09:27:16Z,86981,1969-04-21,1,1998-10-07,4,0,,2,1998-12-01,1998-12-01,7,9,1998-12-01,20,3,12,6,,6,12000,1200
761455,2017-10-31T11:32:30Z,87046,1989-12-21,2,2006-12-07,4,0,,5,1989-12-01,1989-12-01,6,8,2012-09-01,5,3,3,6,,6,7000,3500
762727,2017-10-31T20:50:44Z,83609,1985-09-30,1,2008-01-22,3,2,9,5,2007-12-01,2007-12-01,5,7,2016-06-01,1,1,3,3,4,1,3800,1000
761326,2017-10-31T10:45:00Z,87018,1991-10-08,1,2011-11-30,3,2,5,5,2012-12-01,2012-12-01,17,21,2015-08-01,2,6,10,2,10,1,8000,3000
761412,2017-10-31T11:21:42Z,87032,1987-11-16,2,2014-11-19,3,1,10,1,1987-11-01,1987-11-01,2,3,2010-08-01,9,1,10,3,6,1,4100,2800
761452,2017-10-31T11:30:36Z,87045,1991-09-11,2,2007-09-20,3,1,1,4,1998-09-01,1998-09-01,8,10,2017-05-01,6,1,12,5,2,1,20000,7000
762007,2017-10-31T15:04:26Z,87163,1997-11-18,2,2013-12-12,4,0,,4,1997-11-01,1997-11-01,1,2,2017-04-01,1,1,8,3,10,2,5500,1500
762350,2017-10-31T17:17:11Z,87240,1996-02-07,1,2012-09-01,4,0,,1,2016-08-01,2011-09-01,8,10,2017-01-01,3,1,12,4,,6,6000,5000
761171,2017-10-31T09:49:42Z,86983,1978-03-07,1,1995-05-10,4,1,18,5,2010-09-01,1995-05-01,13,15,2010-10-01,20,1,5,4,9,1,12000,1000
761612,2017-10-31T12:27:10Z,86996,1985-06-05,1,2008-10-09,3,1,4,5,2010-03-01,2010-03-01,3,4,2015-05-01,7,1,11,3,11,1,4500,4000
757498,2017-10-30T22:08:48Z,48746,1996-12-01,2,2013-08-03,4,0,,6,2016-08-10,2016-08-10,18,22,2017-07-01,2,1,11,1,11,2,9000,2500
760854,2017-10-31T07:29:36Z,86925,1979-08-13,2,1995-12-06,3,2,11,5,2004-07-01,2004-07-01,17,21,2012-09-01,5,3,3,6,4,1,8000,6000
753927,2017-10-30T14:30:18Z,86650,1993-09-20,2,2009-12-14,2,1,4,5,2015-10-01,2015-10-01,3,4,2015-09-01,5,1,12,5,5,1,8700,5200
757013,2017-10-30T17:16:11Z,86752,1986-06-23,1,2015-12-08,3,1,2,5,2015-08-01,2015-08-01,3,4,2017-02-01,11,1,12,6,4,1,12000,9000
756951,2017-10-30T16:49:21Z,86745,1998-02-06,1,2014-10-10,4,0,,1,2015-02-01,1998-02-01,11,14,2017-07-01,1,1,5,5,,3,6800,4000
757056,2017-10-30T17:34:59Z,86766,1994-08-12,1,2013-03-28,4,1,4,1,1998-09-01,1998-09-01,14,17,,5,4,,,2,1,7000,5000
752995,2017-10-30T09:29:40Z,69195,1994-11-18,1,2011-05-31,4,0,,1,1998-09-01,1998-09-01,14,17,2016-03-01,1,1,12,1,,5,5600,2000
754155,2017-10-30T15:47:40Z,86696,1997-08-23,2,2014-01-28,4,0,,5,2014-02-01,2014-02-01,5,7,2016-03-01,2,1,2,6,9,2,5800,1300
757318,2017-10-30T20:04:57Z,86815,1989-02-04,1,2016-03-10,3,1,1,1,1989-02-01,1989-02-01,13,16,,6,5,,,6,1,4000,4000
752711,2017-10-30T07:35:39Z,85758,1997-07-13,2,2013-08-12,3,0,,5,2016-06-01,2016-06-01,3,4,2015-09-01,2,1,7,3,2,2,9000,5500
754271,2017-10-30T16:37:21Z,43690,1997-07-11,2,2013-09-12,4,0,,1,2016-08-10,1997-07-10,7,9,1970-01-01,2,4,,,11,2,10000,1200
756892,2017-10-30T16:45:00Z,86741,1992-12-05,1,2009-07-30,4,0,,1,1992-12-01,1992-12-01,6,8,2016-09-01,3,3,12,6,,6,5000,1200
753379,2017-10-30T11:51:09Z,76024,1997-02-17,1,2013-03-03,4,0,,1,2016-07-01,2016-07-01,6,8,2016-08-01,1,1,8,5,,6,4500,4500
752929,2017-10-30T09:04:24Z,48685,1983-06-25,1,2017-01-18,3,1,0,5,1983-06-10,1983-06-10,3,4,2016-05-10,15,1,7,1,,6,7500,1200
753655,2017-10-30T13:12:28Z,75886,1989-03-07,2,2005-06-14,4,0,,1,2004-01-01,2004-01-01,8,10,2016-10-01,5,1,3,5,,6,11000,7000
756987,2017-10-30T17:04:26Z,86753,1998-07-11,2,2014-08-02,4,0,,1,2016-11-01,2006-06-01,2,3,2016-11-01,3,6,6,3,10,2,8000,7000
753630,2017-10-30T13:06:33Z,86601,1991-11-13,2,2007-12-04,4,0,,5,1991-11-01,1991-11-01,11,14,2016-01-01,5,1,12,3,9,1,7000,7000
753690,2017-10-30T13:25:10Z,86611,1994-10-10,1,2016-03-18,1,3,5,1,1997-02-01,1997-02-01,9,11,,0,5,,,2,2,6500,2500
753057,2017-10-30T09:51:49Z,86482,1996-08-14,1,2013-07-13,4,0,,5,1996-08-01,1996-08-01,7,9,2017-03-01,1,1,2,5,,6,4000,3000
757215,2017-10-30T18:53:31Z,86785,1994-03-03,1,2014-10-03,3,1,1,1,2014-03-01,2014-03-01,17,21,2015-04-01,3,1,11,2,4,1,7000,2500
753683,2017-10-30T13:23:58Z,86610,1979-05-20,2,1996-08-09,3,1,8,3,2002-11-01,2002-11-01,12,15,2011-01-01,20,1,12,3,11,1,7500,7500
752030,2017-10-29T23:14:45Z,86349,1974-05-21,1,2002-03-29,1,2,12,5,1974-05-01,1974-05-01,11,14,2010-03-01,13,1,12,6,10,2,5300,5000
757206,2017-10-30T18:49:25Z,22972,1991-12-30,2,2008-07-08,4,0,,5,1991-12-10,1991-12-10,7,9,2017-03-10,5,1,11,3,6,1,5000,1000
752708,2017-10-30T07:31:27Z,86403,1967-07-28,1,1997-08-15,2,1,25,5,1998-04-01,1998-04-01,19,23,2007-03-01,10,1,8,6,,6,7500,3000
753045,2017-10-30T09:48:03Z,84625,1986-10-19,2,2003-02-13,3,1,4,1,1995-06-01,1995-06-01,19,23,2010-09-01,10,1,6,2,,6,4600,2100
754208,2017-10-30T16:13:32Z,85647,1991-07-08,2,2007-08-06,4,0,,5,1997-08-01,1997-08-01,1,2,,5,5,,,9,1,10000,5000
754073,2017-10-30T15:17:47Z,9545,1987-05-22,2,2003-08-05,4,0,0,5,1987-05-01,1987-05-01,10,12,2005-12-10,11,1,6,5,5,2,7200,2500
753293,2017-10-30T11:29:09Z,86541,1996-04-09,1,2012-05-24,4,0,,1,1996-04-01,1996-04-01,8,10,2017-03-01,6,1,12,2,,6,7000,2800
757004,2017-10-30T17:12:42Z,86751,1992-11-12,2,2010-11-04,3,0,,1,1992-11-01,1992-11-01,8,10,2015-08-01,3,1,6,3,,6,7000,4000
752608,2017-10-30T05:55:42Z,86379,1994-05-24,1,2010-06-23,4,0,,1,2001-01-01,2001-01-01,6,8,2013-09-01,2,1,11,3,,6,6000,3500
752951,2017-10-30T09:12:05Z,86458,1992-10-13,2,2008-11-13,3,1,2,5,1992-10-01,1992-10-01,3,4,2017-06-01,6,1,6,5,,6,13000,7000
753699,2017-10-30T13:26:53Z,86613,1995-07-26,1,2011-10-05,3,1,1,5,2015-09-01,2012-09-01,9,10,2013-03-01,4,1,11,6,4,1,13000,4000
757040,2017-10-30T17:32:11Z,86762,1991-10-25,2,2008-01-21,4,0,,1,2014-07-01,1991-10-01,13,2,2017-05-01,4,6,7,6,,3,10000,4500
753236,2017-10-30T10:52:18Z,64176,1993-09-10,2,2010-02-22,4,0,,2,2005-08-10,2005-08-10,2,3,1970-01-01,1,4,,,11,2,5000,2000
752884,2017-10-30T08:44:00Z,86433,1986-11-03,2,2003-04-24,4,0,,5,1986-11-01,1986-11-01,6,8,2017-08-01,8,1,8,3,,6,3200,1200
754131,2017-10-30T15:36:45Z,74955,1993-03-07,2,2009-09-30,4,0,,1,2010-04-01,2010-04-01,15,18,2015-02-01,3,3,12,6,8,1,6500,3000
753508,2017-10-30T12:28:07Z,86563,1986-05-26,2,2002-10-14,3,2,10,1,2014-10-01,2017-09-01,9,10,2003-07-01,14,1,2,5,11,1,11000,6000
752873,2017-10-30T08:40:57Z,86436,1990-10-31,2,2006-12-04,4,0,,3,1990-11-01,1990-11-01,19,23,2017-03-01,2,1,6,3,10,2,5500,1200
753735,2017-10-30T13:33:24Z,86157,1988-08-06,1,2005-02-09,4,0,,5,1996-02-01,1996-02-01,10,12,2012-06-01,8,1,6,2,4,1,6000,3000
752990,2017-10-30T09:28:18Z,60353,1963-03-01,1,1996-10-01,3,1,23,1,1999-10-01,1999-10-01,6,8,2009-06-01,30,1,6,5,11,1,6000,10
753534,2017-10-30T12:35:35Z,86577,1977-02-24,1,2015-07-01,3,2,21,4,2005-05-01,2005-05-01,3,4,2008-03-01,9,1,6,5,11,2,10000,7000
752778,2017-10-30T08:14:13Z,86421,1983-08-13,1,2003-02-21,3,2,13,1,2002-11-01,2002-11-01,8,10,2009-05-01,8,3,4,6,6,2,7000,4500
752866,2017-10-30T08:40:29Z,84833,1997-08-23,1,2013-09-10,1,0,,1,2017-04-01,2002-03-01,9,11,2017-03-01,4,1,12,1,,6,6500,5000
753628,2017-10-30T13:06:23Z,47750,1996-01-20,2,2012-02-20,4,0,,1,2014-04-01,2014-04-01,9,11,2015-02-01,5,1,6,2,11,1,7000,4000
757453,2017-10-30T21:42:50Z,86842,1976-12-15,1,2000-11-09,4,0,,5,2014-11-01,2014-11-01,18,22,2015-03-01,15,1,11,2,10,1,8000,6000
752015,2017-10-29T22:34:53Z,86337,1995-01-10,1,1995-03-17,4,0,,1,2012-09-01,2012-09-01,18,22,2016-06-01,2,3,9,5,2,1,20000,5000
753862,2017-10-30T14:05:54Z,80793,1993-05-25,1,2012-12-27,3,0,,1,1994-04-01,1994-04-01,3,4,2016-01-01,10,1,9,3,,6,5000,5000
754022,2017-10-30T15:00:25Z,50949,1968-11-23,1,1999-11-16,3,1,17,2,2010-12-01,1971-08-01,3,11,2012-02-01,25,6,5,5,7,1,5000,800
752829,2017-10-30T08:29:22Z,86427,1997-04-08,1,2013-09-26,4,0,,5,1997-04-01,1997-04-01,7,9,,0,4,,,4,1,3000,1600
751182,2017-10-29T12:39:07Z,86134,1993-05-12,2,2013-10-15,4,0,,1,1993-05-01,1993-05-01,23,27,2016-08-01,2,1,1,5,,6,7000,3500
753021,2017-10-30T09:38:36Z,86414,1994-08-29,2,2011-11-03,3,1,2,5,2011-11-01,2011-11-01,3,4,2016-09-01,1,1,1,6,,6,7100,4
753752,2017-10-30T13:36:15Z,86606,1993-07-17,2,2009-09-22,1,0,,4,2009-07-01,2009-07-01,3,4,2017-02-01,5,1,12,3,,6,7000,2000
752590,2017-10-30T05:27:13Z,45258,1974-10-14,1,2001-10-08,3,2,0,5,1995-06-10,1995-06-10,1,2,2012-07-10,20,1,12,5,,6,5500,3000
753102,2017-10-30T10:12:56Z,86442,1967-06-29,1,1998-12-07,3,1,28,5,1989-12-01,1989-12-01,16,20,2000-03-01,27,1,12,6,4,2,4500,2300
753007,2017-10-30T09:32:23Z,46807,1967-09-14,2,2000-12-12,2,1,12,1,2005-07-01,1997-08-01,3,4,2017-05-01,24,1,11,4,4,1,7200,3500
753573,2017-10-30T12:48:19Z,86588,1995-11-26,2,2012-01-04,4,0,,1,2013-09-01,2013-09-01,18,22,,1,4,,,11,1,6100,3000
753545,2017-10-30T12:40:02Z,79567,1996-07-01,1,2012-12-24,1,0,,1,2015-03-01,1997-02-01,3,4,2016-04-01,4,6,12,4,,6,4200,1800
741598,2017-10-27T14:19:55Z,80492,1991-05-07,1,2008-10-04,1,2,4,1,1997-03-01,1997-03-01,4,6,2008-01-01,5,1,12,6,,5,15000,3500
753109,2017-10-30T10:13:52Z,86487,1994-05-30,2,2011-02-14,4,0,,4,2011-02-01,2011-02-01,13,16,2014-05-01,3,1,3,1,11,1,7000,3000
753713,2017-10-30T13:29:01Z,86603,1997-08-12,2,2013-08-22,4,0,,1,2015-02-01,2015-02-01,3,4,2015-08-01,24,1,6,1,,6,8000,5000
753424,2017-10-30T12:04:53Z,86561,1991-05-03,1,2007-06-07,3,1,2,4,2013-09-01,2013-09-01,9,11,2017-06-01,6,1,7,6,6,1,70000,57000
753587,2017-10-30T12:52:05Z,86591,1994-08-21,2,2010-12-15,3,1,3,4,1994-08-01,1994-08-01,22,26,2014-08-01,3,3,13,1,,5,17000,10000
752739,2017-10-30T07:55:59Z,86411,1987-08-05,2,2016-08-09,3,2,10,5,2009-09-01,2009-09-01,13,16,2017-03-01,11,1,6,5,3,2,5200,2900
751197,2017-10-29T12:48:34Z,45786,1995-04-27,1,2012-02-09,4,0,,1,2016-04-01,2015-08-01,23,27,2017-03-01,3,1,5,5,,6,4000,10
747144,2017-10-28T20:38:04Z,85859,1981-08-10,1,2008-04-11,1,0,,5,1982-05-01,1982-05-01,6,8,,12,2,,,,5,4200,2500
746890,2017-10-28T17:33:18Z,85852,1994-02-04,2,2010-11-25,4,0,,1,2012-09-01,2000-08-01,1,2,2015-01-01,5,1,6,5,,6,7200,3000
751318,2017-10-29T13:51:31Z,86167,1994-09-23,1,2011-08-05,1,0,,1,2000-04-01,2000-04-01,18,22,2014-04-01,3,6,12,2,,6,3700,3700
751717,2017-10-29T17:43:36Z,86257,1994-10-08,2,2000-11-18,4,0,,1,1997-11-01,1997-11-01,11,14,2017-05-01,6,1,2,5,9,1,3800,1000
750877,2017-10-29T10:21:11Z,86064,1992-04-27,2,2008-12-04,4,0,,3,1992-02-01,1992-02-01,9,11,2016-02-01,5,1,12,2,9,2,7000,4000
746104,2017-10-28T10:31:53Z,63648,1982-03-30,2,1999-05-12,3,0,,5,2002-06-10,2002-06-10,11,14,2016-04-01,14,1,6,1,11,2,2500,2200
751910,2017-10-29T20:20:02Z,86308,1992-09-30,2,2009-04-01,4,0,,5,1992-09-01,1992-09-01,20,24,2016-09-01,5,1,2,5,11,1,7500,4000
750364,2017-10-29T02:53:03Z,85905,1995-02-13,1,2011-04-11,1,0,,1,2000-05-01,2000-05-01,1,2,2012-02-01,5,3,7,6,4,2,10000,6000
746412,2017-10-28T13:15:15Z,77286,1993-04-09,1,2010-04-21,1,1,2,5,1993-04-01,1993-04-01,18,22,2014-01-01,3,3,11,6,,5,3600,3000
751835,2017-10-29T19:04:56Z,86289,1988-12-17,1,2005-01-12,4,1,8,5,1988-12-01,1988-12-01,19,23,2014-06-01,11,6,12,5,,6,4770,1500
750969,2017-10-29T11:11:00Z,86086,1988-01-11,1,2007-11-27,4,0,,1,1988-01-01,1988-01-01,3,4,2015-03-01,9,3,11,6,,5,5000,5000
750983,2017-10-29T11:15:05Z,86084,1980-06-17,2,1997-04-22,2,2,2,3,2016-01-01,2016-01-01,20,24,2005-04-01,12,1,13,6,9,7,10000,8000
751003,2017-10-29T11:23:11Z,86093,1985-05-12,2,2001-05-29,4,0,,1,2008-06-01,2008-06-01,3,4,2016-09-01,9,1,6,5,11,1,6000,2000
750396,2017-10-29T05:07:20Z,85976,1987-10-18,2,2004-02-23,4,0,,3,2013-05-01,2013-05-01,8,10,2010-02-01,10,1,11,4,4,2,10000,5000
750595,2017-10-29T07:48:18Z,86004,1951-03-26,1,1999-05-18,5,2,44,5,1985-05-01,1985-05-01,13,16,,38,2,,,4,1,5000,1000
750295,2017-10-29T01:11:58Z,85956,1996-03-23,2,2016-04-01,4,0,,1,2012-05-01,2012-05-01,3,4,,1,4,,,,6,2000,1500
750489,2017-10-29T06:41:41Z,32790,1989-04-18,2,2005-08-18,3,0,,1,1989-04-01,1989-04-01,23,27,2008-06-01,11,3,3,6,,5,6000,10
750538,2017-10-29T07:08:32Z,85996,1984-07-05,2,2013-05-23,3,1,1,5,1992-06-01,1992-06-01,3,4,2017-05-01,12,1,6,3,8,1,7000,5000
747197,2017-10-28T21:07:54Z,85926,1989-04-15,1,2009-10-31,3,4,7,5,1989-04-01,1989-04-01,11,14,2017-08-01,7,6,12,6,,5,3200,2000
751558,2017-10-29T16:21:03Z,62261,1986-12-16,2,2003-08-16,4,0,,1,2010-09-10,2010-09-10,6,8,2016-04-10,7,1,1,2,6,1,10000,4000
750640,2017-10-29T08:19:38Z,21697,1976-01-02,1,2015-09-26,4,0,,5,2007-12-10,2007-12-10,13,16,2007-03-10,10,1,12,6,,6,7400,2300
751779,2017-10-29T18:20:25Z,86270,1997-07-08,2,2013-08-21,4,0,,3,1997-07-01,1997-07-01,12,15,2015-10-01,4,1,3,3,10,2,13000,6000
751730,2017-10-29T17:48:08Z,86258,1993-07-01,1,2012-12-15,4,0,,1,1993-07-01,1993-07-01,6,8,2017-07-01,3,1,12,4,,5,6000,4000
750904,2017-10-29T10:33:11Z,85982,1997-01-07,2,2013-03-11,4,0,,1,2013-03-01,2013-03-01,6,8,2016-04-01,0,1,1,5,,6,8000,3500
750794,2017-10-29T09:39:41Z,74514,1988-11-17,1,2009-09-14,3,1,7,5,2010-06-01,2010-06-01,3,4,2010-04-01,8,3,6,6,4,1,7000,3000
751476,2017-10-29T15:26:55Z,86210,1988-01-28,1,2004-06-11,4,0,,1,2000-04-01,2000-04-01,22,26,2017-02-01,7,1,12,3,4,1,6000,2000
751571,2017-10-29T16:26:09Z,86229,1997-03-10,2,2013-04-04,4,0,,5,2014-09-01,1997-03-01,1,2,2015-09-01,3,3,5,6,10,2,6000,2000
751754,2017-10-29T17:59:36Z,86252,1992-06-26,1,2015-08-25,3,1,2,5,2014-10-01,2014-10-01,20,24,2014-09-01,2,6,10,2,6,1,860,500
750979,2017-10-29T11:13:52Z,85603,1988-02-10,1,2014-02-07,1,2,8,1,2015-07-01,2011-02-01,18,24,2014-05-01,8,3,11,6,,5,3200,2000
750487,2017-10-29T06:40:55Z,85988,1992-04-23,2,2008-05-15,4,0,,5,2010-08-01,2010-08-01,20,24,2017-10-01,1,1,3,5,,6,12000,1500
747254,2017-10-28T21:53:57Z,85934,1973-01-04,1,2000-02-16,4,0,,5,2016-06-01,2016-06-01,15,18,1994-02-01,26,1,10,4,6,1,4300,2500
751488,2017-10-29T15:32:50Z,83970,1990-02-08,1,2015-02-10,3,2,2,1,1993-02-01,1993-02-01,9,11,2012-08-01,5,3,10,6,4,1,5600,2950
751206,2017-10-29T12:56:13Z,86139,1984-08-04,2,2000-08-29,3,1,6,2,1985-11-01,1985-11-01,3,4,2002-10-01,10,1,6,5,11,1,7500,4500
751351,2017-10-29T14:09:45Z,75962,1991-03-31,1,2007-11-26,4,0,,1,2015-05-01,1996-03-01,11,14,2014-08-01,4,6,12,5,,5,10000,4500
751533,2017-10-29T16:05:27Z,59258,1989-01-09,2,2005-04-01,3,1,8,5,2005-02-10,2005-02-10,4,6,2014-04-01,9,1,3,2,,6,8000,1200
751088,2017-10-29T12:08:22Z,86083,1980-12-05,1,1999-08-05,1,3,17,3,2017-06-01,1980-12-01,18,22,2012-03-01,18,1,12,2,,6,12000,8000
750330,2017-10-29T01:28:54Z,34259,1996-12-26,2,2013-02-07,4,0,,3,2016-09-10,2016-09-10,3,4,1970-01-01,0,4,,,,6,4500,1900
747265,2017-10-28T22:12:37Z,85942,1993-06-20,1,2009-08-07,4,1,5,5,2017-03-01,1993-06-01,20,24,2017-06-01,6,1,7,6,,6,6000,4000
750593,2017-10-29T07:46:31Z,72499,1989-11-17,2,2015-11-15,4,0,,1,2016-09-01,1989-11-01,10,12,,9,5,,,10,1,4000,1500
751431,2017-10-29T14:52:11Z,86174,1961-06-18,2,1996-06-13,2,2,35,5,1968-05-01,1968-05-01,8,10,1992-05-01,30,1,4,5,10,1,7000,5000
751826,2017-10-29T18:55:15Z,86282,1995-09-28,1,2012-07-03,4,1,1,1,1995-09-01,1995-09-01,9,11,2013-11-01,4,6,12,6,,5,4500,3500
750322,2017-10-29T01:03:10Z,85959,1996-01-31,2,2012-07-25,4,0,,1,2012-05-01,2012-05-01,9,11,2016-05-01,2,1,2,3,9,1,7000,4000
751931,2017-10-29T20:50:36Z,86319,1985-11-07,2,2004-01-15,4,0,,5,1990-02-01,1990-02-01,9,11,2016-01-01,14,1,12,6,4,1,7000,3000
751353,2017-10-29T14:10:06Z,65824,1997-01-23,2,2013-03-12,4,0,,1,1997-01-10,1997-01-10,23,27,,4,4,,,11,2,4500,2000
750725,2017-10-29T09:04:50Z,16356,1988-08-19,2,1988-08-19,4,0,,1,2017-06-01,2011-03-01,7,7,2011-08-01,6,1,6,5,4,7,17000,6000
751437,2017-10-29T14:54:57Z,86196,1990-02-06,1,2012-02-16,3,1,5,5,2012-05-01,2012-05-01,20,24,2012-06-01,6,1,3,2,10,1,6500,4000
751049,2017-10-29T11:45:25Z,77838,1999-09-24,2,2015-12-18,4,0,,1,2016-09-01,2016-09-01,8,10,2017-09-01,1,6,11,5,11,2,3500,2000
750350,2017-10-29T02:21:54Z,66724,1992-11-29,2,2009-02-17,4,0,,5,1996-10-01,1996-10-01,10,12,2011-06-01,6,1,2,2,,6,4500,2000
751315,2017-10-29T13:47:28Z,86165,1989-07-28,1,2006-02-08,3,2,4,5,2013-12-01,1989-07-01,1,11,,3,5,,,,6,4500,2000
751377,2017-10-29T14:29:24Z,86179,1992-07-21,1,2014-04-30,4,0,,1,1999-08-01,1999-08-01,9,11,2013-03-01,4,1,6,4,,5,10000,5000
751669,2017-10-29T17:15:45Z,81629,1998-03-31,2,2015-09-15,4,0,,1,2016-10-01,2015-09-01,12,23,2016-10-01,1,1,1,5,,6,8100,1500
750861,2017-10-29T10:15:35Z,86060,1993-11-07,2,2009-12-16,3,1,1,1,2015-09-01,2015-09-01,18,22,,5,4,,,1,1,7500,6000
751016,2017-10-29T11:26:29Z,86103,1994-05-18,2,2010-10-03,4,0,,5,2016-10-01,2016-10-01,14,17,2017-09-01,3,1,12,1,4,1,9000,7000
750409,2017-10-29T05:20:44Z,85977,1992-09-24,2,2008-12-23,4,0,,5,1992-01-01,1992-01-01,16,20,2016-06-01,3,3,12,6,4,1,8000,2500
751572,2017-10-29T16:26:26Z,46432,1997-01-06,2,2013-09-04,4,0,0,5,2014-01-10,1999-01-10,7,21,2013-09-10,3,4,,,7,2,4000,2000
751136,2017-10-29T12:19:51Z,86107,1992-01-04,2,2008-01-31,4,0,,5,2010-01-01,2010-01-01,3,4,2011-09-01,6,1,6,6,,6,6000,2000
750587,2017-10-29T07:40:19Z,86000,1986-05-22,2,2013-09-10,3,2,4,5,1999-11-01,2013-05-01,8,11,2017-09-01,6,1,11,4,,6,6000,5000
751925,2017-10-29T20:41:22Z,86109,1997-03-12,1,2017-05-15,4,0,,1,2017-06-01,2017-06-01,3,4,2016-06-01,1,6,4,2,,6,4100,2900
751838,2017-10-29T19:05:29Z,86283,1995-10-03,2,2011-12-07,4,0,,5,2015-03-01,2015-03-01,18,22,2016-08-01,1,1,1,1,1,1,10500,5000
751875,2017-10-29T19:30:42Z,82136,1981-02-09,2,1998-04-22,3,2,8,5,1981-02-01,1981-02-01,7,9,2011-07-01,7,1,11,2,4,2,2800,2000
747318,2017-10-28T23:55:48Z,85955,1989-10-12,2,2006-10-06,3,1,1,4,1989-10-01,1989-10-01,22,26,2007-10-01,10,1,11,6,4,2,7500,5300
751232,2017-10-29T13:06:57Z,73870,1996-11-10,2,2012-12-11,4,0,,5,2012-11-01,2012-11-01,8,10,2015-11-01,3,1,7,4,4,2,12000,7000
747272,2017-10-28T22:19:34Z,85941,1991-11-16,1,2009-03-30,3,1,8,3,2000-11-01,2000-11-01,1,2,2015-09-01,9,1,6,5,9,1,8000,2500
747132,2017-10-28T20:29:52Z,85904,1993-11-16,2,2009-12-10,2,0,,4,1993-12-01,1993-12-01,14,17,2012-04-01,6,1,6,5,5,2,6000,3000
751501,2017-10-29T15:42:27Z,32062,1996-03-02,1,2012-04-19,4,0,,1,2013-09-10,2013-09-10,6,8,1970-01-01,0,4,,,8,2,2500,800
747286,2017-10-28T23:05:46Z,85953,1999-05-26,2,2015-07-16,4,0,,1,2016-09-01,2016-09-01,3,4,,1,4,,,11,2,2500,1800
746318,2017-10-28T12:23:46Z,85293,1990-02-26,1,2011-09-22,2,1,3,1,2009-04-01,2009-04-01,3,4,2015-05-01,2,6,6,4,,5,3000,2000
746363,2017-10-28T12:44:39Z,83133,1987-01-09,2,2015-09-29,3,1,3,1,1994-05-01,1994-05-01,18,22,2016-06-01,11,1,11,2,5,1,9000,7000
746171,2017-10-28T10:58:57Z,73906,1966-02-28,1,2010-07-02,2,1,29,5,1985-05-01,1985-05-01,18,22,2012-04-01,30,3,12,6,,6,9500,4000
745819,2017-10-28T08:57:31Z,85609,1987-08-03,2,2004-01-17,2,1,5,1,1993-08-01,1993-08-01,15,18,2017-09-01,9,1,7,1,11,1,8000,6000
745868,2017-10-28T09:12:57Z,83433,1997-09-05,1,2013-10-10,4,0,,5,2001-06-01,2001-06-01,18,22,2016-07-01,1,3,12,6,,6,6000,4000
746838,2017-10-28T16:56:13Z,85840,1994-03-08,2,2010-04-27,3,0,,1,2015-01-01,2015-01-01,18,22,2015-02-01,2,1,2,4,1,2,11580,4300
745816,2017-10-28T08:56:11Z,71489,1995-10-14,1,2012-01-20,4,0,,1,2013-09-01,2013-09-01,18,22,2017-05-01,3,1,7,3,6,2,6500,3000
736521,2017-10-26T15:57:10Z,84084,1990-01-25,2,2006-04-03,4,0,,1,2016-07-01,2016-07-01,1,2,2015-05-01,8,1,8,1,7,1,4500,3000
747178,2017-10-28T20:54:15Z,34054,1991-05-06,2,2013-01-04,3,1,3,5,2014-10-10,2014-10-10,20,24,2016-05-10,2,1,10,4,6,1,6400,2000
745353,2017-10-28T01:47:35Z,85514,1991-05-27,2,2014-04-01,4,0,,4,2005-02-01,2005-02-01,23,27,2017-07-01,5,1,3,4,,3,6500,3000
746511,2017-10-28T13:59:21Z,85741,1998-05-26,2,2014-06-10,4,0,,5,1998-05-01,1998-05-01,3,4,2016-04-01,1,1,2,1,,3,4350,800
746329,2017-10-28T12:28:55Z,85389,1985-05-29,2,2001-06-20,2,1,7,3,1985-07-01,1985-07-01,18,22,2016-07-01,15,1,12,3,,5,13000,8000
746236,2017-10-28T11:24:39Z,85656,1970-12-07,2,1996-09-17,3,1,10,1,2008-10-01,2008-10-01,19,23,,22,2,,,1,1,7000,3000
746941,2017-10-28T17:56:58Z,71310,1969-09-05,2,2000-02-09,2,1,27,3,1997-03-01,1997-03-01,13,16,1993-08-01,24,1,6,5,10,1,9000,5500
745886,2017-10-28T09:15:22Z,85621,1993-10-20,1,2009-12-23,4,0,,1,1993-10-01,1993-10-01,13,16,2015-04-01,2,1,13,2,11,1,8500,5000
742345,2017-10-27T21:41:42Z,84326,1984-09-07,2,2015-09-18,1,1,10,3,2016-09-01,2015-09-01,8,10,2015-09-01,12,3,8,6,4,2,8000,5000
746457,2017-10-28T13:36:44Z,85734,1994-05-28,1,2014-08-23,3,1,3,4,2015-08-01,2015-08-01,9,11,2017-07-01,5,6,8,1,7,2,5000,3000
746705,2017-10-28T15:41:18Z,85804,1993-02-28,1,2013-05-28,3,2,2,1,1999-08-01,1999-08-01,11,14,2013-01-01,3,3,12,6,4,2,4000,3500
745393,2017-10-28T03:10:32Z,85523,1988-12-08,2,2007-06-29,4,0,,5,1988-12-01,1988-12-01,10,12,2015-05-01,9,1,3,3,,5,10000,5000
746532,2017-10-28T14:06:46Z,66532,1982-04-18,2,2015-12-04,3,1,0,1,2016-05-10,2016-05-10,8,10,2016-05-10,12,1,6,3,,6,8000,3000
745709,2017-10-28T08:09:59Z,79460,1984-12-08,2,2001-02-22,4,0,,4,1990-04-01,1990-04-01,3,4,,10,5,,,11,1,8000,1500
746067,2017-10-28T10:18:46Z,46635,1997-12-02,1,2015-02-11,3,2,2,1,2008-06-10,2008-06-10,20,24,2015-09-10,3,3,12,6,6,2,3000,2000
745328,2017-10-28T00:14:46Z,78768,1994-12-18,1,2011-01-19,4,0,,5,2015-03-01,2015-03-01,14,17,2015-09-01,2,1,11,5,,6,4500,4500
747155,2017-10-28T20:42:40Z,84314,1995-08-21,2,2011-10-11,4,0,,1,2002-02-01,2002-02-01,18,22,2017-05-01,2,1,12,4,4,2,7000,2000
745568,2017-10-28T06:55:23Z,85539,1985-11-07,2,2011-06-08,2,2,7,5,2010-11-01,2010-11-01,20,24,2009-12-01,14,1,11,6,4,1,12000,2000
746020,2017-10-28T10:07:03Z,85628,1990-03-05,1,2015-08-26,3,2,11,5,1990-03-01,1990-03-01,3,4,,2,5,,,,6,5800,5000
742377,2017-10-27T22:24:55Z,85489,1984-03-02,2,2001-05-22,4,0,,1,1995-01-01,1995-01-01,3,4,2004-08-01,13,1,6,5,,6,8000,1000
746462,2017-10-28T13:39:34Z,7246,1985-07-02,2,2002-04-11,4,0,,1,2001-09-10,1993-04-10,3,8,2007-09-10,10,1,6,5,11,7,4000,1000
745323,2017-10-28T00:09:55Z,85466,1982-10-13,2,2014-07-23,2,0,,5,1982-10-01,1982-10-01,18,22,2010-07-01,7,1,8,1,,6,5000,2500
747009,2017-10-28T19:00:00Z,67739,1989-01-14,2,2005-08-12,4,0,,1,2013-10-01,2013-10-01,3,4,2009-09-01,8,1,6,5,11,2,4000,1000
747073,2017-10-28T20:03:08Z,85902,1981-07-20,1,2008-03-12,3,4,10,5,1986-05-01,1986-05-01,15,18,2014-04-01,13,6,12,6,4,1,5000,2500
745804,2017-10-28T08:50:55Z,85608,1998-12-01,2,2015-01-23,4,0,,1,2013-03-01,2013-03-01,13,16,,3,4,,,,6,4500,1500
746381,2017-10-28T13:05:45Z,84730,1999-08-02,2,2015-09-26,4,0,,1,2011-01-01,2011-01-01,4,6,,3,4,,,,5,3000,1500
745599,2017-10-28T07:23:21Z,42730,1983-11-11,2,2000-02-23,4,0,,1,1984-12-10,1984-12-10,19,23,2014-05-10,10,1,12,4,11,1,10000,1200
746101,2017-10-28T10:28:10Z,85649,1997-02-19,2,2013-05-13,4,0,,1,2014-07-01,2014-07-01,3,4,,0,4,,,2,2,2000,1500
745817,2017-10-28T08:57:11Z,85612,1991-11-15,2,2008-02-02,4,0,,4,2015-04-01,2015-04-01,8,10,2013-12-01,4,1,5,5,9,1,14000,7000
746944,2017-10-28T17:58:18Z,85858,1995-03-28,1,2015-09-24,3,1,2,1,2014-04-01,2014-04-01,20,24,2014-02-01,4,1,12,6,,6,4300,2000
745760,2017-10-28T08:28:15Z,85597,1975-05-29,1,1998-11-21,3,2,12,5,1992-12-01,1992-12-01,3,4,,19,5,,,6,1,9800,5400
745731,2017-10-28T08:18:39Z,67115,1991-03-03,2,2007-06-22,3,1,3,1,1991-03-01,1991-03-01,9,11,2014-01-01,5,1,1,5,,6,7500,10
746929,2017-10-28T17:50:42Z,85856,1996-01-27,2,2012-03-17,4,0,,1,1999-09-01,1999-09-01,10,12,2013-03-01,4,1,9,5,3,1,5000,5000
742398,2017-10-27T23:01:57Z,85498,1967-03-22,2,2003-07-16,3,1,24,5,1972-03-01,1972-03-01,8,10,2006-08-01,32,3,4,6,6,2,9000,6000
745742,2017-10-28T08:22:56Z,37983,1986-01-23,2,2002-09-11,1,1,6,1,2005-04-10,2005-04-10,18,22,2016-05-01,8,1,6,5,10,2,1300,6000
745993,2017-10-28T09:56:55Z,66293,1994-04-01,1,2015-12-07,4,3,5,1,2007-12-01,2007-12-01,23,27,2010-10-01,3,3,12,6,,6,10000,10
746402,2017-10-28T13:13:29Z,64105,1998-10-17,2,2014-12-18,4,0,,2,2017-06-01,2017-06-01,3,4,,0,4,,,11,2,6000,3000
746415,2017-10-28T13:17:17Z,85726,1988-11-17,2,2015-06-02,3,2,6,5,1990-12-01,1990-12-01,3,4,2016-01-01,1,1,6,3,,6,8000,5000
745421,2017-10-28T04:02:58Z,85528,1999-05-25,2,2015-06-22,4,0,,1,1999-05-01,1999-05-01,9,11,2017-06-01,4,1,7,2,4,2,8000,3000
747071,2017-10-28T20:01:02Z,84993,1993-06-15,2,2009-09-03,4,0,,5,1993-06-01,1993-06-01,12,15,2014-12-01,3,1,2,5,,6,3600,3100
745548,2017-10-28T06:48:05Z,85563,1982-08-26,2,1999-02-27,4,0,,1,1991-02-01,1991-02-01,20,24,2015-06-01,3,1,1,5,,6,7000,5000
746005,2017-10-28T10:01:42Z,85638,1983-11-03,2,2000-01-26,3,0,,4,2000-01-01,2000-01-01,2,3,2014-03-01,10,1,3,2,11,1,12000,3000
745539,2017-10-28T06:41:37Z,85460,1983-11-26,1,2015-05-21,3,0,,4,2016-07-01,2016-07-01,6,8,2015-10-01,24,1,5,1,,6,7000,3000
747099,2017-10-28T20:11:20Z,85906,1995-11-14,2,2012-12-07,4,0,,4,2000-11-01,2000-11-01,8,10,2016-07-01,4,1,12,6,4,2,15000,8000
746116,2017-10-28T10:38:16Z,85654,1963-07-22,1,2017-04-07,2,2,33,5,1989-08-01,1989-08-01,11,14,1997-01-01,35,6,11,6,5,1,12000,10000
736999,2017-10-26T19:43:15Z,80329,1985-05-11,1,2002-07-22,4,0,,4,2005-04-01,1986-02-01,8,20,2014-03-01,10,1,12,6,4,1,3000,1000
745892,2017-10-28T09:17:41Z,85616,1981-06-29,1,2013-04-27,3,3,11,5,2015-09-01,2015-09-01,20,24,2017-07-01,15,1,11,1,6,7,10000,6000
745694,2017-10-28T07:58:44Z,80554,1985-07-22,2,2002-06-14,3,1,10,1,1986-11-01,1986-11-01,15,18,2003-12-01,14,1,3,3,,5,30000,150000
747113,2017-10-28T20:23:13Z,81121,1995-02-13,1,2011-05-21,4,0,,5,2013-03-01,2013-03-01,4,6,2013-02-01,4,1,8,3,,6,3500,2500
740961,2017-10-27T10:34:22Z,59640,1986-05-26,1,1986-02-27,3,2,4,1,2008-05-10,2008-05-10,13,16,2008-09-10,9,1,2,2,6,1,4500,3000
737248,2017-10-26T22:56:58Z,85055,1994-12-14,1,2010-12-30,4,0,,1,1994-12-01,1994-12-01,16,20,2017-08-01,4,3,4,5,,6,11000,6000
740466,2017-10-27T07:04:17Z,85113,1997-07-31,1,2013-11-13,4,0,,1,2000-05-01,2000-05-01,3,4,2016-11-01,1,1,8,4,,6,5000,3000
741551,2017-10-27T14:04:16Z,76763,1990-01-03,2,2013-05-14,4,0,,5,2016-03-01,1998-02-01,11,16,2012-08-01,9,1,7,6,11,1,55000,25000
735817,2017-10-26T12:30:33Z,52771,1994-06-22,2,2016-10-24,4,0,,1,1996-10-01,1996-10-01,9,11,2017-03-01,2,1,12,1,,6,5500,10
741671,2017-10-27T14:52:10Z,85347,1991-08-23,2,2008-02-26,4,0,,1,1996-01-01,1996-01-01,3,4,2013-04-01,10,1,2,1,,6,7000,3000
741956,2017-10-27T16:50:47Z,85408,1993-04-16,2,2009-04-22,4,0,,1,2013-02-01,1997-01-01,12,25,2012-02-01,6,1,2,2,,6,8000,3000
741308,2017-10-27T12:31:21Z,85288,1968-01-22,1,2001-05-23,3,1,29,1,1986-10-01,1986-10-01,10,12,1999-03-01,15,3,12,6,,5,3500,1200
740173,2017-10-27T01:10:35Z,66236,1998-08-09,1,2014-09-27,4,0,,1,2017-01-10,2017-01-10,8,10,2017-01-01,1,1,11,6,10,2,7000,5000
742071,2017-10-27T18:15:39Z,37195,1983-04-16,2,2000-04-01,2,1,2,4,2007-11-10,2013-09-10,8,10,2016-10-10,11,1,12,1,9,1,15000,8000
741603,2017-10-27T14:22:34Z,85298,1985-05-08,1,2008-08-19,3,1,4,5,2007-11-01,2007-11-01,10,12,2007-07-01,12,3,11,6,11,1,12000,4000
737159,2017-10-26T21:42:48Z,85033,1975-11-20,2,2010-10-03,1,0,,5,2005-12-01,2005-12-01,9,11,2017-09-01,18,1,6,2,,6,7000,4000
741216,2017-10-27T12:06:07Z,85278,1984-05-10,2,2000-06-21,3,1,9,4,1998-04-01,1998-04-01,20,24,2012-04-01,5,3,3,6,11,1,6500,3000
742088,2017-10-27T18:24:34Z,77031,1950-08-22,1,1996-10-10,5,0,,5,2016-09-01,2016-09-01,3,4,,22,2,,,,6,3500,500
740925,2017-10-27T10:25:20Z,44796,1998-05-11,2,1998-05-30,4,0,0,4,2015-09-10,2015-09-10,13,16,2015-12-10,2,4,,,2,2,4500,4000
742163,2017-10-27T19:03:03Z,85448,1994-10-06,2,2010-11-05,3,1,4,1,2012-08-01,2012-08-01,18,22,2012-08-01,4,1,1,5,11,2,7000,2000
741082,2017-10-27T11:18:44Z,85248,1989-06-24,2,2005-10-07,2,1,5,1,2006-05-01,2006-05-01,15,18,2015-02-01,10,3,12,6,4,1,19000,6000
740589,2017-10-27T07:59:39Z,85141,1997-06-16,2,2013-09-04,4,0,,1,1997-06-01,1997-06-01,23,27,2016-06-01,1,1,12,4,11,2,7000,4000
741689,2017-10-27T14:57:16Z,69229,1998-03-01,2,2014-04-08,4,0,,4,1999-10-01,1999-10-01,3,4,2017-08-01,2,1,11,1,,6,4200,1500
735431,2017-10-26T10:01:56Z,83930,1990-06-27,2,2006-07-31,4,0,,1,1990-06-01,1990-06-01,13,16,2016-03-01,1,1,2,4,,5,5200,2200
741107,2017-10-27T11:25:44Z,85244,1988-07-04,2,2005-02-11,4,0,,1,1988-07-01,1988-07-01,3,4,2017-01-01,3,3,12,6,10,1,7000,4000
740635,2017-10-27T08:16:16Z,31705,1978-10-27,2,1995-07-01,3,2,7,1,1995-01-10,1995-01-10,11,14,2015-04-10,17,1,1,1,3,1,8300,2000
736024,2017-10-26T13:15:53Z,73689,1994-03-17,2,2010-06-09,4,0,,1,1994-03-01,1994-03-01,20,24,2012-06-01,5,1,7,2,,3,800,800
742286,2017-10-27T20:44:02Z,85469,1984-07-16,2,2000-08-11,3,1,2,6,1993-03-01,1993-03-01,13,16,2000-06-01,11,1,12,3,4,1,23000,20000
741822,2017-10-27T15:59:52Z,85385,1994-09-05,2,2010-11-10,4,0,,1,1994-09-01,1994-09-01,6,8,2017-08-01,8,1,6,3,,5,7000,3000
736701,2017-10-26T17:06:02Z,33454,1981-08-06,1,1997-09-09,4,0,,5,2014-06-10,2014-06-10,8,10,2017-04-10,18,1,11,2,4,1,8000,5000
741435,2017-10-27T13:29:11Z,85317,1983-07-23,2,2011-05-11,4,0,,2,1983-07-01,1983-07-01,18,22,2017-03-01,13,3,3,6,11,1,20000,17000
742174,2017-10-27T19:12:12Z,68368,1994-12-20,1,2010-12-29,4,1,1,5,1999-10-01,1999-10-01,22,26,,2,5,,,10,2,2500,1000
740254,2017-10-27T04:25:39Z,55463,1980-12-22,1,1997-05-26,4,1,12,1,1999-09-01,1999-09-01,2,3,2010-10-01,16,1,5,2,4,1,8000,2000
741431,2017-10-27T13:28:53Z,85290,1993-06-10,2,2009-07-14,4,0,,5,1996-03-01,1996-03-01,18,22,2017-03-01,7,3,11,6,,6,7800,5000
742243,2017-10-27T20:09:03Z,85457,1984-01-09,2,2000-02-04,3,1,10,5,1997-01-01,1997-01-01,13,16,2016-08-01,10,1,12,5,10,1,9000,6000
741438,2017-10-27T13:30:04Z,85316,1960-12-24,1,2001-04-19,2,1,29,1,2015-05-01,1966-06-01,3,4,1978-09-01,39,1,10,5,11,1,8000,2500
740944,2017-10-27T10:31:36Z,53400,1991-07-30,1,2011-08-12,2,2,2,5,2016-10-10,1991-11-10,8,18,2017-04-10,6,1,5,5,9,1,12000,3000
741619,2017-10-27T14:28:23Z,85338,1993-06-29,2,2009-07-22,3,0,,5,1993-06-01,1993-06-01,11,14,2014-05-01,6,1,11,3,,6,9000,5000
740276,2017-10-27T04:52:18Z,85083,1994-07-15,2,2010-11-10,3,1,1,5,1994-08-01,1994-08-01,14,17,2017-05-01,1,1,11,4,11,1,9000,7000
740395,2017-10-27T06:26:07Z,30327,1988-02-01,2,2004-08-30,4,0,,1,1988-02-01,1988-02-01,11,14,2006-02-01,11,3,13,6,,5,15000,10
737189,2017-10-26T22:12:30Z,85046,1997-09-13,2,2014-01-31,4,0,,5,1998-07-01,1998-07-01,8,10,,1,4,,,4,2,5000,5000
740591,2017-10-27T07:59:58Z,84355,1986-02-01,1,2002-12-03,4,1,8,5,1986-02-01,1986-02-01,3,4,2014-01-01,8,6,11,2,,6,3500,2500
741213,2017-10-27T12:05:44Z,15012,1994-04-02,2,2010-07-14,3,1,1,5,2008-07-10,2008-07-10,20,24,2016-10-10,6,1,1,1,10,1,8200,4000
737220,2017-10-26T22:30:23Z,85047,1992-05-18,2,2008-06-22,4,0,,5,2010-05-01,2010-05-01,3,4,2016-03-01,1,1,12,4,2,1,10000,4000
740535,2017-10-27T07:29:16Z,3168,1983-03-11,1,2003-12-17,3,1,13,5,1983-03-10,1983-03-10,19,23,2003-01-10,16,1,8,5,,6,5000,500
740743,2017-10-27T09:08:42Z,85172,1986-04-13,1,2009-12-15,3,1,7,5,2016-03-01,1995-02-01,8,8,2016-08-01,10,3,12,6,6,1,8000,4000
740146,2017-10-27T00:20:55Z,85067,1995-01-12,2,1995-01-12,1,0,,5,1995-01-01,1995-01-01,8,10,2017-04-01,5,1,7,3,6,2,10000,7000
741278,2017-10-27T12:19:01Z,80561,1994-02-28,2,2010-07-22,3,0,,5,1994-02-01,1994-02-01,20,24,2015-01-01,3,3,13,1,,6,9000,4500
740989,2017-10-27T10:46:44Z,85224,1972-09-23,2,2014-09-18,2,1,10,5,2014-04-01,2006-09-01,8,10,2015-08-01,28,1,12,6,1,1,10000,8000
740722,2017-10-27T09:00:41Z,57064,1962-01-03,2,2002-07-25,2,0,,5,2013-08-01,2013-08-01,8,10,,36,2,,,1,1,2000,10
740870,2017-10-27T09:57:48Z,85193,1992-04-30,1,2012-12-12,3,2,4,1,2014-05-01,2002-11-01,12,23,2014-06-01,5,6,12,3,6,2,4800,1600
740375,2017-10-27T06:11:18Z,85092,1995-04-09,1,2011-05-16,4,1,5,1,2016-05-01,1996-04-01,3,22,2015-05-01,3,3,12,6,,6,4500,4300
737173,2017-10-26T21:59:04Z,85044,1990-01-30,2,2006-01-15,4,0,,3,2005-05-01,2005-05-01,3,4,2013-08-01,7,1,6,5,11,1,8000,6000
740680,2017-10-27T08:36:49Z,85152,1990-01-09,1,2016-07-23,2,2,7,1,2010-04-01,1993-08-01,3,4,,2,5,,,,6,1500,800
740936,2017-10-27T10:28:58Z,85208,1982-08-29,1,2001-11-06,2,1,1,5,1982-08-01,1982-08-01,6,8,2005-02-01,17,6,12,6,,6,4700,2400
736208,2017-10-26T14:04:55Z,84856,1988-11-23,1,2010-12-09,3,2,7,1,1989-12-01,1989-12-01,8,10,2014-06-01,3,1,12,1,,6,6400,3099
736956,2017-10-26T19:16:21Z,84698,1990-02-22,1,2011-11-24,3,2,3,5,2008-02-01,2008-02-01,4,6,,2,5,,,,6,10000,5000
734825,2017-10-26T04:37:51Z,84549,1998-06-05,2,2015-01-15,4,0,,3,2017-06-01,2003-06-01,4,10,2017-07-01,0,1,2,2,,5,5000,4500
736015,2017-10-26T13:12:52Z,84819,1998-09-20,2,2014-10-09,4,0,,5,2013-05-01,2013-05-01,6,8,2013-06-01,5,1,12,2,,5,6000,4000
735727,2017-10-26T11:48:57Z,70493,1984-06-13,1,2011-11-15,3,1,3,3,1993-08-01,1993-08-01,8,10,2014-02-01,11,3,11,6,4,1,13000,4500
735898,2017-10-26T12:45:17Z,54463,1979-12-10,2,2013-04-05,4,0,,4,2017-03-01,2007-08-01,8,20,2017-03-01,17,1,13,5,,6,17000,7000
736264,2017-10-26T14:27:46Z,84076,1983-07-07,2,2000-08-22,4,0,,1,1983-07-01,1983-07-01,8,10,2016-08-01,8,1,1,5,,6,7500,5000
735433,2017-10-26T10:03:36Z,84699,1987-04-06,2,2012-06-21,4,0,,4,2000-01-01,2000-01-01,8,10,2016-10-01,5,3,6,6,,5,10000,6500
736734,2017-10-26T17:17:37Z,22938,1990-12-18,1,2011-03-12,2,1,3,5,2010-11-01,2010-11-01,8,10,,2,5,,,,6,5000,10
730272,2017-10-25T10:42:11Z,31422,1986-12-22,2,2005-03-25,4,0,,1,2017-01-10,1990-01-10,3,4,2008-01-10,12,1,6,5,10,1,9000,3000
736867,2017-10-26T18:23:57Z,1032,1986-10-20,1,2003-06-13,4,0,,5,2001-08-10,2001-08-10,18,22,2011-03-10,5,3,11,6,4,1,4000,2000
735432,2017-10-26T10:03:03Z,82813,1992-12-16,2,2008-12-16,4,0,,5,2017-02-01,2014-09-01,12,16,2017-02-01,1,1,11,3,4,2,6000,4000
735555,2017-10-26T10:40:20Z,84721,1994-11-10,2,2011-01-05,3,0,,5,2001-10-01,2001-10-01,23,27,2016-05-01,7,1,12,1,9,1,18000,3500
737061,2017-10-26T20:44:40Z,85019,1997-11-08,2,2014-04-04,4,0,,3,1997-11-01,1997-11-01,11,14,2016-10-01,2,1,12,5,9,2,15000,8000
735482,2017-10-26T10:20:20Z,84703,1992-02-11,2,2009-08-22,4,0,,1,2013-05-01,1992-02-01,11,5,2013-05-01,5,1,2,5,,5,7300,5000
734998,2017-10-26T06:45:58Z,640,1991-09-27,1,2016-10-13,2,1,3,1,1991-09-10,1991-09-10,14,17,1970-01-01,1,5,,,,6,4000,3000
735662,2017-10-26T11:30:03Z,84685,1984-09-06,1,2011-02-15,2,1,6,1,1990-10-01,1990-10-01,10,12,2007-07-01,15,1,8,1,7,1,5000,3500
733722,2017-10-26T00:13:39Z,48268,1981-09-13,2,1998-06-27,3,1,0,1,2013-02-10,2013-02-10,12,15,2016-01-10,17,1,12,2,,6,9000,5000
731797,2017-10-25T21:24:27Z,84498,1988-04-06,2,2004-09-09,4,0,,5,1994-01-01,1994-01-01,23,27,2010-01-01,7,3,7,6,,6,7000,5000
735943,2017-10-26T12:55:26Z,84770,1986-02-28,2,2013-06-11,4,0,,4,2004-09-01,2004-09-01,20,24,2015-05-01,11,3,13,3,6,2,8000,5000
736430,2017-10-26T15:29:29Z,84894,1993-04-30,1,2016-01-16,3,0,,5,2015-01-01,2015-01-01,18,22,2017-01-01,2,1,10,3,6,1,3200,1000
736893,2017-10-26T18:42:16Z,35463,1974-05-26,1,1997-12-27,3,2,21,5,1974-05-01,1974-05-01,5,7,1992-05-01,25,3,10,4,6,2,9000,10
731860,2017-10-25T22:46:32Z,84510,1993-04-03,2,2009-05-29,3,1,1,5,2016-07-01,2016-02-01,2,3,2016-03-01,3,1,12,4,4,1,11500,6000
734834,2017-10-26T04:56:41Z,84553,1974-10-30,2,1998-08-13,1,1,4,5,2017-09-01,2017-01-01,18,4,2017-09-01,25,1,2,5,9,7,11000,5200
736599,2017-10-26T16:23:21Z,84921,1997-04-14,2,2013-05-15,4,0,,1,2007-03-01,2007-03-01,21,25,2017-05-01,0,1,12,4,,5,5000,200
735337,2017-10-26T09:25:25Z,44011,1994-08-08,2,2014-10-08,4,0,,1,1994-08-10,1994-08-10,20,24,1970-01-01,2,5,,,,6,2000,2000
735961,2017-10-26T12:59:45Z,84762,1998-03-11,2,2014-09-18,4,0,,1,2017-03-01,1998-03-01,10,12,2017-03-01,1,3,3,6,,6,5000,2000
736220,2017-10-26T14:09:12Z,84849,1972-05-18,1,1997-08-02,3,1,23,5,1972-05-01,2001-04-01,23,27,2003-03-01,24,1,12,6,7,2,25000,3000
736120,2017-10-26T13:37:27Z,84832,1990-10-26,2,2007-06-14,4,1,1,1,1998-08-01,1998-08-01,10,12,2016-07-01,5,1,6,6,,6,3000,2500
736087,2017-10-26T13:30:45Z,84823,1958-05-15,2,2001-11-20,5,2,31,1,2015-11-01,2001-11-01,8,5,2010-05-01,38,1,3,1,2,1,15000,7000
734993,2017-10-26T06:43:34Z,84610,1984-04-06,2,2002-07-04,3,1,7,4,1991-06-01,1991-06-01,6,8,2005-11-01,13,1,6,5,11,7,12000,9000
735288,2017-10-26T09:05:26Z,81084,1992-03-13,2,2008-05-12,4,0,,1,1998-03-01,1998-03-01,19,23,2015-08-01,6,1,11,2,,6,6000,4000
734781,2017-10-26T02:15:29Z,84537,1997-06-12,1,2013-09-26,4,0,,1,2013-09-01,2013-09-01,10,12,,2,4,,,10,2,4500,700
735475,2017-10-26T10:18:43Z,20252,1975-06-25,2,2007-04-21,1,0,,1,2008-04-01,1975-07-01,8,25,2016-09-01,20,1,3,3,3,1,12000,5000
735647,2017-10-26T11:21:45Z,81761,1988-11-25,1,2005-02-15,3,0,,5,2014-12-01,2014-12-01,10,12,2014-07-01,10,1,12,3,4,2,4500,1500
734787,2017-10-26T03:03:25Z,84541,1990-06-10,2,2016-10-22,2,0,,5,1990-06-01,1990-06-01,23,27,2017-06-01,5,1,6,3,,6,6500,2000
736652,2017-10-26T16:44:23Z,84944,1994-04-16,2,2010-05-29,1,1,2,4,2000-04-01,2000-04-01,4,6,2015-07-01,3,1,1,5,,5,7000,6000
735032,2017-10-26T07:01:36Z,84609,1972-02-01,2,1999-04-30,2,0,,1,1982-01-01,1982-01-01,11,14,2015-10-01,20,1,12,2,,6,5000,3000
735753,2017-10-26T12:01:07Z,59434,1985-10-25,1,2002-11-09,4,1,7,5,2008-10-01,1986-09-01,6,8,2015-08-01,12,1,9,6,4,1,13000,3500
736240,2017-10-26T14:18:44Z,84863,1995-03-30,2,2011-06-22,4,0,,5,2014-09-01,2014-09-01,8,10,,3,4,,,6,2,4700,1700
736239,2017-10-26T14:18:38Z,84861,1988-09-07,2,2004-10-06,4,0,,1,1988-09-01,1988-09-01,18,22,2017-06-01,12,1,11,5,,6,6500,2000
735988,2017-10-26T13:05:16Z,84815,1993-02-23,1,2009-03-17,4,0,,5,2016-06-01,2016-06-01,6,8,2016-10-01,0,1,12,3,,5,3500,1500
735546,2017-10-26T10:36:11Z,65987,1993-07-06,2,2009-12-12,3,1,0,1,2016-03-10,2016-03-10,4,6,2010-08-10,7,1,1,5,1,1,11000,6000
731886,2017-10-25T23:47:43Z,84522,1986-11-23,2,2004-03-09,1,1,2,1,1986-11-01,1986-11-01,11,14,,7,5,,,,6,8000,3000
736011,2017-10-26T13:12:41Z,84700,1961-07-31,2,1999-12-08,3,2,35,4,2010-04-01,2010-04-01,2,3,2015-06-01,25,1,11,4,9,2,9000,3500
735930,2017-10-26T12:54:06Z,84775,1994-06-24,2,2010-07-16,4,0,,5,2004-08-01,2004-08-01,11,14,2015-09-01,4,3,13,6,8,1,16000,13000
735966,2017-10-26T13:02:09Z,84816,1982-07-17,2,1999-09-07,4,0,,5,2009-11-01,2009-11-01,8,10,2013-07-01,12,3,11,6,11,1,24000,8000
735653,2017-10-26T11:24:32Z,84732,1975-07-07,1,1998-12-02,4,0,,1,2017-02-01,2016-11-01,8,11,1975-05-01,22,1,3,1,4,1,12000,10000
736222,2017-10-26T14:11:37Z,75188,1981-03-26,2,2010-09-24,3,1,6,1,2008-06-01,2008-06-01,13,16,2008-07-01,18,1,11,2,11,1,6000,2500
736930,2017-10-26T19:01:53Z,84933,1986-01-01,1,2005-08-16,2,2,12,1,2001-08-01,2005-01-01,3,4,2004-01-01,13,1,6,2,,3,8500,5000
731813,2017-10-25T21:48:23Z,84495,1976-04-11,2,1995-11-16,3,2,18,1,1998-10-01,1998-10-01,13,16,2017-06-01,11,1,12,2,,5,4500,1500
735700,2017-10-26T11:40:17Z,84750,1997-09-10,2,2013-11-08,4,0,,2,2014-06-01,1997-09-01,8,3,,4,4,,,3,2,6000,5000
735318,2017-10-26T09:15:14Z,84681,1977-09-11,1,2001-03-29,4,0,,5,1977-09-01,1977-09-01,3,4,2016-01-01,22,3,7,6,11,2,12000,1000
734995,2017-10-26T06:44:05Z,84608,1991-09-29,1,2008-11-10,4,0,,1,1993-01-01,1993-01-01,3,4,2016-06-01,6,1,5,4,,6,7000,2000
736981,2017-10-26T19:31:06Z,84996,1998-05-17,1,2015-03-31,4,0,,1,2016-08-01,1998-05-01,8,8,2017-05-01,1,1,4,5,10,2,20000,10000
736461,2017-10-26T15:41:54Z,81163,1981-11-17,1,2006-06-14,3,2,11,1,2007-06-01,2007-06-01,18,22,2012-07-01,15,1,7,6,,6,6200,500
736775,2017-10-26T17:33:28Z,84964,1992-03-29,1,2012-02-02,4,0,,1,1992-03-01,1992-03-01,13,16,2013-04-01,8,1,11,3,5,1,7000,3000
734905,2017-10-26T06:00:42Z,84028,1983-01-16,1,2003-12-31,3,1,12,1,2002-01-01,2002-01-01,4,6,2017-06-01,13,1,12,6,9,2,4000,500
735190,2017-10-26T08:28:47Z,81275,1986-09-16,2,2003-05-13,4,0,,5,1987-01-01,1987-01-01,11,14,2017-06-01,9,1,12,6,4,1,7000,3000
735864,2017-10-26T12:39:58Z,79986,1990-07-06,1,2006-09-21,4,2,5,1,1996-05-01,1996-05-01,14,17,2016-02-01,9,1,11,2,4,1,6000,6000
736555,2017-10-26T16:10:12Z,84918,1993-08-13,1,2013-08-14,4,0,,5,2005-04-01,2005-04-01,3,4,2013-04-01,3,1,11,3,,6,3400,2600
730879,2017-10-25T14:13:26Z,84333,1995-03-16,2,2012-10-23,4,0,,1,2013-02-01,2006-01-01,12,12,2014-12-01,4,1,3,4,,6,7000,2000
735335,2017-10-26T09:24:24Z,82053,1987-07-08,1,2011-09-02,3,2,10,4,2009-02-01,2009-02-01,23,27,2010-03-01,7,3,11,6,9,2,5000,2000
736816,2017-10-26T17:58:44Z,84967,1978-05-01,2,2014-06-07,4,0,,1,2008-10-01,2008-10-01,21,25,,12,5,,,,6,8000,6000
735537,2017-10-26T10:34:09Z,84695,1979-10-01,2,1996-08-03,2,1,10,1,1999-09-01,1999-09-01,15,18,2017-09-01,13,1,12,6,,5,2800,1300
735178,2017-10-26T08:25:05Z,84646,1992-01-23,2,2008-09-22,4,0,,1,2016-03-01,2016-03-01,13,16,2010-08-01,7,1,12,6,,5,8400,4800
736947,2017-10-26T19:12:03Z,84980,1986-06-03,2,2002-08-02,4,0,,1,1990-06-01,1990-06-01,4,6,2010-02-01,7,1,12,4,,6,5600,3500
735722,2017-10-26T11:47:59Z,80892,1995-01-18,2,2011-04-19,3,0,,5,2013-09-01,2013-09-01,22,26,2014-10-01,4,3,13,6,7,2,8000,3000
735357,2017-10-26T09:37:26Z,84682,1993-12-06,2,2010-01-15,4,0,,1,2017-10-01,2000-04-01,12,15,2017-06-01,5,1,12,3,10,1,15000,6000
736628,2017-10-26T16:35:58Z,79939,1997-10-23,1,2015-08-13,3,1,2,1,1997-11-01,1997-11-01,2,3,2015-06-01,3,3,9,5,,6,7000,5800
736843,2017-10-26T18:11:47Z,62863,1993-08-23,2,2010-02-04,4,0,,5,2011-03-01,2011-03-01,7,9,2010-10-01,2,3,12,6,,6,2000,10
731849,2017-10-25T22:35:27Z,45428,1996-02-10,2,2012-03-12,4,0,,1,1997-10-01,1997-10-01,3,4,2015-05-01,5,1,11,3,10,2,7000,3000
736814,2017-10-26T17:58:27Z,84976,1995-12-11,2,2012-01-31,4,0,,1,2013-09-01,2013-09-01,18,22,,4,4,,,1,2,5600,3500
736554,2017-10-26T16:09:43Z,84920,1990-07-18,2,2007-11-20,1,0,,5,1997-07-01,1997-07-01,14,17,2011-09-01,6,1,2,2,,6,7000,3000
735003,2017-10-26T06:47:59Z,20237,1995-05-18,1,2014-09-25,3,1,0,1,1995-05-10,1995-05-10,4,6,1970-01-01,2,5,,,,6,3400,1200
735692,2017-10-26T11:38:22Z,50088,1992-05-24,1,2011-09-28,2,2,5,1,2014-02-01,2011-09-01,6,8,,1,5,,,10,2,2700,10
735383,2017-10-26T09:46:02Z,84669,1984-08-31,2,2001-03-19,3,1,2,5,2010-05-01,2007-06-01,3,22,2016-09-01,7,1,6,1,,6,6000,4000
734766,2017-10-26T01:47:57Z,84536,1989-04-27,2,2006-02-10,3,0,,1,1991-03-01,1991-03-01,8,10,2004-01-01,13,1,12,5,4,1,10000,5000
735889,2017-10-26T12:44:21Z,80372,1983-08-08,1,2016-03-29,3,1,1,5,1998-10-01,1998-10-01,3,4,2007-01-01,15,6,10,4,11,1,3500,2000
735046,2017-10-26T07:14:01Z,84616,1985-09-19,2,2005-08-08,3,2,2,5,2015-03-01,1985-09-01,23,23,2017-01-01,9,3,7,6,4,1,8400,6000
735668,2017-10-26T11:31:28Z,51512,1995-12-31,2,2013-03-27,4,0,,1,2003-01-01,2003-01-01,21,25,2016-05-01,2,1,6,5,,6,6200,2200
736531,2017-10-26T16:01:18Z,84909,1995-04-13,2,2011-05-19,4,0,,1,2002-01-01,2002-01-01,8,10,2015-02-01,2,1,2,1,,5,7300,6500
736291,2017-10-26T14:37:07Z,84842,1991-01-06,2,2007-04-11,4,0,,5,2012-05-01,2012-05-01,18,22,2016-07-01,3,1,1,1,4,1,7000,2000
735636,2017-10-26T11:17:10Z,84726,1975-06-01,1,2009-06-12,3,1,24,3,1990-08-01,1990-08-01,4,6,2013-01-01,21,1,12,6,,6,6000,3500
731821,2017-10-25T21:58:04Z,84507,1992-10-10,2,2009-02-19,3,1,1,1,1994-01-01,1994-01-01,3,4,2012-09-01,6,3,7,6,11,1,17000,5670
731308,2017-10-25T16:53:38Z,84421,1969-10-10,1,1998-09-17,2,1,24,5,2000-03-01,2000-03-01,2,3,2001-03-01,20,1,2,1,6,1,15000,6000
731117,2017-10-25T15:30:55Z,84373,1979-07-13,2,1997-05-27,3,2,16,1,2015-05-01,2015-05-01,8,10,2000-06-01,17,1,2,1,11,2,12500,8900
731363,2017-10-25T17:05:23Z,53973,1994-04-14,1,2012-11-13,3,2,3,1,2012-07-01,2012-07-01,8,10,2012-02-01,5,3,12,6,8,2,5000,1500
730917,2017-10-25T14:21:18Z,84336,1996-04-03,2,2012-05-10,4,0,,5,1996-04-01,1996-04-01,17,21,2016-05-01,3,3,1,5,7,2,8300,4500
729824,2017-10-25T06:57:12Z,84118,1986-11-13,2,2003-08-13,3,1,7,1,2012-09-01,2003-10-01,8,20,2015-11-01,8,1,7,1,,6,8000,4000
730944,2017-10-25T14:25:39Z,74016,1993-03-24,2,2014-08-24,4,0,,5,2014-05-01,2014-05-01,22,26,2015-02-01,2,3,13,3,7,2,6800,2000
731113,2017-10-25T15:30:09Z,84377,1986-10-06,2,2015-07-21,4,0,,5,1986-10-01,1986-10-01,13,16,2016-09-01,11,1,12,2,,6,7000,2000
730902,2017-10-25T14:18:40Z,84342,1990-12-22,2,2007-04-25,4,0,,5,2007-04-01,2007-04-01,20,24,2015-09-01,2,1,8,2,7,1,8000,700
730242,2017-10-25T10:30:51Z,84221,1996-06-28,2,2012-06-28,4,0,,1,2013-08-01,2013-08-01,3,4,,1,4,,,9,1,2500,1700
731482,2017-10-25T18:05:48Z,84431,1993-11-27,1,2016-10-13,3,1,3,1,1993-11-01,1993-11-01,22,26,2016-08-01,7,1,8,3,7,2,7000,3000
730533,2017-10-25T12:04:29Z,84265,1994-11-08,2,2011-02-21,4,0,,5,2011-06-01,2011-06-01,11,14,2015-03-01,2,3,13,6,10,1,11000,6000
731616,2017-10-25T19:22:34Z,84461,1993-09-17,2,2016-08-06,4,0,,5,2000-01-01,2000-01-01,8,10,2015-01-01,3,1,5,1,4,1,18000,5000
729662,2017-10-25T05:07:21Z,43336,1987-06-30,2,2004-01-24,3,1,3,1,1987-06-10,1987-06-10,18,22,2008-08-01,9,1,10,2,,6,4000,2600
731267,2017-10-25T16:34:43Z,84214,1988-04-14,1,2014-04-29,3,2,5,5,2012-04-01,2012-04-01,3,4,2016-04-01,5,1,11,3,6,1,7000,4000
730620,2017-10-25T12:34:15Z,84287,1994-01-27,2,2010-02-10,4,0,,5,2012-09-01,2012-09-01,18,22,2016-08-01,1,1,1,1,1,1,11500,5000
730420,2017-10-25T11:21:03Z,84240,1982-11-11,2,1999-06-24,4,0,,1,2017-09-01,2014-09-01,11,10,2013-01-01,11,3,10,6,11,1,9000,6000
730943,2017-10-25T14:25:33Z,84344,1980-10-29,1,2004-07-03,2,1,15,1,2015-04-01,2015-04-01,20,24,2010-02-01,19,1,12,6,4,1,7000,3000
730068,2017-10-25T09:14:50Z,84171,1999-06-13,1,2015-08-15,1,0,,6,2016-08-01,2016-08-01,18,22,,1,5,,,,5,5000,4000
729754,2017-10-25T06:30:46Z,84112,1980-08-30,2,1997-02-25,3,2,11,4,2012-02-01,2012-02-01,3,4,2016-01-01,18,1,7,4,11,2,8000,4000
730522,2017-10-25T12:03:21Z,84272,1989-06-15,2,2005-08-12,2,0,,1,1989-06-01,1989-06-01,11,14,2016-07-01,7,1,12,5,4,1,14000,5000
729574,2017-10-25T00:59:11Z,69308,1989-03-16,1,2006-05-05,4,1,8,1,1989-03-01,1989-03-01,20,24,2017-02-01,9,1,12,5,,5,7000,2300
730751,2017-10-25T13:13:59Z,45100,1985-01-17,2,2001-05-31,3,1,8,3,2006-09-10,2006-09-10,8,10,2006-07-10,10,1,2,5,4,1,7000,3600
730608,2017-10-25T12:31:42Z,45156,1978-01-04,2,1996-11-29,2,2,12,5,1978-01-10,1978-01-10,18,22,2015-05-10,15,1,11,2,,6,9000,3000
730213,2017-10-25T10:22:20Z,84213,1991-03-08,1,2014-08-20,2,1,3,1,1991-03-01,1991-03-01,10,12,2017-09-01,5,1,12,3,,6,5500,2500
730018,2017-10-25T08:47:40Z,656,1991-09-27,1,2016-10-13,2,1,6,1,1991-09-10,1991-09-10,14,17,2017-02-01,6,1,11,1,,6,7500,40
731527,2017-10-25T18:35:50Z,84451,1994-03-07,1,2010-11-11,1,0,,5,1994-04-01,1994-04-01,14,17,2017-08-01,3,1,8,3,,6,3000,1000
730384,2017-10-25T11:11:56Z,84236,1987-04-17,1,2010-10-21,4,0,,1,1995-12-01,1995-12-01,13,16,2014-05-01,4,1,12,6,,5,9000,3000
730300,2017-10-25T10:54:58Z,84231,1993-07-02,1,2009-08-05,4,0,,1,1993-07-01,1993-07-01,14,17,2017-02-01,8,6,12,2,4,1,5000,1500
730585,2017-10-25T12:21:51Z,84275,1990-06-14,1,2014-04-24,2,2,3,5,2014-05-01,2014-05-01,3,4,2016-11-01,7,1,6,5,,6,6000,2500
731589,2017-10-25T19:08:36Z,72074,1999-03-09,1,2015-04-16,4,0,,1,2016-08-01,2016-08-01,7,9,,1,4,,,,6,1000,800
730613,2017-10-25T12:32:57Z,51765,1988-10-31,2,2004-12-01,4,0,,1,1995-08-01,1995-08-01,8,10,2017-10-01,10,3,12,6,,6,30000,20000
731017,2017-10-25T14:46:32Z,83590,1987-06-05,2,2004-06-08,3,1,1,4,2010-07-01,2010-07-01,18,22,2015-03-01,8,1,6,4,,6,5500,1500
726523,2017-10-24T18:31:01Z,84021,1988-09-25,2,2015-03-11,4,0,,5,1990-05-01,1990-05-01,11,14,2009-04-01,11,1,3,2,11,1,8000,3000
730803,2017-10-25T13:36:07Z,84306,1997-02-12,2,2013-03-18,4,0,,4,2016-05-01,2016-05-01,9,11,,4,4,,,4,2,12000,9000
729682,2017-10-25T05:23:47Z,84100,1999-06-09,2,2015-06-18,4,0,,1,1999-06-01,1999-06-01,5,7,2017-09-01,1,1,7,5,,6,8000,1000
731414,2017-10-25T17:23:16Z,84430,1994-01-15,2,2012-02-15,4,0,,1,2017-06-01,1994-01-01,15,18,2016-08-01,1,1,7,6,4,1,6000,2000
726750,2017-10-24T21:56:16Z,84066,1988-01-27,2,2014-08-22,4,0,,5,2004-07-01,2004-07-01,6,8,2017-06-01,8,1,3,1,,6,11000,9000
726273,2017-10-24T16:13:09Z,83958,1988-10-06,2,2005-04-07,3,1,2,4,1988-10-01,1988-10-01,13,16,2017-08-01,3,3,13,6,10,1,25000,15000
729842,2017-10-25T07:14:30Z,84111,1986-08-19,1,2004-09-06,1,2,10,5,2010-07-01,2004-01-01,3,4,2017-02-01,8,1,12,2,,6,5600,2500
730675,2017-10-25T12:48:48Z,84291,1990-06-26,2,2006-09-01,3,1,2,5,1996-03-01,1996-03-01,9,11,2016-04-01,2,1,7,6,4,1,15000,5000
730157,2017-10-25T09:56:46Z,84198,1993-12-04,2,2009-12-04,2,0,,1,2007-07-01,2007-07-01,12,15,2016-06-01,7,1,13,1,9,2,4500,3000
729599,2017-10-25T02:10:14Z,84089,1997-01-04,2,2013-02-26,4,0,,5,1999-07-01,1999-07-01,3,4,2016-08-01,1,1,12,3,11,2,13000,3500
731594,2017-10-25T19:11:52Z,84083,1989-08-04,2,2016-08-02,4,0,,5,1989-08-01,1989-08-01,8,10,2016-02-01,7,1,2,5,4,1,7000,6000
731381,2017-10-25T17:09:42Z,84202,1994-07-08,1,2011-12-08,4,0,,1,1994-07-01,1994-07-01,9,11,2017-05-01,6,6,12,6,,3,8000,6500
730417,2017-10-25T11:19:19Z,84242,1984-04-17,1,2010-02-15,4,0,,1,1984-04-01,1984-04-01,5,7,2000-02-01,18,1,12,6,,5,4800,2000
731042,2017-10-25T14:57:58Z,43821,1993-07-30,2,2010-10-07,4,0,,1,1995-03-01,1995-03-01,15,18,2012-09-01,5,1,12,6,4,1,5000,10
730468,2017-10-25T11:41:24Z,84261,1988-03-06,1,2016-03-18,3,1,1,1,1988-03-01,1988-03-01,7,9,2013-03-01,10,3,12,6,5,1,10000,3000
730927,2017-10-25T14:23:29Z,74231,1989-10-12,2,2006-02-16,3,1,3,1,2017-03-01,2017-03-01,4,6,2017-07-01,10,1,1,5,1,1,10000,4000
730332,2017-10-25T11:02:12Z,84227,1990-02-07,2,2007-06-13,3,0,,5,1995-01-01,1995-01-01,17,21,2013-10-01,5,1,12,6,,6,12000,7000
730714,2017-10-25T13:01:49Z,84310,1983-03-11,2,2014-10-11,3,1,2,5,2015-10-01,2015-10-01,6,8,2015-11-01,16,1,2,3,4,1,8000,1500
730280,2017-10-25T10:48:26Z,84209,1995-10-24,1,2013-02-08,4,0,,1,2013-08-01,1995-10-01,14,10,,6,4,,,7,2,6000,3500
730387,2017-10-25T11:12:12Z,83246,1983-05-09,2,2000-09-03,3,1,5,5,2000-09-01,2000-09-01,11,14,,5,5,,,,5,6000,5000
731304,2017-10-25T16:49:21Z,84416,1994-05-15,2,2010-07-30,4,0,,1,1994-05-01,1994-05-01,8,10,2015-08-01,6,6,11,1,,6,8000,3000
730453,2017-10-25T11:32:53Z,84246,1987-11-27,1,2013-10-04,5,1,10,3,1988-01-01,1988-01-01,6,8,2009-01-01,10,1,11,2,4,2,7900,2000
731569,2017-10-25T18:57:29Z,51577,1994-02-23,1,2015-09-15,3,1,2,1,2015-12-01,1994-02-01,4,6,2014-07-01,4,1,8,6,7,2,6000,10
730643,2017-10-25T12:39:26Z,55529,1996-09-13,1,2013-04-19,4,0,,1,2017-02-01,2014-09-01,15,18,2017-05-01,0,1,5,1,4,1,2000,10
730913,2017-10-25T14:20:42Z,50616,1997-01-20,1,2016-06-22,3,1,1,1,1997-01-01,1997-01-01,8,10,2014-05-01,3,1,10,2,,6,10800,5000
726198,2017-10-24T15:37:37Z,83836,1973-04-15,2,1998-04-16,3,1,21,5,1999-11-01,1999-11-01,9,11,1992-12-01,25,1,1,5,,6,9000,4000
730083,2017-10-25T09:21:33Z,84177,1994-06-02,2,2010-07-07,4,0,,5,2007-08-01,2007-08-01,8,10,,6,4,,,4,1,5200,2000
729601,2017-10-25T02:11:06Z,31517,1994-09-23,1,2010-12-08,4,0,,1,2005-08-10,2005-08-10,3,4,2015-07-10,2,1,6,1,4,1,3200,1500
730037,2017-10-25T08:58:54Z,84161,1992-09-21,1,2016-10-21,3,1,1,5,2016-03-01,2016-03-01,14,17,2016-05-01,4,1,2,3,9,1,6000,4000
730627,2017-10-25T12:37:03Z,52654,1978-07-14,2,2014-12-26,3,2,0,1,2010-01-10,2010-01-10,23,27,2007-01-10,10,1,12,6,4,1,3800,3800
730791,2017-10-25T13:30:20Z,56676,1989-04-23,2,2006-05-23,3,1,0,5,1991-01-10,1991-01-10,17,21,2015-03-10,5,1,5,6,9,1,11000,7000
731307,2017-10-25T16:53:12Z,22433,1993-02-18,2,2009-05-08,3,1,11,1,2017-01-10,2017-01-10,13,16,2016-10-10,6,1,2,3,4,1,13000,4800
725507,2017-10-24T11:16:35Z,83826,1993-11-26,2,2010-08-27,4,2,5,1,2010-10-01,2010-10-01,5,7,2016-05-01,4,1,12,6,,6,3900,1600
725373,2017-10-24T10:22:15Z,83737,1985-07-25,1,2006-10-26,1,0,,1,2009-05-01,2009-05-01,19,23,2013-03-01,7,1,12,6,,6,4200,2000
726030,2017-10-24T14:27:49Z,83905,1986-03-17,2,2002-11-19,4,0,,6,1990-11-01,1990-11-01,9,11,2017-05-01,15,1,6,2,,6,5500,2500
725024,2017-10-24T07:45:41Z,82270,1991-03-13,2,2007-09-12,4,0,,1,2000-02-01,2000-02-01,9,11,2015-02-01,3,1,3,4,4,1,9000,3000
726070,2017-10-24T14:35:34Z,83900,1996-09-18,2,2012-11-15,4,0,,1,2003-04-01,2003-04-01,12,15,2017-08-01,3,1,12,1,10,2,6500,2000
726653,2017-10-24T20:04:51Z,84046,1991-10-12,1,2016-07-15,3,1,1,5,1991-10-01,1991-10-01,8,10,2014-05-01,7,6,11,2,4,2,10000,5000
725252,2017-10-24T09:36:58Z,83763,1992-12-01,2,2009-02-18,1,2,3,1,2015-11-01,1992-12-01,6,8,2017-08-01,4,1,6,1,,6,5000,3000
726525,2017-10-24T18:32:59Z,84010,1986-05-25,2,2002-07-02,3,1,7,3,2010-02-01,2010-02-01,2,3,2014-08-01,8,1,12,4,10,1,8300,4500
725951,2017-10-24T13:57:27Z,26774,1990-06-04,2,2006-10-20,3,0,,5,2014-11-01,2014-11-01,11,14,2011-09-01,6,1,3,4,9,1,15000,10
725991,2017-10-24T14:09:35Z,83898,1982-01-27,2,1998-12-09,4,0,,1,1982-01-01,1982-01-01,14,17,2002-03-01,17,1,2,2,,5,5800,2000
721916,2017-10-23T21:53:37Z,83640,1984-11-18,1,2005-09-15,3,2,8,5,2006-08-01,2006-08-01,1,2,2006-10-01,11,1,2,6,4,1,6000,2000
724972,2017-10-24T07:22:55Z,19106,1991-03-28,1,2007-05-16,4,0,,1,2007-10-10,2007-10-10,18,22,2016-09-01,3,1,4,6,2,1,6000,4000
725613,2017-10-24T12:05:03Z,83841,1991-11-20,2,2008-02-18,4,0,,5,1991-11-01,1991-11-01,12,15,2017-09-01,6,1,12,6,,6,30000,18000
726125,2017-10-24T15:00:37Z,83925,1998-11-01,2,2015-03-12,4,0,,1,2017-05-01,2017-05-01,8,10,,0,4,,,,6,1000,1000
725746,2017-10-24T12:57:17Z,83860,1995-09-18,2,2011-12-26,4,0,,4,2017-08-01,2012-08-01,16,20,,3,4,,,7,2,3000,1000
725041,2017-10-24T08:00:53Z,61951,1989-06-02,2,2007-07-07,4,0,0,1,1989-06-10,1989-06-10,6,8,2012-09-10,7,1,7,3,11,1,7000,2000
726388,2017-10-24T17:02:57Z,19423,1971-04-11,2,2003-04-03,4,0,,5,2004-05-01,1997-11-01,21,25,2016-12-01,24,1,11,1,3,1,4500,10
726391,2017-10-24T17:05:40Z,83978,1981-04-03,1,2014-05-22,4,0,,3,2000-03-01,2000-03-01,13,16,1998-01-01,19,1,12,6,,5,14000,5000
725500,2017-10-24T11:14:13Z,83823,1986-07-08,2,2002-07-25,4,0,,5,1993-03-01,1993-03-01,8,10,2014-06-01,3,1,6,2,4,1,10000,6500
725733,2017-10-24T12:55:30Z,83861,1990-11-24,2,2007-01-04,3,1,2,1,1990-11-01,1990-11-01,18,22,2015-05-01,5,1,6,1,11,1,9000,5000
725898,2017-10-24T13:44:35Z,67877,1976-02-22,2,2001-05-15,3,0,,1,2011-04-01,2011-04-01,3,4,2016-02-01,1,1,1,5,,6,8300,10
725616,2017-10-24T12:06:08Z,71944,1993-09-19,2,2010-04-30,4,0,,1,1993-09-01,1993-09-01,19,23,2015-06-01,3,1,11,6,,6,7500,5000
726204,2017-10-24T15:42:29Z,83849,1984-11-20,2,2001-05-03,2,1,7,5,2008-01-01,2008-01-01,3,4,2016-03-01,15,3,3,6,,6,10000,5000
719988,2017-10-23T07:55:08Z,19753,1992-04-20,1,2016-04-01,3,1,1,5,1992-04-10,1992-04-10,23,27,2016-07-10,3,3,4,6,,6,6000,500
726287,2017-10-24T16:17:32Z,83949,1986-11-23,1,2003-05-17,1,1,3,5,2006-01-01,2006-01-01,20,24,2012-04-01,10,3,6,6,,6,8000,2000
726094,2017-10-24T14:40:33Z,83893,1992-11-01,2,2014-10-05,4,0,,3,2002-07-01,2002-07-01,12,15,2016-11-01,8,1,2,3,,6,7000,4000
724931,2017-10-24T06:47:37Z,83621,1985-10-05,1,2015-12-23,3,2,7,1,2017-08-01,2017-08-01,23,27,,10,5,,,,3,7100,7100
725777,2017-10-24T13:04:37Z,83521,1984-12-06,1,2007-01-31,2,1,10,1,2006-01-01,2006-01-01,6,8,2016-03-01,7,1,12,3,,6,4000,3000
725465,2017-10-24T11:06:42Z,83820,1990-11-14,1,2007-02-22,4,0,,5,2014-09-01,2014-09-01,16,20,2014-03-01,5,1,12,3,4,1,4500,1800
726696,2017-10-24T20:48:44Z,64696,1997-10-31,2,2013-12-19,4,0,,5,2013-03-10,2013-03-10,3,4,2017-06-01,1,1,2,2,,6,5000,1800
724801,2017-10-24T05:27:37Z,83693,1992-06-21,2,2008-08-23,3,1,1,1,2017-08-01,2016-12-01,6,8,2015-08-01,3,1,1,5,6,1,14000,5000
726156,2017-10-24T15:17:42Z,83910,1989-09-02,2,2006-12-01,3,2,5,4,1996-11-01,1996-11-01,17,21,2015-11-01,5,1,12,3,11,1,10000,4000
726107,2017-10-24T14:48:49Z,28573,1993-01-25,2,2009-03-17,3,0,,5,2009-03-01,2009-03-01,5,7,2016-02-01,5,1,7,6,9,7,7000,3000
725704,2017-10-24T12:44:37Z,83855,1986-12-12,2,2004-02-10,3,1,2,1,2017-02-01,2017-02-01,1,2,2014-01-01,3,1,2,1,9,7,4000,3500
725045,2017-10-24T08:04:37Z,83740,1969-01-05,2,2001-02-12,3,1,21,4,2003-10-01,2003-10-01,3,4,2015-07-01,24,1,6,1,10,1,11500,5000
725958,2017-10-24T13:58:48Z,83891,1982-04-24,2,1999-06-02,4,0,,4,2009-03-01,2009-03-01,8,10,2014-03-01,10,1,12,3,4,7,7500,4500
720860,2017-10-23T13:27:41Z,83446,1986-04-10,2,2015-12-19,4,0,,1,2011-03-01,2011-03-01,8,10,2011-02-01,10,1,12,6,,5,10000,30000
726597,2017-10-24T19:13:44Z,69745,1988-06-24,2,2012-05-16,4,0,,1,1990-11-01,1990-11-01,6,8,2012-09-01,6,6,11,2,,6,4000,2800
725308,2017-10-24T09:54:45Z,83784,1988-04-17,2,2004-01-06,4,0,,6,1995-10-01,1995-10-01,1,2,2016-02-01,9,6,12,3,9,1,7000,6000
725328,2017-10-24T10:01:55Z,83791,1979-12-06,2,1996-01-10,2,0,,5,1986-10-01,1986-10-01,9,11,2015-10-01,15,1,12,5,11,1,6500,6500
724902,2017-10-24T06:30:17Z,83709,1979-08-01,1,1996-02-03,4,0,,1,2016-12-01,1984-01-01,8,6,2017-03-01,10,3,5,6,4,1,11000,3000
724945,2017-10-24T07:04:57Z,82079,1973-10-30,2,1997-10-01,3,2,15,5,2014-11-01,2013-07-01,9,11,,17,5,,,10,1,12000,5500
725690,2017-10-24T12:35:39Z,83847,1996-07-28,1,2012-08-28,4,0,,1,2014-09-01,2014-09-01,13,16,2015-09-01,2,1,11,1,9,1,12000,6000
724883,2017-10-24T06:20:17Z,83702,1994-06-28,2,2014-08-02,3,1,1,1,2002-09-01,2002-09-01,16,20,2015-01-01,5,3,3,6,,6,8000,1000
719647,2017-10-23T01:35:00Z,59755,1988-03-09,2,2004-03-24,3,1,2,5,2013-08-01,2013-08-01,3,4,2011-02-01,11,1,6,5,,6,12500,1500
724821,2017-10-24T05:45:41Z,83698,1993-11-12,1,2013-06-29,3,1,4,1,2013-05-01,2013-05-01,14,17,,2,4,,,8,1,4000,2000
725191,2017-10-24T09:01:48Z,83759,1983-03-23,2,1999-10-12,3,3,20,5,1983-03-01,1983-03-01,6,8,2014-09-01,11,3,11,6,11,1,15000,5000
726182,2017-10-24T15:26:33Z,83936,1984-11-21,2,2001-07-02,3,1,4,1,2007-07-01,2007-07-01,7,9,2012-09-01,6,1,6,5,11,1,8900,2000
724739,2017-10-24T03:52:21Z,83676,1977-03-31,2,2003-07-22,4,0,,5,2010-04-01,2010-04-01,3,4,2016-01-01,21,1,13,1,4,2,6500,6500
725450,2017-10-24T10:58:23Z,83814,1987-01-26,1,2003-03-26,2,1,11,1,1987-01-01,1987-01-01,3,4,2009-03-01,8,1,8,5,7,2,5500,2000
724664,2017-10-24T00:41:35Z,82094,1993-09-17,2,2009-12-09,4,0,,1,1993-09-01,1993-09-01,4,6,2017-09-01,2,1,1,5,,5,7600,2000
724781,2017-10-24T05:11:39Z,83691,1995-08-12,2,2012-05-10,4,0,,1,1995-08-01,1995-08-01,16,20,2017-05-01,2,1,3,3,,6,5000,3000
726412,2017-10-24T17:16:26Z,15458,1992-10-20,1,2015-09-03,4,0,,5,2000-01-10,2005-01-10,11,14,2012-01-10,6,3,10,4,9,1,12000,4500
712577,2017-10-21T21:00:21Z,62909,1983-04-27,2,2016-12-18,2,1,0,1,2008-05-10,1983-04-10,13,16,2015-10-10,14,1,12,3,,6,3500,4000
726005,2017-10-24T14:17:22Z,83903,1998-05-05,1,2016-08-11,4,1,3,4,2014-05-01,2014-05-01,3,4,2016-01-01,4,6,6,5,,6,7000,4000
726068,2017-10-24T14:34:59Z,83913,1989-02-01,2,2015-06-15,4,0,,1,2013-03-01,2013-03-01,11,14,2013-11-01,8,1,7,3,,5,6000,2000
725590,2017-10-24T12:01:14Z,62852,1989-09-07,1,2010-01-14,3,2,7,4,2017-01-10,2017-01-10,22,26,2010-10-10,7,3,12,6,,6,6000,3000
725578,2017-10-24T11:54:01Z,30883,1992-06-03,1,2014-07-29,3,1,2,5,2009-03-10,2009-03-10,13,16,2012-09-10,9,3,12,2,,5,6000,2600
725216,2017-10-24T09:19:26Z,7311,1964-03-31,2,1999-09-10,4,0,,5,2012-07-10,1999-08-10,18,22,2017-02-01,20,1,12,3,,5,5500,3000
725346,2017-10-24T10:12:35Z,49055,1995-03-07,1,2014-08-12,3,1,2,1,2015-02-10,2000-06-10,10,12,2016-02-10,3,6,12,6,10,2,4000,2500
721490,2017-10-23T17:15:33Z,83563,1991-11-30,2,2011-10-18,4,0,,5,1991-12-01,1991-12-01,8,10,2014-10-01,7,1,11,6,,6,12000,8000
725011,2017-10-24T07:39:47Z,76787,1957-01-14,2,2000-05-04,3,1,32,5,1997-02-01,1997-02-01,19,23,2015-03-01,35,1,3,2,,5,6000,2000
721961,2017-10-23T23:28:08Z,83649,1995-06-16,2,2011-11-16,4,0,,5,1998-09-01,1998-09-01,3,4,2017-08-01,2,1,11,5,11,1,8300,2000
725291,2017-10-24T09:49:08Z,83772,1998-02-08,2,2014-04-12,4,0,,3,2014-04-01,2014-04-01,18,22,2016-04-01,1,1,12,2,,6,7000,300
725244,2017-10-24T09:31:31Z,83755,1988-10-26,1,2014-03-12,3,3,11,4,2016-03-01,2005-01-01,3,15,2011-03-01,13,6,12,3,,5,7500,3500
724755,2017-10-24T04:32:38Z,83683,1987-10-19,2,2003-12-19,3,1,2,5,2006-08-01,2006-08-01,6,8,2008-11-01,13,1,13,5,,6,7000,2500
726031,2017-10-24T14:27:54Z,17655,1988-10-14,1,2006-07-18,4,0,,1,1988-10-01,1988-10-01,21,25,2010-10-01,6,3,4,6,10,1,10000,5000
720044,2017-10-23T08:25:58Z,8076,1994-11-26,2,2011-02-22,4,0,0,1,2015-09-10,2010-06-10,18,22,2017-06-10,0,1,12,1,2,1,2000,4000
721586,2017-10-23T18:04:29Z,83582,1994-03-03,2,2014-09-10,4,0,,1,2000-03-01,2000-03-01,6,8,2017-09-01,1,6,11,6,9,1,6000,5000
720890,2017-10-23T13:41:51Z,75298,1991-06-14,2,2016-04-20,4,0,,1,2002-08-01,2002-08-01,3,4,2016-07-01,8,1,1,1,,5,7100,4300
720300,2017-10-23T09:45:12Z,72695,1994-01-13,2,2015-05-12,4,0,,5,1997-09-01,1997-09-01,11,14,2016-10-01,6,6,6,3,,6,6500,5000
720039,2017-10-23T08:23:34Z,76029,1993-02-14,1,2009-05-12,4,0,,1,2017-09-01,1993-02-01,18,22,2017-06-01,5,1,5,2,8,1,5700,2000
721700,2017-10-23T19:05:39Z,82917,1996-03-29,2,1996-05-16,4,0,,1,2017-09-01,2011-05-01,8,13,,1,5,,,,6,8500,1200
720813,2017-10-23T12:57:01Z,83310,1989-11-18,1,2006-05-19,4,1,8,5,1989-11-01,1989-11-01,3,4,2004-03-01,6,1,12,6,,6,7500,4500
720202,2017-10-23T09:14:08Z,83315,1981-10-09,1,1999-06-23,4,0,,1,2009-06-01,2009-06-01,9,11,2014-11-01,3,1,12,6,,6,5500,3500
720987,2017-10-23T14:19:19Z,83472,1994-08-22,2,2010-11-12,4,0,,1,2000-03-01,2000-03-01,21,25,,5,4,,,,6,2000,2000
720383,2017-10-23T10:22:08Z,83350,1980-12-17,2,2003-05-12,3,1,14,5,1990-12-01,1990-12-01,11,14,2003-01-01,14,3,3,6,,5,8000,4000
719959,2017-10-23T07:39:47Z,76888,1988-03-04,2,2004-06-01,4,0,,1,2004-06-01,2004-06-01,11,14,2014-10-01,10,1,4,1,10,1,6500,3000
721642,2017-10-23T18:28:46Z,83587,1992-12-03,2,2009-02-24,3,0,,4,2009-09-01,2009-09-01,12,15,2015-01-01,5,3,12,3,6,2,15000,10000
720767,2017-10-23T12:37:09Z,83417,1987-05-20,1,2014-10-14,3,1,2,1,2017-03-01,2003-04-01,15,4,2009-05-01,10,1,11,3,4,2,6500,2500
720496,2017-10-23T11:12:34Z,50017,1990-02-28,1,2006-03-22,4,0,,1,1992-02-10,1992-02-10,3,4,2016-12-10,1,1,6,5,4,1,4300,2700
721098,2017-10-23T15:01:36Z,83461,1989-02-13,2,2005-02-13,4,0,,5,1989-02-01,1989-02-01,18,22,2012-01-01,5,1,6,2,11,2,6500,3000
721640,2017-10-23T18:27:28Z,83592,1996-10-02,2,2016-04-22,3,1,1,5,1996-10-01,1996-10-01,13,16,2015-08-01,2,1,11,2,4,2,8000,5000
720358,2017-10-23T10:15:01Z,82435,1975-03-12,2,1996-05-12,2,2,21,5,1999-09-01,1999-09-01,4,6,1996-06-01,20,1,2,1,11,1,18000,10000
720027,2017-10-23T08:18:33Z,83287,1981-03-27,1,2004-10-01,3,2,11,4,2014-08-01,2014-08-01,21,25,2016-02-01,14,1,12,6,6,1,6400,1500
719660,2017-10-23T02:15:43Z,73629,1984-11-05,1,2016-06-16,3,2,16,5,1984-11-01,1984-11-01,3,4,2017-03-01,12,1,4,1,,5,9000,4000
721249,2017-10-23T15:48:06Z,83487,1966-11-20,1,2000-06-27,4,1,26,5,2009-09-01,2009-09-01,20,24,2015-04-01,31,1,6,5,11,1,6500,1500
721805,2017-10-23T20:20:03Z,83623,1964-02-22,2,1998-05-05,3,2,28,5,2007-10-01,2007-10-01,18,22,2016-08-01,30,1,6,5,11,1,25000,20000
721274,2017-10-23T16:02:14Z,83526,1991-04-18,2,2007-04-24,1,0,,5,2000-09-01,2000-09-01,8,10,2017-09-01,3,1,10,4,10,1,6000,2500
721657,2017-10-23T18:36:01Z,83595,1983-12-15,2,2000-06-23,3,1,7,1,2008-11-01,2008-11-01,15,18,2015-07-01,10,1,1,5,9,1,12500,7000
716647,2017-10-22T17:09:12Z,83151,1993-09-28,1,2016-09-16,3,2,7,1,1995-11-01,1995-11-01,11,14,2013-11-01,8,1,12,1,10,1,8500,2500
711663,2017-10-21T11:59:44Z,74153,1968-09-24,2,1996-04-13,3,3,28,3,1995-11-01,1995-11-01,9,11,,28,2,,,1,7,20,7
716344,2017-10-22T13:49:06Z,83081,1991-08-19,2,2007-11-08,4,0,,1,2013-07-01,2013-07-01,13,16,2013-09-01,5,1,13,3,10,1,12000,10000
720757,2017-10-23T12:35:24Z,83419,1986-09-20,2,2014-08-13,4,0,,5,2013-10-01,2013-10-01,18,22,2016-04-01,8,1,2,4,,6,6000,2500
720627,2017-10-23T11:57:25Z,83400,1994-04-06,2,2010-08-11,4,0,,1,2016-04-01,2016-04-01,13,16,2017-05-01,4,1,11,4,,5,3500,1500
720923,2017-10-23T13:54:52Z,83464,1979-12-14,1,2007-07-12,3,0,,5,2007-07-01,1998-11-01,16,5,2016-08-01,5,3,4,6,10,1,30000,25000
720585,2017-10-23T11:42:38Z,64595,1990-09-01,2,2006-10-31,3,0,,1,1990-10-10,1990-10-10,8,10,2015-02-10,7,1,13,5,6,2,1550,2000
720416,2017-10-23T10:39:11Z,83357,1993-10-15,2,2010-06-19,3,0,,1,2015-09-01,2010-05-01,17,21,2017-10-01,5,1,12,2,4,1,7000,3000
716579,2017-10-22T16:06:03Z,20413,1987-09-05,1,2016-08-12,3,1,12,1,1987-09-10,1987-09-10,10,12,2014-11-10,10,1,12,5,4,1,5000,2000
720659,2017-10-23T12:02:30Z,83393,1991-09-19,2,2014-08-21,4,2,8,3,1991-09-01,1991-09-01,18,22,2014-08-01,8,3,13,6,6,1,8000,5000
721258,2017-10-23T15:52:14Z,83509,1991-05-11,2,2008-01-16,4,0,,5,2009-01-01,2009-01-01,14,17,2013-09-01,6,1,6,4,,5,4000,2500
721338,2017-10-23T16:19:58Z,83537,1987-12-24,1,2008-08-29,3,2,6,5,2005-10-01,2005-10-01,3,4,2007-10-01,10,1,12,6,6,1,8000,4000
720892,2017-10-23T13:42:13Z,57300,1967-01-28,2,2013-12-27,4,0,,1,2008-10-10,2008-10-10,8,10,1990-09-10,32,1,8,6,7,7,7000,4000
720250,2017-10-23T09:26:15Z,83324,1984-07-02,1,2008-01-24,3,1,8,5,2007-07-01,2007-07-01,9,11,2013-10-01,12,3,12,6,11,1,15000,10000
715305,2017-10-22T00:29:46Z,38149,1994-07-27,2,2010-09-16,4,0,,2,2016-01-10,2016-01-10,8,10,2014-06-10,3,6,3,3,,6,2000,5000
720474,2017-10-23T11:08:19Z,81644,1994-08-13,2,2010-09-02,4,0,,5,1994-08-01,1994-08-01,1,2,,0,4,,,1,1,4000,2000
716575,2017-10-22T16:00:49Z,83129,1993-12-13,2,2014-02-28,4,0,,5,2014-02-01,2014-02-01,4,6,2017-03-01,5,1,12,4,4,2,5500,2500
720260,2017-10-23T09:30:23Z,82986,1977-01-23,2,2008-03-20,3,1,22,1,1990-01-01,1990-01-01,8,10,2011-02-01,22,1,12,2,,6,7000,3000
721859,2017-10-23T20:56:29Z,83632,1997-05-06,2,2013-05-31,4,0,,1,2001-08-01,2001-08-01,20,24,,2,4,,,9,2,5000,4000
720527,2017-10-23T11:19:38Z,75939,1991-06-03,2,2009-02-19,4,0,,5,1991-11-01,1991-11-01,3,4,2012-01-01,7,1,12,3,,5,4500,2000
720171,2017-10-23T09:08:06Z,82521,1991-02-27,1,2011-12-23,2,3,9,1,1995-11-01,1995-11-01,18,22,2017-01-01,5,1,12,5,,6,7500,5000
716881,2017-10-22T21:51:43Z,83213,1985-09-14,2,2001-11-28,3,1,7,5,2014-04-01,2014-04-01,19,23,2015-04-01,13,1,3,3,4,1,5500,3400
721361,2017-10-23T16:23:48Z,83536,1975-04-20,2,2011-08-20,3,0,,1,1992-06-01,1992-06-01,8,10,2017-08-01,1,1,6,1,,6,4000,2000
719991,2017-10-23T07:58:25Z,83280,1992-03-26,2,2008-11-06,4,0,,1,1992-04-01,1992-04-01,23,27,2012-09-01,5,1,6,5,,6,5000,2000
721724,2017-10-23T19:17:54Z,83604,1997-09-05,2,2014-02-13,4,0,,2,2006-08-01,2006-08-01,9,11,2016-09-01,1,1,7,2,11,2,15000,6000
716140,2017-10-22T12:05:14Z,83041,1993-04-15,2,2009-08-27,4,0,,2,1996-09-01,1996-09-01,1,2,2013-04-01,4,1,2,1,4,2,5000,5000
711997,2017-10-21T14:39:13Z,82756,1994-05-10,1,2012-07-17,3,1,5,1,1994-05-01,1994-05-01,18,22,2017-10-01,3,6,3,4,4,1,7000,2000
720121,2017-10-23T08:59:46Z,83299,1994-03-29,1,2011-06-23,3,2,6,1,2011-06-01,2011-06-01,12,15,2017-09-01,3,1,5,1,,6,7000,500
721200,2017-10-23T15:40:32Z,83510,1993-01-10,1,2015-02-17,3,1,3,5,2015-03-01,2015-03-01,6,8,2014-04-01,5,1,8,6,7,1,4000,3000
719983,2017-10-23T07:53:46Z,83283,1977-02-07,2,2005-06-17,1,2,14,3,2007-01-01,2005-01-01,3,4,2017-02-01,20,1,11,2,4,7,20000,8000
720166,2017-10-23T09:07:46Z,83313,1991-04-08,1,2015-02-20,3,2,5,1,2004-05-01,2004-05-01,9,11,2015-04-01,4,1,12,3,11,2,6000,3000
721112,2017-10-23T15:10:30Z,83496,1998-07-13,1,1998-07-28,4,0,,1,2017-03-01,2005-11-01,13,24,2016-11-01,2,6,4,1,9,1,5000,4000
720480,2017-10-23T11:09:13Z,81689,1990-10-14,1,2011-06-14,2,1,6,1,2007-05-01,2007-05-01,10,12,2009-05-01,8,1,13,1,,6,6500,3000
719725,2017-10-23T04:28:49Z,83245,1991-06-18,1,2013-09-04,3,2,3,1,2014-08-01,2014-08-01,18,22,2014-06-01,13,1,12,6,,5,5500,1000
720716,2017-10-23T12:24:16Z,49300,1999-02-14,1,2015-07-14,4,0,,5,2004-03-10,2004-03-10,19,23,2017-02-01,1,6,10,2,9,2,7000,4000
719658,2017-10-23T02:13:59Z,52340,1992-08-10,2,2008-09-26,4,0,,1,1992-08-10,1992-08-10,3,4,2017-01-10,5,1,2,2,2,2,10000,3000
720398,2017-10-23T10:29:44Z,83356,1974-06-04,2,1998-02-02,2,0,,4,2010-03-01,2010-03-01,12,15,2015-02-01,25,1,13,5,11,1,8500,3500
720271,2017-10-23T09:36:31Z,83292,1998-12-07,1,2017-05-13,4,1,6,1,1998-12-01,1998-12-01,10,12,,3,4,,,,3,3200,1600
720642,2017-10-23T11:59:14Z,83396,1972-03-12,1,1997-12-05,2,2,27,5,2007-12-01,2007-12-01,11,14,2009-08-01,27,1,13,5,4,1,10000,8000
720015,2017-10-23T08:11:05Z,83264,1985-04-23,2,2003-01-17,4,0,,5,1993-06-01,1993-06-01,12,15,2016-04-01,2,1,12,3,,6,5000,4000
720155,2017-10-23T09:06:34Z,57579,1993-02-01,2,2009-03-24,4,0,,1,1993-02-10,1993-02-10,10,12,2012-10-10,5,1,6,1,,6,10500,4500
716332,2017-10-22T13:44:18Z,83082,1993-06-28,2,2009-09-17,4,0,,1,2006-05-01,2006-05-01,15,18,2013-04-01,4,1,2,5,,6,7500,5000
716593,2017-10-22T16:22:20Z,26460,1998-11-11,1,2015-01-28,1,1,1,1,2008-09-10,2008-09-10,8,10,,1,4,,,,5,2000,1500
716277,2017-10-22T13:16:14Z,66311,1995-08-18,2,2011-09-11,4,0,,1,2016-04-10,2015-09-10,4,10,2017-08-10,0,6,6,6,11,2,7000,2000
715973,2017-10-22T10:37:16Z,82921,1994-02-28,1,2015-02-18,3,3,4,5,2010-10-01,2010-10-01,3,4,,6,5,,,,5,7200,3600
712662,2017-10-21T23:01:00Z,82873,1990-03-18,2,2006-04-06,3,1,2,5,2009-07-01,2009-07-01,23,27,2016-03-01,8,1,3,4,,3,7500,2000
715862,2017-10-22T09:42:33Z,82237,1997-11-17,2,2013-11-17,4,0,,6,2007-05-01,2007-05-01,3,4,2017-03-01,1,1,13,3,,3,6500,3000
715326,2017-10-22T01:14:18Z,82885,1978-11-15,1,2001-10-12,4,0,,1,2016-01-01,1982-11-01,18,4,2017-05-01,10,6,7,6,3,1,6000,2000
716777,2017-10-22T18:55:15Z,83177,1994-07-18,2,2010-10-30,4,0,,5,2000-02-01,2000-02-01,19,23,2016-03-01,3,1,2,3,9,1,10000,5000
712612,2017-10-21T21:38:31Z,82866,1983-03-27,1,2004-12-14,1,2,12,1,1983-03-01,1983-03-01,8,10,,10,5,,,6,1,4000,3500
716143,2017-10-22T12:06:05Z,83043,1990-12-11,1,2016-01-12,3,1,5,4,2012-01-01,2012-01-01,3,4,2013-04-01,4,1,4,3,6,1,10000,8000
715531,2017-10-22T07:02:36Z,79722,1972-07-07,1,2012-07-04,3,1,7,1,2012-02-01,2012-02-01,4,6,1993-06-01,26,1,8,1,,6,9000,1300
716849,2017-10-22T20:45:42Z,83202,1993-07-30,2,2009-12-17,3,1,1,1,1996-12-01,1996-12-01,1,2,2015-09-01,2,1,10,2,10,1,6000,2000
715950,2017-10-22T10:25:46Z,48874,1988-05-17,2,2013-09-26,4,0,,4,2016-05-10,2004-05-10,13,16,2017-05-10,8,1,11,5,6,1,8000,7000
716831,2017-10-22T20:07:31Z,83033,1983-05-03,2,1999-12-27,4,0,,1,2017-05-01,2017-05-01,8,10,2017-06-01,0,1,12,5,,5,7000,7000
716117,2017-10-22T11:47:33Z,82864,1990-08-26,2,2006-10-14,3,2,6,5,1990-08-01,1990-08-01,18,22,2011-09-01,6,1,6,5,,6,8000,4000
715556,2017-10-22T07:25:50Z,82933,1979-07-01,2,2014-11-20,3,2,10,1,2015-11-01,2015-11-01,3,4,2014-05-01,13,3,3,1,,6,5600,4000
715478,2017-10-22T06:31:14Z,61218,1976-03-22,2,2002-11-08,4,0,,1,1976-04-10,1976-04-10,3,4,2014-12-10,15,1,12,6,,5,3200,1200
715968,2017-10-22T10:36:33Z,83021,1989-03-14,2,2012-04-17,4,0,,1,2012-04-01,2012-04-01,13,16,2011-06-01,6,1,7,6,11,1,15000,12000
715416,2017-10-22T04:58:51Z,82899,1989-08-02,2,2009-12-07,4,0,,4,1991-04-01,1991-04-01,3,4,2016-05-01,10,1,7,1,2,2,10000,3000
715616,2017-10-22T07:48:47Z,82884,1995-08-01,2,2011-12-01,4,0,,1,2016-04-01,1996-06-01,9,17,,4,5,,,,6,4000,4000
715666,2017-10-22T08:25:04Z,82961,1996-07-10,2,2012-09-07,4,0,,1,2017-08-01,2013-09-01,18,13,2017-08-01,0,1,12,5,11,1,8500,3700
715848,2017-10-22T09:38:24Z,58136,1989-06-01,1,2017-07-31,3,0,,1,2015-10-01,1993-10-01,8,10,2013-08-01,11,1,2,1,4,1,8000,2000
716799,2017-10-22T19:12:59Z,79855,1991-08-26,1,2016-02-10,2,1,4,1,2016-01-01,1991-08-01,11,14,2010-08-01,7,3,4,6,,6,6000,3000
716322,2017-10-22T13:40:23Z,82683,1988-05-16,1,2004-06-16,4,2,4,5,1988-05-01,1988-05-01,10,12,,7,5,,,6,1,2000,2000
715668,2017-10-22T08:25:25Z,82953,1982-05-13,1,2006-11-24,2,2,6,1,2000-08-01,1982-05-01,8,11,2015-08-01,12,1,10,4,9,7,7000,3000
716212,2017-10-22T12:43:08Z,83061,1970-03-04,1,1998-01-15,4,1,12,5,1994-01-01,1994-01-01,6,8,2015-10-01,25,1,5,5,4,7,15000,7000
715866,2017-10-22T09:45:01Z,83000,1988-06-05,2,2005-05-31,3,1,1,1,2002-01-01,2002-01-01,21,25,2012-06-01,6,1,2,3,9,1,15000,10000
716583,2017-10-22T16:16:08Z,83134,1996-01-20,1,2012-06-13,4,0,,1,2004-11-01,2004-11-01,12,15,2016-08-01,1,1,8,1,,6,4000,2500
715406,2017-10-22T04:28:24Z,62886,1984-01-30,1,2016-01-05,4,2,3,2,1994-04-10,1994-04-10,7,9,2017-02-01,12,3,12,6,,6,9000,2000
716696,2017-10-22T17:43:27Z,83164,1993-05-12,2,2013-04-23,3,0,,1,2015-11-01,2004-09-01,9,11,2014-06-01,3,3,3,6,9,2,6000,2500
711200,2017-10-21T08:28:51Z,35592,1980-05-25,1,2006-07-31,3,2,0,5,1998-07-10,1998-07-10,3,4,2007-12-10,19,1,6,1,,6,10000,3000
715650,2017-10-22T08:17:11Z,42053,1989-09-18,2,2006-01-05,4,0,,1,2003-03-10,2003-03-10,11,14,2014-09-10,6,1,13,4,10,1,6000,1000
716193,2017-10-22T12:37:38Z,83054,1986-08-30,1,2011-07-27,1,0,,4,2016-11-01,2016-11-01,13,16,2016-02-01,10,3,3,6,4,1,17000,10000
716808,2017-10-22T19:23:31Z,83178,1994-08-23,1,2016-11-29,4,0,,5,2017-01-01,2017-01-01,13,16,2015-02-01,5,1,9,3,4,1,16000,14000
712647,2017-10-21T22:21:17Z,82871,1983-09-23,1,2004-03-18,3,2,12,5,2014-01-01,2014-01-01,13,16,2010-01-01,10,3,11,6,9,1,20000,6000
716699,2017-10-22T17:43:58Z,83159,1991-02-16,2,2007-02-16,1,0,,5,2015-03-01,2007-02-01,2,3,2015-02-01,5,1,3,3,,5,6000,4000
715383,2017-10-22T03:36:20Z,82895,1988-08-16,2,2014-03-26,3,2,7,5,2000-02-01,2000-02-01,14,17,2015-08-01,2,1,12,5,,6,15000,13000
716740,2017-10-22T18:13:02Z,83168,1982-06-28,2,2000-11-28,3,1,2,3,1983-06-01,1983-06-01,18,22,2015-11-01,8,1,2,5,2,7,7500,3000
716187,2017-10-22T12:35:45Z,83057,1993-06-27,1,2009-09-20,4,0,,1,1993-06-01,1993-06-01,11,14,2015-10-01,2,1,7,5,,6,8000,3000
716203,2017-10-22T12:40:09Z,51550,1993-02-25,2,2010-02-02,4,0,,1,1993-02-01,1993-02-01,11,14,2017-02-01,1,1,7,1,11,1,13000,7000
716330,2017-10-22T13:42:52Z,83058,1981-06-15,2,1998-06-29,3,1,8,5,1999-05-01,1999-05-01,23,27,2015-10-01,8,1,11,5,5,1,5000,4000
716014,2017-10-22T10:48:23Z,83020,1998-09-02,2,2015-01-29,4,0,,1,2015-09-01,2015-09-01,11,14,,2,4,,,4,2,1000,500
716511,2017-10-22T15:25:03Z,82740,1981-09-26,1,2003-02-05,1,2,14,5,1988-12-01,1988-12-01,3,4,2015-09-01,18,1,10,4,,6,11800,4200
715889,2017-10-22T09:52:49Z,83002,1990-06-10,2,2006-12-25,4,0,,1,2012-10-01,2012-10-01,7,9,2017-09-01,3,1,10,4,8,1,4000,2800
715932,2017-10-22T10:14:38Z,29686,1991-06-23,2,2007-12-12,4,0,,1,2015-04-01,2008-03-01,8,5,2015-04-01,8,1,3,6,11,1,30000,15000
715772,2017-10-22T09:06:50Z,30884,1991-07-10,2,2009-10-30,4,0,,5,2014-04-10,2005-01-10,13,25,2014-04-10,6,1,2,1,11,2,9600,3000
715833,2017-10-22T09:26:17Z,82987,1997-03-18,2,2013-05-23,4,0,,1,2015-06-01,1997-03-01,9,5,2017-04-01,2,1,5,2,9,2,8000,7000
715359,2017-10-22T02:35:03Z,59941,1992-11-26,2,2009-01-22,4,0,,1,1994-09-10,1994-09-10,8,10,2015-06-10,5,1,12,4,,6,5000,4500
716225,2017-10-22T12:49:02Z,83063,1992-05-05,2,2016-04-05,3,0,,5,2001-05-01,1992-05-01,7,16,2010-06-01,7,1,3,3,10,2,5000,3000
712655,2017-10-21T22:55:27Z,82877,1989-06-03,2,2005-07-07,4,0,,1,2000-05-01,2000-05-01,3,4,2006-06-01,11,1,2,3,10,1,30000,25000
712256,2017-10-21T16:51:29Z,75953,1990-12-10,1,2012-06-21,4,2,6,1,2016-05-01,2007-01-01,3,4,,0,5,,,,5,3900,1300
712271,2017-10-21T16:55:27Z,82816,1994-06-23,2,2012-06-22,4,0,,1,2002-09-01,2002-09-01,10,12,2016-02-01,3,1,3,6,,3,3200,3000
711504,2017-10-21T10:53:25Z,82664,1997-08-03,2,2013-08-17,4,0,,1,2016-12-01,2009-06-01,11,17,2016-12-01,1,1,2,5,,5,7016,2500
712057,2017-10-21T15:05:01Z,82779,1997-03-19,2,2013-04-16,4,0,,1,2000-05-01,2000-05-01,23,27,2016-09-01,2,1,2,6,10,1,5000,3500
711842,2017-10-21T13:12:19Z,82732,1984-05-24,1,2003-08-27,3,2,13,5,1984-05-01,1984-05-01,5,7,2017-02-01,12,1,6,5,,6,5500,1500
712009,2017-10-21T14:43:51Z,79035,1977-08-28,2,2004-07-02,4,0,,3,1986-08-01,1986-08-01,19,23,,14,5,,,9,1,5000,3500
711800,2017-10-21T12:57:31Z,82708,1993-07-25,2,2009-12-04,4,0,,5,1993-07-01,1993-07-01,6,8,2016-03-01,7,1,1,5,9,1,7300,3000
711461,2017-10-21T10:28:12Z,82658,1995-05-06,2,2011-08-05,4,0,,3,2012-04-01,2012-04-01,12,15,2009-01-01,8,3,2,1,,6,8400,6876
711307,2017-10-21T09:25:12Z,82627,1952-11-03,1,1996-11-15,3,1,38,5,1993-02-01,1993-02-01,14,17,,36,2,,,11,1,3500,700
712349,2017-10-21T17:41:36Z,79971,1994-10-15,1,2010-12-28,4,0,,5,2010-10-01,2010-10-01,22,26,2015-10-01,3,1,10,4,6,1,4200,2800
708164,2017-10-20T22:00:32Z,82526,1994-12-11,2,2010-12-28,4,0,,1,2000-03-01,2000-03-01,8,10,,4,4,,,,6,10000,5000
711496,2017-10-21T10:49:54Z,82668,1994-10-09,1,2011-02-02,3,1,2,5,2001-08-01,2001-08-01,13,16,2011-01-01,5,3,12,6,4,1,7500,6000
710841,2017-10-21T01:51:29Z,72201,1974-03-23,1,2001-01-10,1,3,24,3,2015-03-01,1996-07-01,3,4,2017-01-01,16,1,13,3,,6,5700,7000
710892,2017-10-21T04:10:47Z,73083,1999-08-01,2,2015-09-09,4,0,,5,1999-08-01,1999-08-01,16,20,2017-08-01,1,6,12,2,,6,5500,3500
707188,2017-10-20T12:38:18Z,68707,1996-01-04,1,2012-02-28,4,0,,5,2016-07-01,2016-07-01,3,4,2016-08-01,1,1,12,2,4,1,3200,1000
712262,2017-10-21T16:52:39Z,82814,1992-06-04,1,2012-12-04,3,1,2,1,2017-02-01,2017-02-01,4,6,2017-09-01,5,1,10,2,6,1,4500,1200
706454,2017-10-20T07:27:07Z,82254,1989-11-26,2,2006-01-31,3,1,2,1,2012-07-01,2012-07-01,3,4,2012-10-01,5,1,6,5,10,1,10000,5000
710883,2017-10-21T04:01:57Z,82558,1995-07-30,2,2011-09-01,4,0,,5,2011-11-01,2011-11-01,19,23,2016-11-01,1,6,6,5,,6,6000,2000
712045,2017-10-21T14:57:50Z,82780,1993-08-13,2,2010-05-21,3,1,4,1,1993-08-01,1993-08-01,15,18,2016-11-01,7,3,3,3,,3,40000,18000
711691,2017-10-21T12:11:35Z,82439,1997-05-04,2,1997-02-18,4,0,,1,2014-04-01,2014-04-01,8,10,2017-08-01,1,1,9,4,4,2,6700,4000
707089,2017-10-20T11:51:43Z,67498,1999-03-23,2,2015-08-20,4,0,0,1,2014-08-10,2014-08-10,12,15,2017-01-10,1,1,7,1,,6,6000,1800
711659,2017-10-21T11:58:26Z,82694,1980-10-18,2,1996-12-03,1,0,,5,2005-06-01,2005-06-01,14,17,2014-06-01,18,1,12,3,4,1,6000,5400
711754,2017-10-21T12:38:25Z,82712,1990-01-03,1,2013-11-22,3,1,3,1,1990-01-01,1990-01-01,3,4,2016-03-01,3,1,12,6,,5,6500,2500
712301,2017-10-21T17:08:08Z,82817,1999-03-13,2,2015-03-13,4,0,,2,2000-02-01,2000-02-01,1,2,2016-03-01,1,6,8,1,,6,3400,1900
712488,2017-10-21T19:27:24Z,82843,1990-07-15,2,2006-08-17,4,0,,1,1993-08-01,1993-08-01,10,12,2016-03-01,1,1,1,4,,5,7000,2000
711714,2017-10-21T12:19:04Z,82253,1988-01-29,1,2015-07-22,1,2,6,1,1988-01-01,1988-01-01,18,22,2017-02-01,8,1,6,6,4,1,6500,3000
711989,2017-10-21T14:36:18Z,81840,1985-03-18,1,2001-03-18,4,2,6,5,2014-06-01,2014-06-01,9,11,2008-01-01,10,3,11,6,9,1,25000,14000
711657,2017-10-21T11:57:53Z,82671,1995-04-29,1,2011-11-16,4,0,,1,1995-04-01,1995-04-01,19,23,2015-10-01,2,1,4,3,10,2,7000,4000
711954,2017-10-21T14:17:35Z,65221,1983-02-18,1,2004-02-28,2,1,11,1,2000-05-01,2000-05-01,6,8,2012-09-01,16,1,2,5,4,1,9000,1000
708182,2017-10-20T22:12:47Z,82529,1994-06-29,2,2010-11-27,4,0,,5,2017-08-01,1994-06-01,8,20,2017-08-01,1,1,12,6,6,2,7000,5000
711395,2017-10-21T09:53:44Z,82644,1995-09-12,2,2015-11-10,4,0,,1,2000-11-01,2000-11-01,13,16,2017-05-01,4,1,1,5,,6,7000,3000
711548,2017-10-21T11:12:39Z,78925,1989-02-04,1,2005-05-19,1,0,,1,1989-02-01,1989-02-01,6,8,2015-09-01,5,1,10,3,,5,3000,2500
711704,2017-10-21T12:16:20Z,82696,1995-07-02,1,2011-08-29,4,0,,1,1995-07-01,1995-07-01,3,4,,3,5,,,,6,5000,3000
706795,2017-10-20T10:12:39Z,82307,1959-04-30,2,1999-03-23,2,0,,5,2009-07-01,2009-07-01,11,14,,27,2,,,,6,14100,1500
702977,2017-10-19T15:14:54Z,17210,1991-11-30,2,2008-01-21,1,0,,3,2005-09-10,1994-03-10,18,5,2015-09-10,2,1,12,4,9,1,10000,8000
703490,2017-10-19T21:20:22Z,82169,1987-03-24,1,2007-09-27,2,3,9,1,1987-03-01,1987-03-01,7,9,,2,5,,,4,1,7000,3000
707566,2017-10-20T15:34:38Z,82428,1985-04-03,2,2001-08-28,1,0,,3,1985-04-01,1985-04-01,6,8,2016-11-01,16,1,2,5,11,7,4800,2200
706715,2017-10-20T09:37:36Z,81861,1994-07-03,2,2010-07-23,4,0,,1,2017-03-01,2010-10-01,13,16,2015-07-01,5,1,3,2,11,1,5000,4000
706179,2017-10-20T01:42:15Z,82209,1996-07-20,2,2012-11-10,4,0,,4,2017-06-01,2017-06-01,20,24,2017-06-01,1,1,2,6,11,1,7300,5000
697711,2017-10-18T09:53:28Z,56815,1984-09-02,1,2004-09-27,3,2,12,1,2004-09-01,2004-09-01,12,15,2010-10-01,6,1,10,4,,6,3200,10
706919,2017-10-20T10:52:59Z,82322,1990-11-23,2,2007-11-30,3,0,,1,2017-07-01,2017-07-01,19,23,2010-01-01,7,1,2,5,9,1,12000,7000
701812,2017-10-19T06:41:54Z,81549,1998-01-13,2,2014-03-03,4,0,,1,2017-06-01,1998-01-01,3,4,2016-03-01,2,1,2,1,,6,8000,4000
706612,2017-10-20T08:52:46Z,63159,1994-02-04,2,2010-11-05,4,0,,5,2012-08-10,2003-03-10,11,14,2015-09-10,5,1,3,2,,6,10000,3000
707974,2017-10-20T19:26:55Z,82499,1997-04-29,2,2013-06-19,4,0,,5,2017-05-01,2017-05-01,5,7,2016-10-01,3,1,6,5,,6,7000,2500
708081,2017-10-20T20:35:14Z,82510,1984-03-19,2,2008-07-18,4,1,2,5,2010-01-01,2010-01-01,3,4,2017-08-01,15,1,6,5,,5,7500,5000
706181,2017-10-20T01:43:24Z,82155,1984-02-16,2,2000-11-21,4,0,,1,2005-05-01,2005-05-01,5,7,2015-08-01,10,1,5,6,4,1,9500,7000
708099,2017-10-20T20:48:22Z,82190,1998-01-04,1,2016-11-01,4,0,,5,2015-06-01,2015-06-01,3,4,2016-10-01,2,1,6,5,,6,4600,2500
707075,2017-10-20T11:47:38Z,82337,1961-12-05,1,1997-01-30,2,2,30,5,1997-01-01,1997-01-01,9,11,2001-11-01,17,1,12,6,,6,5000,3000
703346,2017-10-19T19:20:37Z,62082,1991-09-27,1,2012-08-30,3,0,,3,1991-09-10,1991-09-10,3,4,2013-06-10,4,1,6,5,,6,4500,1500
706528,2017-10-20T07:57:36Z,82261,1982-11-24,1,2008-02-29,3,1,12,5,2000-02-01,2000-02-01,5,7,2010-04-01,14,1,12,3,,6,5500,2000
706938,2017-10-20T11:00:32Z,82328,1997-04-25,1,2013-10-25,4,0,,3,2015-04-01,2015-04-01,8,10,2015-03-01,4,1,11,2,6,2,7000,3500
707417,2017-10-20T14:21:25Z,82368,1979-07-20,2,2006-05-12,1,0,,5,2012-06-01,1981-07-01,14,17,2017-09-01,11,1,6,4,4,2,7000,3500
706552,2017-10-20T08:20:44Z,82266,1996-06-12,1,2017-02-10,3,0,,1,2010-01-01,2010-01-01,18,22,2016-04-01,2,1,12,5,,6,6000,4000
706599,2017-10-20T08:43:25Z,82269,1993-03-06,1,2009-04-28,4,0,,1,1993-03-01,1993-03-01,10,12,2014-03-01,5,1,8,6,6,1,3200,800
703532,2017-10-19T22:16:45Z,82193,1989-11-05,2,2006-03-31,4,0,,1,2015-02-01,2015-02-01,2,3,2008-03-01,8,3,3,6,,5,7000,4000
703550,2017-10-19T22:53:30Z,82198,1975-06-13,2,2008-01-10,4,0,,4,2003-01-01,2003-01-01,8,10,2015-05-01,18,3,3,3,,6,23000,13000
706501,2017-10-20T07:49:18Z,82229,1989-05-03,2,2008-09-04,2,1,5,4,2002-04-01,2002-04-01,9,11,2015-03-01,9,1,11,3,,6,7000,4500
707972,2017-10-20T19:26:14Z,82495,1988-09-03,2,2014-06-03,3,1,7,4,2009-09-01,2009-09-01,8,10,2012-12-01,10,3,13,6,10,1,15000,12000
703506,2017-10-19T21:43:55Z,82187,1997-10-21,1,2017-01-21,3,2,2,1,2016-10-01,2010-08-01,13,16,,1,5,,,,3,5000,2000
706762,2017-10-20T10:02:00Z,82305,1988-08-24,2,2005-03-23,4,0,,5,1988-10-01,1988-10-01,9,11,2016-07-01,10,1,3,3,,6,15000,7000
707771,2017-10-20T17:42:16Z,82473,1995-03-21,1,2016-10-27,1,1,3,1,2016-09-01,2017-02-01,12,15,2017-05-01,3,1,10,2,4,1,7000,6000
707588,2017-10-20T15:45:09Z,82433,1999-01-31,2,2015-01-05,4,0,,1,2016-09-01,2016-09-01,8,10,2017-09-01,1,1,12,5,11,2,9000,3500
707631,2017-10-20T16:05:19Z,82440,1995-10-26,2,2012-02-01,4,0,,1,2013-09-01,2013-09-01,23,27,2017-02-01,1,6,11,5,8,1,7000,5000
706446,2017-10-20T07:22:57Z,81478,1991-09-14,2,2008-08-20,4,0,,6,2000-04-01,2000-04-01,15,18,2014-05-01,5,1,6,6,9,1,7000,3000
707191,2017-10-20T12:39:49Z,82370,1989-10-24,1,2014-11-14,2,1,3,1,1990-10-01,1990-10-01,2,3,2014-09-01,3,1,12,2,4,1,5000,1500
706165,2017-10-20T01:12:12Z,82203,1958-09-24,1,2003-02-04,4,1,24,5,1988-11-01,1988-11-01,8,10,2002-01-01,25,6,12,6,,5,5000,5000
706741,2017-10-20T09:46:33Z,82076,1990-06-21,1,2012-12-15,1,2,7,5,2009-10-01,1995-07-01,6,8,2015-06-01,8,1,12,6,9,2,5000,3000
706897,2017-10-20T10:45:33Z,82321,1998-03-06,2,2014-04-14,4,0,,1,2015-08-01,2015-08-01,13,16,2016-06-01,1,6,7,6,11,2,4000,2000
706484,2017-10-20T07:43:42Z,49850,1990-08-10,1,2013-12-05,2,1,3,2,2013-12-01,2013-12-01,9,11,2010-10-01,4,3,12,6,,6,10000,4000
706403,2017-10-20T07:06:56Z,82241,1995-02-21,1,2016-03-03,1,2,3,1,2017-04-01,2017-04-01,3,4,,3,5,,,,5,4500,2800
706873,2017-10-20T10:39:18Z,78990,1983-10-13,1,2013-11-19,3,1,10,1,2010-06-01,2010-06-01,10,12,2010-09-01,14,1,10,2,6,1,6800,4300
706353,2017-10-20T06:25:51Z,82233,1982-06-23,2,2015-04-10,4,0,,4,1982-07-01,1982-07-01,21,25,2014-11-01,12,1,6,1,,6,9000,3000
698683,2017-10-18T16:51:09Z,81796,1997-06-23,2,2013-07-23,4,0,,1,2015-11-01,2015-11-01,2,3,2016-10-01,1,1,6,5,,6,6500,2500
703009,2017-10-19T15:38:04Z,14508,1996-05-03,2,2012-05-17,4,0,,4,2015-08-01,2015-08-01,8,10,2014-10-01,5,3,7,6,6,2,8500,2300
702138,2017-10-19T09:26:27Z,40352,1989-11-11,1,2014-12-10,3,1,3,3,1990-05-01,1990-05-01,8,10,2015-11-01,10,1,12,6,,6,7000,1200
697685,2017-10-18T09:42:52Z,81542,1990-07-13,1,2008-09-22,3,1,8,1,2013-04-01,2013-04-01,3,4,2014-07-01,3,1,4,3,,6,5000,3500
701844,2017-10-19T07:23:29Z,81926,1994-03-07,2,2011-01-26,3,1,1,4,2007-01-01,2007-01-01,9,11,2016-11-01,4,1,6,4,,6,6000,5500
702229,2017-10-19T10:12:31Z,81970,1989-04-23,2,2005-06-29,3,1,2,3,2001-08-01,2001-08-01,18,22,2009-11-01,10,1,6,5,3,1,10000,4000
698757,2017-10-18T17:41:26Z,54098,1987-09-30,1,2004-02-25,3,2,0,1,1999-09-10,1999-09-10,21,25,2016-12-10,12,1,12,6,4,1,6000,2300
702262,2017-10-19T10:27:48Z,81994,1992-01-19,2,2008-04-03,3,0,,5,1998-07-01,1998-07-01,8,10,,9,5,,,,5,15000,7000
703348,2017-10-19T19:21:47Z,82163,1997-03-16,2,2013-03-03,1,0,,1,1997-03-01,1997-03-01,14,17,2017-07-01,2,1,12,1,5,1,11000,4000
698569,2017-10-18T15:55:15Z,81769,1981-02-15,2,1997-09-17,4,0,,5,2013-05-01,2013-05-01,10,12,2017-04-01,12,1,11,3,11,1,6800,1500
702041,2017-10-19T08:43:11Z,81946,1990-10-01,2,2010-10-27,1,0,,4,2004-01-01,2004-01-01,6,8,2013-11-01,4,1,13,5,,5,13500,9000
697498,2017-10-18T08:19:11Z,80038,1994-04-07,2,2010-05-06,4,0,,3,2015-07-01,2015-07-01,3,4,2016-11-01,3,1,2,1,4,1,7000,2000
698082,2017-10-18T12:14:37Z,81640,1989-11-11,1,2010-10-03,4,1,4,5,2013-03-01,2013-03-01,9,11,2016-11-01,8,1,10,2,,6,6500,2500
702171,2017-10-19T09:45:51Z,81975,1990-08-31,2,2006-09-20,4,0,,1,1990-07-01,1990-07-01,8,10,2016-01-01,9,6,3,6,,6,7000,7000
702806,2017-10-19T14:06:48Z,45717,1969-07-23,1,1998-11-30,3,0,,5,1992-08-10,1992-08-10,17,21,,27,2,,,6,1,4000,1500
701963,2017-10-19T08:13:29Z,81942,1989-05-15,1,2015-07-28,3,1,4,5,2013-07-01,2013-07-01,6,8,2015-06-01,10,1,12,6,,6,6000,5000
702294,2017-10-19T10:41:41Z,25159,1998-07-11,2,1998-07-11,4,0,,1,2016-09-01,2016-09-01,3,4,,1,4,,,9,2,6000,10
702551,2017-10-19T12:24:37Z,82044,1990-03-07,2,2006-06-26,3,1,1,4,1990-03-01,1990-03-01,13,16,2014-05-01,3,1,5,3,4,1,10000,7000
697229,2017-10-18T05:32:34Z,57746,1985-04-26,2,2002-02-14,4,0,,1,2014-03-10,1989-08-10,6,8,2011-07-10,6,1,6,5,11,1,7000,4500
702528,2017-10-19T12:17:39Z,82041,1993-08-21,2,2009-12-22,4,0,,1,2015-06-01,2017-08-01,8,11,2015-06-01,3,1,1,4,11,1,120000,9000
703363,2017-10-19T19:30:03Z,82164,1967-05-22,2,2011-01-20,1,0,,1,2011-01-01,2011-01-01,13,16,2015-01-01,30,3,3,3,,6,6000,4000
702926,2017-10-19T14:46:16Z,76800,1991-12-11,2,2008-01-09,4,0,,5,2004-06-01,2004-06-01,16,20,2016-08-01,2,1,8,4,7,1,5100,2600
698984,2017-10-18T21:01:32Z,81848,1976-01-22,2,2008-12-18,3,2,15,3,2007-01-01,2007-01-01,1,2,2007-04-01,10,1,3,3,,6,10000,10000
699034,2017-10-18T22:12:42Z,81857,1993-10-02,2,2016-10-21,3,1,4,1,2004-01-01,2004-01-01,3,4,2014-10-01,5,3,12,6,9,2,15000,5000
699001,2017-10-18T21:18:35Z,81852,1989-07-15,2,2005-10-26,3,1,4,1,2010-02-01,2010-02-01,14,17,2010-07-01,7,1,6,5,10,2,11000,8000
703432,2017-10-19T20:37:17Z,82172,1994-04-21,1,2010-07-14,4,1,5,1,2009-05-01,2009-05-01,3,4,2016-05-01,2,1,12,3,,6,3400,3000
702380,2017-10-19T11:12:23Z,82016,1992-03-07,2,2008-05-08,3,1,2,5,2015-06-01,2006-09-01,6,8,2015-06-01,5,1,5,1,11,1,8000,3000
702001,2017-10-19T08:23:25Z,81925,1988-01-03,1,2016-07-13,4,2,3,1,1988-01-01,1988-01-01,6,8,2008-05-01,11,3,11,6,,6,6000,4000
701817,2017-10-19T06:51:45Z,81917,1981-12-10,2,1998-02-06,2,1,11,1,1988-07-01,1988-07-01,3,4,2017-02-01,1,1,6,5,11,2,8000,3000
701648,2017-10-19T01:25:49Z,81879,1990-01-26,2,2007-01-26,2,1,6,5,2007-02-01,2007-02-01,20,24,2017-06-01,15,1,3,2,,6,3000,3000
702302,2017-10-19T10:44:05Z,81996,1976-03-14,1,2014-10-15,4,0,,5,1986-09-01,1986-09-01,6,8,2015-07-01,27,1,13,2,4,1,5300,2800
698754,2017-10-18T17:38:52Z,81805,1984-04-17,2,2010-07-27,3,0,,5,2001-03-01,2001-03-01,12,15,2014-06-01,10,1,6,5,11,1,7000,1500
698602,2017-10-18T16:05:42Z,81779,1989-07-12,2,2014-09-02,4,0,,5,1992-06-01,1992-06-01,8,10,2007-02-01,11,1,12,5,,6,12500,6000
702562,2017-10-19T12:32:34Z,46710,1948-09-16,1,1997-07-25,3,0,,5,1997-07-10,1997-07-10,3,4,1970-01-01,45,2,,,7,1,3600,2600
698999,2017-10-18T21:17:47Z,81850,1998-03-10,1,2014-04-10,4,0,,1,2016-03-01,1998-03-01,11,14,,6,5,,,10,2,2000,850
702305,2017-10-19T10:45:17Z,81999,1993-06-28,1,2009-10-14,1,1,1,1,2013-09-01,2013-09-01,10,12,,7,5,,,,6,5000,2000
702434,2017-10-19T11:37:11Z,82028,1996-04-25,2,2013-02-19,4,0,,1,2015-09-01,2015-09-01,8,10,2017-09-01,2,6,11,2,4,1,10000,5000
703156,2017-10-19T16:41:15Z,15429,1975-03-13,2,1995-07-11,3,1,15,5,2015-03-10,2015-03-10,14,17,2016-11-10,22,1,3,2,1,2,10000,3000
701788,2017-10-19T06:20:36Z,81727,1961-02-25,2,2015-01-23,3,2,24,5,2002-01-01,2002-01-01,20,24,2014-02-01,30,1,1,5,4,2,12000,5000
703090,2017-10-19T16:15:12Z,74550,1994-08-27,2,2010-12-03,4,0,,4,2017-04-01,2000-01-01,9,11,2016-02-01,3,3,11,6,10,1,8000,5000
702383,2017-10-19T11:13:01Z,82011,1994-03-29,2,2010-04-26,4,0,,1,2014-05-01,1994-03-01,12,15,2014-08-01,3,1,2,1,,5,9500,3000
703395,2017-10-19T19:57:34Z,82150,1991-06-01,2,2009-08-06,3,0,,3,2014-11-01,2009-08-01,22,14,2014-11-01,4,1,12,1,,6,12000,2500
702517,2017-10-19T12:13:03Z,81292,1998-12-04,1,2014-12-17,4,0,,3,1999-01-01,1999-01-01,11,14,2016-12-01,6,1,5,4,4,2,4500,3000
703017,2017-10-19T15:40:29Z,82113,1995-11-13,1,2016-11-24,4,0,,5,2016-10-01,1995-11-01,8,27,2017-05-01,1,1,10,5,6,1,13,10
703234,2017-10-19T17:48:37Z,82139,1989-10-21,1,2005-11-30,3,1,8,1,2016-08-01,2005-11-01,1,15,2015-03-01,3,1,6,5,,6,10000,4700
701676,2017-10-19T02:49:34Z,81884,1982-05-30,2,1998-06-09,3,1,5,5,2010-11-01,2010-11-01,8,10,2014-08-01,9,1,2,5,4,1,11000,5000
698646,2017-10-18T16:33:20Z,81786,1992-04-26,2,2008-07-29,3,1,3,4,2013-03-01,2013-03-01,4,6,2012-04-01,5,1,13,4,11,1,600,300
697326,2017-10-18T06:39:45Z,81515,1984-12-28,2,2008-07-26,4,0,,5,2013-04-01,2013-04-01,14,17,2014-07-01,11,1,6,3,8,2,4000,500
697873,2017-10-18T10:54:39Z,81610,1988-08-01,1,2004-09-14,4,0,,1,2014-10-01,2007-06-01,12,15,2014-09-01,7,1,10,2,,6,3500,500
694547,2017-10-17T21:27:55Z,32881,1984-10-25,2,2001-12-07,4,0,,1,1984-01-10,1984-01-10,20,24,2005-05-01,12,3,3,6,10,2,5000,3000
698390,2017-10-18T14:27:31Z,81735,1992-09-23,2,2008-10-23,4,0,,4,2006-04-01,2006-04-01,8,10,2015-10-01,8,1,12,3,4,1,6800,6000
698422,2017-10-18T14:40:41Z,81738,1995-02-14,2,2011-04-13,4,0,,1,1995-02-01,1995-02-01,6,8,2012-08-01,5,1,6,5,,6,12000,5000
698704,2017-10-18T17:06:25Z,81430,1989-09-15,2,2006-03-03,4,0,,1,2015-05-01,2015-05-01,10,12,2017-10-01,7,6,5,6,,5,5000,4500
698252,2017-10-18T13:31:55Z,75285,1987-08-01,2,2003-11-20,4,0,,1,1988-08-01,1988-08-01,8,10,2005-12-01,12,1,6,5,4,1,9000,4000
697666,2017-10-18T09:36:00Z,81585,1993-10-27,2,2009-11-03,4,0,,1,1993-10-01,1993-10-01,8,10,2017-08-01,5,1,3,1,3,1,10000,6000
698272,2017-10-18T13:40:02Z,81685,1995-02-24,2,2014-09-10,4,0,,1,2014-10-01,2014-10-01,3,4,2015-04-01,0,6,9,6,10,2,6700,6000
698729,2017-10-18T17:26:58Z,79360,1988-06-30,1,2004-11-30,4,0,,5,1988-07-01,1988-07-01,14,17,2016-03-01,9,1,12,3,4,1,4500,1500
689233,2017-10-16T13:26:27Z,81012,1992-02-18,2,2008-07-17,3,1,3,1,1992-02-01,1992-02-01,16,20,2015-05-01,7,3,3,6,,6,3000,700
694028,2017-10-17T15:47:47Z,81371,1963-11-22,1,2002-08-28,5,3,29,5,1989-03-01,1989-03-01,6,8,1982-07-01,35,1,6,5,,6,5500,2000
694552,2017-10-17T21:33:31Z,81458,1990-09-28,2,2006-11-03,4,0,,3,1990-09-01,1990-09-01,19,23,2009-03-01,8,3,12,6,,5,7200,2700
698070,2017-10-18T12:10:20Z,81646,1993-05-31,1,2009-09-12,4,0,,1,2015-07-01,2016-05-01,8,11,2015-12-01,4,1,11,3,11,2,7000,5000
697769,2017-10-18T10:13:12Z,62957,1975-12-14,2,1996-03-16,3,1,21,4,1992-03-01,1992-03-01,8,10,2014-05-01,15,1,1,5,,3,9000,10
698421,2017-10-18T14:40:27Z,81726,1996-07-28,1,2012-08-04,4,0,,5,2005-01-01,1996-07-01,20,24,2016-12-01,4,1,12,1,4,1,6800,4500
698545,2017-10-18T15:30:28Z,81762,1990-09-22,1,2006-11-02,1,1,5,5,2014-03-01,1992-10-01,8,10,2015-04-01,9,1,2,1,,6,6300,1000
697734,2017-10-18T10:04:51Z,81573,1993-06-13,1,2015-08-01,3,0,,1,2016-05-01,2016-05-01,11,14,2013-10-01,6,1,4,3,6,1,5000,1500
698035,2017-10-18T12:03:51Z,81647,1995-02-16,2,2011-06-10,1,0,,1,2005-08-01,2005-08-01,21,25,2017-06-01,1,1,7,3,11,1,6000,2000
698268,2017-10-18T13:36:37Z,78227,1978-08-13,2,1998-06-03,3,2,8,1,1994-12-01,1994-12-01,11,14,1998-08-01,19,1,6,1,4,2,7500,1500
697472,2017-10-18T08:04:19Z,81543,1982-01-31,1,2000-12-16,3,1,8,5,2008-07-01,2008-07-01,19,23,2016-12-01,12,1,2,4,9,1,4500,3500
697589,2017-10-18T09:07:24Z,81566,1996-09-21,1,2015-05-19,4,0,,5,2014-02-01,1996-09-01,8,26,,3,4,,,6,2,5600,5600
694264,2017-10-17T18:07:34Z,81411,1984-03-11,1,2008-04-14,2,2,15,1,2000-11-01,2000-11-01,15,18,2016-05-01,11,6,12,6,,6,5200,300
698152,2017-10-18T12:39:26Z,81657,1987-12-30,1,2012-07-30,2,1,5,4,2010-10-01,2010-10-01,3,4,2017-04-01,10,1,5,1,,6,7000,4000
697815,2017-10-18T10:31:53Z,42273,1990-07-11,1,2016-02-10,3,1,4,1,2002-06-01,2002-06-01,16,20,2016-09-01,15,1,3,6,,6,15000,10
697835,2017-10-18T10:39:53Z,81608,1982-09-30,1,2012-05-08,3,0,,5,2012-01-01,2012-01-01,20,24,2012-09-01,5,1,12,3,,6,8000,2000
698944,2017-10-18T20:16:32Z,81837,1990-11-05,1,2011-05-11,3,2,4,5,2007-12-01,2007-12-01,7,9,2011-02-01,10,3,12,6,,6,12000,600
697620,2017-10-18T09:17:37Z,78435,1999-06-03,2,2015-07-09,4,0,,1,2015-09-01,2015-09-01,6,8,,2,4,,,11,2,2200,1800
698942,2017-10-18T20:14:12Z,77379,1991-05-04,2,2007-05-04,4,0,,1,2007-04-01,2007-04-01,3,4,2017-06-01,3,1,11,3,9,1,4700,2390
694589,2017-10-17T23:01:49Z,46832,1996-07-04,2,2012-10-31,4,0,,1,1996-07-10,1996-07-10,13,16,2017-01-10,0,1,3,6,,6,6000,4000
697877,2017-10-18T10:57:11Z,81614,1989-12-28,2,2006-03-02,4,0,,5,2006-03-01,2006-03-01,18,22,2009-06-01,7,1,12,3,4,1,10000,5000
698122,2017-10-18T12:30:41Z,81660,1998-12-16,2,2015-03-12,4,0,,1,2010-09-01,2010-09-01,16,20,2016-06-01,1,3,7,6,10,2,8000,2000
697267,2017-10-18T06:04:57Z,81504,1987-09-24,2,2003-12-23,4,0,,1,1993-07-01,1993-07-01,3,4,2014-02-01,12,1,12,6,,6,6000,4000
698233,2017-10-18T13:22:42Z,32133,1994-05-18,2,2010-06-17,4,0,,1,1994-05-01,1994-05-01,8,10,2016-06-01,7,1,2,1,6,2,5000,4000
697117,2017-10-18T00:20:44Z,81483,1991-04-12,2,2015-08-28,4,0,,1,2016-09-01,2016-09-01,8,10,2017-09-01,1,1,6,4,11,1,8000,5000
697977,2017-10-18T11:37:49Z,81635,1990-02-11,2,2011-07-04,3,0,,2,2009-07-01,2009-07-01,12,15,2016-07-01,5,1,11,2,6,1,5000,3500
697832,2017-10-18T10:38:11Z,81099,1982-02-22,2,1997-11-28,2,0,,5,1995-05-01,1995-05-01,20,24,2013-08-01,13,1,7,5,6,1,75000,1900
698120,2017-10-18T12:29:47Z,81658,1995-09-28,2,2011-11-15,4,0,,1,2017-06-01,2017-06-01,7,9,2017-08-01,2,1,13,4,1,2,7300,2000
697478,2017-10-18T08:06:43Z,64804,1990-08-11,2,2007-07-10,4,0,,5,2017-06-10,2011-02-10,23,27,2015-12-10,4,1,2,4,6,1,9500,4000
694540,2017-10-17T21:22:04Z,81463,1992-06-12,2,2008-10-01,4,0,,1,2000-06-01,2000-06-01,18,22,2013-06-01,7,1,6,5,2,2,7000,5000
698168,2017-10-18T12:50:04Z,42848,1995-08-12,1,2016-01-06,4,0,0,3,2017-05-10,2012-09-10,18,22,2014-09-10,3,3,11,6,3,1,2000,800
698257,2017-10-18T13:33:18Z,81679,1981-05-23,2,2012-02-02,4,0,,5,1998-09-01,1998-09-01,9,11,2017-01-01,14,3,3,3,9,1,6000,5500
698538,2017-10-18T15:28:01Z,81751,1994-11-27,2,2011-04-19,4,0,,1,2016-09-01,1996-07-01,8,21,2017-03-01,0,6,6,4,10,2,6000,4500
692773,2017-10-17T07:31:48Z,81194,1999-07-14,2,2015-09-17,4,0,,3,1999-07-01,1999-07-01,18,22,2015-07-01,2,3,11,4,,6,5000,4300
693414,2017-10-17T11:36:46Z,81284,1986-04-23,2,2014-10-21,4,0,,5,2015-07-01,2015-07-01,12,15,2014-05-01,7,1,6,5,11,1,7000,1500
693452,2017-10-17T11:54:54Z,81288,1991-02-08,1,2016-01-25,3,2,5,1,2017-02-01,2017-02-01,3,4,2015-05-01,7,1,11,3,5,1,8000,8000
692930,2017-10-17T08:35:48Z,38762,1989-10-04,2,2005-11-16,4,0,,1,2013-06-01,2013-06-01,23,27,2017-02-10,7,1,2,3,,6,2500,1300
693811,2017-10-17T14:22:43Z,81330,1992-04-07,1,2014-03-17,3,1,3,1,2017-05-01,1992-04-01,18,4,2017-02-01,2,6,11,2,2,1,8000,3000
693972,2017-10-17T15:27:02Z,21555,1995-04-07,2,2012-09-06,4,0,,1,1995-04-10,1995-04-10,7,9,2016-12-01,3,1,2,4,,6,3333,2500
693611,2017-10-17T13:18:57Z,81323,1995-03-05,2,2011-04-20,4,0,,1,1995-03-01,1995-03-01,18,22,2016-12-01,1,1,3,3,11,1,8000,3000
694367,2017-10-17T19:17:49Z,81436,1980-10-08,1,2004-08-25,5,2,12,1,2004-01-01,2004-01-01,12,15,2004-01-01,13,1,7,6,,6,3200,3200
694024,2017-10-17T15:47:19Z,65941,1990-01-24,2,2006-03-10,3,0,,5,1993-03-01,1993-03-01,3,4,2009-03-01,8,1,6,1,,6,6000,3200
694002,2017-10-17T15:41:21Z,65828,1988-12-01,1,2009-12-10,3,2,6,1,1988-12-01,1988-12-01,20,24,2017-09-01,12,1,6,6,,6,3600,10
692735,2017-10-17T07:03:58Z,57272,1998-06-02,1,2015-01-16,1,1,1,1,1998-06-10,1998-06-10,3,4,,2,4,,,,6,2000,700
689440,2017-10-16T15:32:05Z,81058,1990-12-17,2,2007-06-02,4,0,,5,2014-10-01,2014-10-01,8,10,2013-03-01,6,1,6,3,11,1,25000,10000
689555,2017-10-16T16:38:43Z,81076,1989-07-21,2,2005-09-15,3,0,,1,2005-09-01,2005-09-01,18,22,2017-02-01,10,1,13,3,,6,6000,4000
689463,2017-10-16T15:48:18Z,81035,1994-04-23,1,2010-11-19,4,0,,1,2004-02-01,2004-02-01,19,23,2016-05-01,3,3,12,6,,6,5000,600
689612,2017-10-16T17:14:03Z,81075,1994-06-07,2,2010-11-10,4,0,,5,1994-07-01,1994-07-01,14,17,2014-06-01,5,1,2,5,6,1,2500,6000
694004,2017-10-17T15:42:00Z,75767,1985-07-05,1,2002-07-10,4,3,9,1,1985-07-01,1985-07-01,9,11,2015-01-01,17,1,5,2,,6,6500,4000
694219,2017-10-17T17:27:48Z,81389,1985-12-11,2,2002-06-13,1,1,5,5,2016-10-01,2013-12-01,3,5,2017-04-01,15,1,12,2,11,1,6000,3500
689924,2017-10-16T21:06:34Z,81128,1988-12-23,2,2005-02-28,4,0,,5,1988-12-01,1988-12-01,3,4,2016-08-01,10,1,6,4,,6,11000,6000
694438,2017-10-17T20:29:37Z,67773,1985-05-04,2,2001-08-23,4,0,,1,2001-08-10,2001-08-10,18,22,2007-03-10,0,1,3,6,,6,6000,6000
689911,2017-10-16T20:59:29Z,81132,1981-09-27,1,2002-05-16,1,1,8,5,1981-09-01,1981-09-01,10,12,2002-10-01,18,1,6,1,,6,5500,1000
694106,2017-10-17T16:28:55Z,81384,1993-06-27,1,2010-03-12,1,0,,5,2010-05-01,2010-05-01,13,16,2016-08-01,4,1,7,2,,6,6000,1800
689916,2017-10-16T21:03:14Z,81129,1995-03-02,2,2011-05-19,3,0,,4,2017-05-01,1998-04-01,4,6,2015-12-01,2,1,5,2,4,1,8300,4500
690003,2017-10-16T23:57:40Z,81145,1994-05-07,2,2010-05-28,4,0,,1,2016-10-01,2014-09-01,14,17,2016-10-01,1,1,12,5,,6,7500,4500
688876,2017-10-16T10:00:25Z,80942,1988-08-30,1,2007-05-03,3,1,10,5,2010-05-01,2010-05-01,18,22,2016-03-01,24,1,2,3,4,1,6000,2000
692544,2017-10-17T00:31:37Z,81151,1990-12-05,2,2007-03-23,3,0,,5,2008-07-01,2008-07-01,20,24,2009-06-01,3,6,12,6,4,2,6000,2600
692581,2017-10-17T03:10:52Z,81153,1989-05-05,2,2005-06-23,3,0,,1,2007-05-01,2007-05-01,3,4,2015-07-01,2,1,2,5,,6,5200,4000
692553,2017-10-17T01:17:37Z,44893,1995-05-16,2,2011-07-22,4,0,,5,2014-09-01,2014-09-01,2,3,2010-10-01,4,6,7,5,,6,6500,3000
692967,2017-10-17T08:56:34Z,79565,1975-01-07,1,2015-02-19,3,3,20,5,2004-09-01,2004-09-01,19,23,2000-07-01,20,1,6,1,9,1,6200,2500
692593,2017-10-17T04:06:32Z,81161,1992-03-09,2,2008-05-16,4,0,,1,2015-10-01,2015-10-01,8,10,,2,4,,,6,2,3000,800
692766,2017-10-17T07:29:09Z,79828,1990-07-26,2,2006-11-24,3,1,1,1,2003-07-01,2003-07-01,15,18,2011-07-01,6,1,2,2,10,1,7500,3500
692772,2017-10-17T07:31:43Z,81188,1980-12-14,2,2010-10-28,4,0,,5,2003-05-01,2003-05-01,6,8,2007-03-01,15,1,2,3,,5,5000,5000
694079,2017-10-17T16:19:31Z,54658,1991-09-09,1,2013-06-08,3,1,3,3,1991-09-10,2013-07-10,12,15,2017-05-10,7,3,12,6,4,1,3000,3000
692760,2017-10-17T07:26:20Z,81191,1993-08-23,1,2015-04-08,3,1,2,1,2014-11-01,1997-09-01,15,18,2013-04-01,4,1,8,5,,6,4000,3000
694194,2017-10-17T17:11:39Z,81401,1991-06-15,1,2012-02-17,3,1,2,1,2012-06-01,1991-06-01,17,21,2016-05-01,6,3,10,5,8,1,5000,3000
692994,2017-10-17T09:04:27Z,81224,1995-06-04,2,2011-08-22,3,1,1,1,1995-06-01,1995-06-01,13,16,2015-06-01,2,3,6,6,11,1,20000,12000
694279,2017-10-17T18:20:18Z,81428,1974-12-20,2,1996-12-03,3,1,19,5,2001-02-01,2001-02-01,8,10,2015-05-01,22,1,12,6,11,1,30000,3000
692919,2017-10-17T08:28:28Z,36910,1989-12-29,1,2008-11-06,2,1,8,5,2006-02-10,2006-02-10,19,23,2015-09-10,2,1,12,3,,6,4500,2000
693457,2017-10-17T11:56:05Z,81233,1991-12-03,1,2008-03-04,4,0,,3,2011-06-01,2011-06-01,8,10,2015-11-01,6,1,4,6,4,2,12000,6000
693117,2017-10-17T09:47:12Z,47577,1998-09-27,2,2014-12-11,4,0,,4,2000-10-10,2000-10-10,11,14,1970-01-01,3,4,,,,6,3000,600
693063,2017-10-17T09:34:36Z,81123,1987-06-25,1,2003-08-22,4,1,12,1,2014-01-01,2014-01-01,14,17,2016-03-01,10,1,8,3,4,7,6500,5000
693096,2017-10-17T09:43:10Z,81234,1981-12-22,2,1998-04-29,4,0,,1,1983-09-01,1983-09-01,9,11,2014-10-01,14,1,7,2,4,2,5600,2500
693111,2017-10-17T09:46:35Z,81201,1977-07-27,2,1997-11-01,3,3,8,5,1977-07-01,1977-07-01,5,7,2017-06-01,13,3,12,6,6,1,8000,4500
693138,2017-10-17T09:51:26Z,81226,1984-02-28,2,2001-01-31,3,2,12,1,2013-03-01,2013-03-01,12,15,2011-05-01,12,1,6,1,,6,7000,1000
693155,2017-10-17T09:54:47Z,78939,1993-03-27,1,2015-09-09,3,1,2,1,2008-05-01,2008-05-01,6,8,2015-04-01,2,1,4,3,4,1,3860,1000
693199,2017-10-17T10:07:16Z,81056,1993-10-04,2,2011-01-20,4,0,,1,2009-03-01,2009-03-01,4,6,2011-03-01,6,1,6,6,,5,5000,2000
693205,2017-10-17T10:08:04Z,81243,1996-09-10,2,2012-10-28,4,0,,5,1996-09-01,1996-09-01,18,22,2015-08-01,2,3,11,6,,6,7000,5000
693274,2017-10-17T10:24:54Z,81249,1992-06-14,1,2017-07-14,2,1,6,1,2010-10-01,2010-10-01,21,25,2013-09-01,4,1,8,4,,6,3000,2000
693412,2017-10-17T11:36:27Z,74009,1997-04-17,1,2012-08-09,4,0,,1,2013-04-01,2013-04-01,6,8,2017-07-01,0,1,8,1,,6,2000,1800
693391,2017-10-17T11:26:25Z,78494,1986-12-06,2,2003-01-31,3,1,7,4,2003-01-01,2003-01-01,14,17,2011-09-01,9,3,11,6,,5,6400,4200
693409,2017-10-17T11:35:28Z,46726,1993-08-06,1,2010-05-05,4,1,3,1,2015-09-10,1999-02-10,8,11,2016-05-10,1,1,6,1,4,1,4991,3000
693480,2017-10-17T12:06:01Z,81298,1995-05-26,2,2011-12-16,4,0,,1,2000-06-01,2000-06-01,19,23,2017-05-01,4,1,11,5,,6,5000,3900
693440,2017-10-17T11:47:27Z,81281,1972-08-25,1,2011-08-16,3,1,17,5,2009-10-01,2009-10-01,10,12,2017-04-01,12,1,8,1,,5,3200,1600
689160,2017-10-16T12:52:06Z,80996,1991-07-19,2,2007-08-30,1,0,,5,2015-12-01,2015-12-01,14,17,2016-08-01,8,1,6,1,11,1,6900,2400
689673,2017-10-16T18:01:28Z,81092,1986-03-16,1,2003-05-26,4,1,4,1,1986-03-01,1986-03-01,18,22,2016-05-01,11,1,5,2,,6,9000,3000
688868,2017-10-16T09:54:39Z,80940,1989-01-03,2,2005-02-17,4,0,,2,2012-03-01,2011-07-01,8,10,2011-07-01,6,1,2,1,11,1,13500,7000
682021,2017-10-14T21:41:48Z,80565,1995-06-15,1,2011-06-15,4,0,,1,2017-07-01,2016-11-01,18,27,2016-11-01,3,3,9,2,8,2,20000,7000
688991,2017-10-16T11:17:50Z,80964,1991-01-06,1,2012-09-11,5,1,4,5,2017-08-01,2015-10-01,12,15,,3,2,,,,6,8300,5000
689744,2017-10-16T18:43:21Z,81108,1986-05-21,1,2012-08-30,3,2,5,1,2011-04-01,2005-08-01,13,16,2015-11-01,2,1,12,1,,6,5500,2000
689175,2017-10-16T12:58:06Z,81000,1995-03-11,1,2014-09-30,3,1,1,1,2014-01-01,2014-01-01,14,17,,2,5,,,,6,5000,5000
685745,2017-10-15T18:52:12Z,80823,1996-07-14,1,2013-02-01,4,0,,1,1996-07-01,1996-07-01,3,4,2016-04-01,2,1,12,6,,5,3800,3800
688474,2017-10-16T03:34:34Z,63205,1991-05-18,1,1991-03-09,4,0,,1,2011-11-10,2011-11-10,20,24,2017-03-10,1,1,2,5,9,1,9000,1300
688447,2017-10-16T00:55:24Z,80869,1993-01-15,2,2009-07-30,4,0,,1,2016-01-01,1993-01-01,4,6,2015-07-01,7,1,2,2,9,1,10000,6000
689639,2017-10-16T17:38:22Z,81091,1988-02-19,1,2011-06-29,3,2,5,5,2013-02-01,2002-01-01,11,14,,11,5,,,9,1,2700,2000
689215,2017-10-16T13:20:30Z,81009,1996-01-09,1,2015-10-12,3,1,1,1,2015-11-01,1996-01-01,12,15,2014-09-01,3,3,11,6,8,1,6000,4000
689632,2017-10-16T17:34:48Z,77138,1993-08-16,1,2009-09-07,4,1,7,1,1993-12-01,1993-12-01,20,24,2015-03-01,3,1,12,5,,6,3000,2000
688921,2017-10-16T10:30:51Z,80945,1980-02-28,1,2013-05-17,3,2,13,5,1996-07-01,1996-07-01,4,6,2017-05-01,20,1,12,6,,6,7500,4500
689898,2017-10-16T20:41:53Z,64897,1997-12-11,2,2014-02-25,4,0,,1,1997-12-10,1997-12-10,10,12,1970-01-01,0,4,,,,6,1100,1000
685913,2017-10-15T22:20:40Z,80858,1986-03-11,2,2002-06-27,4,0,,5,1986-03-01,1986-03-01,3,4,2015-05-01,2,6,3,6,,6,10000,9000
688502,2017-10-16T05:13:03Z,80885,1999-02-05,2,2015-04-02,4,0,,1,2017-07-01,2017-07-01,8,10,2017-09-01,2,1,12,1,11,2,8000,6000
688934,2017-10-16T10:39:35Z,80896,1989-08-09,2,2005-10-12,3,1,4,5,2013-06-01,2013-06-01,3,4,2015-11-01,8,1,11,5,9,1,10000,3500
685630,2017-10-15T17:30:02Z,80807,1988-07-19,2,2004-07-28,3,1,2,4,2015-05-01,2015-05-01,16,20,2015-09-01,11,1,6,1,4,1,7000,4000
689696,2017-10-16T18:10:49Z,81095,1982-12-23,2,2000-09-14,4,0,,5,2000-09-01,2000-09-01,8,10,2013-12-01,15,1,12,4,,5,12000,4500
689330,2017-10-16T14:22:22Z,81036,1995-10-25,1,2016-05-12,3,0,,5,2015-06-01,2015-06-01,10,12,2015-07-01,3,1,8,5,7,1,4500,4000
689320,2017-10-16T14:18:39Z,81033,1998-07-14,1,2014-12-06,4,0,,1,2008-04-01,2008-04-01,13,16,,1,4,,,6,2,5000,2000
688785,2017-10-16T09:00:34Z,80925,1984-07-16,2,2000-09-11,4,0,,5,1990-07-01,1990-07-01,14,17,2016-09-01,12,3,5,5,4,7,4000,2000
689176,2017-10-16T12:58:12Z,81001,1993-11-16,2,2010-01-16,2,2,1,1,1995-05-01,1995-05-01,6,8,2013-08-01,4,1,6,1,,6,5000,2500
688955,2017-10-16T10:56:53Z,80959,1994-02-13,2,2010-04-07,4,0,,1,2015-07-01,2010-04-01,9,11,2015-01-01,5,1,2,4,,5,9000,4500
689496,2017-10-16T16:08:50Z,81069,1996-07-23,2,2012-10-04,4,0,,5,1997-05-01,1997-05-01,18,22,2016-06-01,6,1,2,5,9,1,9000,4000
689077,2017-10-16T12:12:01Z,80986,1985-12-03,2,2003-05-23,4,0,,5,1985-12-01,1985-12-01,13,16,2017-04-01,15,1,7,5,11,2,15000,4000
689374,2017-10-16T14:54:48Z,80641,1993-11-10,2,2014-05-27,4,0,,5,2012-10-01,2012-10-01,6,8,2017-07-01,5,1,1,1,,6,7200,2500
688751,2017-10-16T08:40:48Z,40343,1992-02-09,2,2008-11-20,4,0,,3,1992-02-10,1992-02-10,14,17,1970-01-01,3,5,,,11,2,10000,4000
689009,2017-10-16T11:24:56Z,80966,1994-11-21,2,2010-11-29,4,0,,3,2011-08-01,2016-10-01,13,2,2012-11-01,4,1,11,5,6,1,10000,8000
688670,2017-10-16T07:35:30Z,65808,1970-02-03,2,1996-01-25,3,3,0,5,2009-11-10,2009-11-10,3,4,2016-12-10,20,1,13,3,,6,10000,8000
689517,2017-10-16T16:13:38Z,81067,1995-07-18,2,2011-10-24,4,0,,5,1997-01-01,1997-01-01,12,15,2016-03-01,4,6,4,3,,6,5200,4000
688947,2017-10-16T10:54:10Z,80957,1993-11-05,2,2010-03-19,4,0,,1,1993-11-01,1993-11-01,9,11,2013-04-01,4,1,2,2,,6,5000,3000
688812,2017-10-16T09:23:15Z,80932,1975-08-16,2,1996-05-06,4,0,,5,1975-08-01,1975-08-01,10,12,2016-07-01,25,1,6,1,,5,3000,1000
682075,2017-10-14T23:29:31Z,80582,1995-05-15,2,2015-09-19,4,0,,1,2005-01-01,2005-01-01,18,22,2015-12-01,2,1,2,5,,6,8000,8000
685462,2017-10-15T15:32:13Z,79383,1991-05-08,1,2013-07-04,4,1,2,5,1991-05-01,1991-05-01,6,8,2015-07-01,2,6,12,6,,5,4000,3200
685400,2017-10-15T14:52:53Z,80765,1984-03-20,2,2002-05-21,4,0,,1,2013-03-01,2006-10-01,6,23,2014-05-01,7,1,12,5,,6,6000,3000
685631,2017-10-15T17:34:40Z,80810,1995-05-30,1,2010-11-10,4,1,1,1,1995-05-01,1995-05-01,5,7,2013-02-01,9,1,12,3,,3,15000,3000
685647,2017-10-15T17:46:08Z,80796,1987-06-24,1,2012-08-28,3,2,4,1,2012-06-01,2012-06-01,1,2,2012-09-01,11,1,10,3,6,1,5500,1500
681314,2017-10-14T12:58:52Z,80450,1989-10-05,2,2006-03-10,3,1,1,1,2017-02-01,2004-03-01,4,6,2016-11-01,8,6,5,5,,5,12000,6000
684580,2017-10-15T03:21:56Z,80594,1977-07-13,2,1998-11-20,4,0,,1,1979-12-01,1979-12-01,3,4,2012-05-01,5,1,12,3,,6,70000,2500
685622,2017-10-15T17:26:35Z,80809,1986-07-25,1,2008-12-04,2,1,8,5,2011-05-01,2011-05-01,12,15,2015-10-01,8,1,12,5,6,1,12000,3000
685135,2017-10-15T12:12:36Z,80705,1996-03-23,2,2012-05-15,4,0,,1,2008-06-01,2008-06-01,18,22,2016-03-01,8,1,13,6,,3,7200,4700
685532,2017-10-15T16:15:19Z,80783,1993-08-23,2,2009-12-11,4,0,,4,1993-08-01,1993-08-01,2,3,2012-01-01,6,1,13,3,11,2,9000,5000
685297,2017-10-15T13:41:37Z,80717,1994-03-04,2,2010-04-14,4,0,,5,1994-03-01,1994-03-01,14,17,2016-12-01,1,1,11,2,6,2,5000,2000
684770,2017-10-15T08:18:21Z,79240,1972-05-12,1,2000-01-04,2,1,23,5,1991-06-01,1991-06-01,2,3,2009-07-01,20,3,11,6,9,1,15000,3000
684556,2017-10-15T01:37:54Z,80588,1997-04-21,2,2013-05-16,4,0,,5,2004-10-01,2004-10-01,9,11,2016-09-01,1,1,11,5,10,2,9500,5000
684964,2017-10-15T10:32:32Z,80651,1997-10-02,2,2013-10-30,4,0,,1,1997-10-01,1997-10-01,13,16,,4,4,,,10,1,1500,400
685438,2017-10-15T15:19:25Z,80773,1985-06-17,2,2012-03-22,4,0,,5,2006-07-01,2006-07-01,12,15,2014-05-01,7,1,12,2,10,1,6000,1500
685546,2017-10-15T16:23:35Z,80782,1987-01-10,1,2012-07-14,4,4,11,5,1987-01-01,1987-01-01,6,8,2012-08-01,6,6,12,6,,5,5000,4000
685456,2017-10-15T15:29:50Z,80762,1985-09-01,2,2002-02-24,3,1,2,1,2015-06-01,1985-09-01,9,21,2011-03-01,6,1,7,2,6,1,13000,8000
685795,2017-10-15T19:43:23Z,80838,1992-10-23,2,2008-12-18,1,1,5,4,1998-06-01,1998-06-01,3,4,2016-05-01,8,1,12,3,3,1,5500,3500
684802,2017-10-15T08:46:56Z,54016,1996-05-24,1,2014-06-21,3,1,2,5,2015-09-10,1996-05-10,15,18,2014-06-10,3,3,12,6,4,1,6000,4500
684586,2017-10-15T03:34:23Z,80595,1970-10-01,2,2000-01-10,3,5,16,5,1999-10-01,1999-10-01,3,4,1992-02-01,25,3,6,6,,6,27000,14000
685164,2017-10-15T12:22:26Z,80708,1969-10-13,2,2002-06-22,5,0,,4,1995-08-01,1995-08-01,8,10,2015-04-01,20,3,13,5,5,2,15000,7000
685186,2017-10-15T12:28:29Z,80711,1991-07-13,2,2007-12-06,4,0,,1,2003-02-01,2003-02-01,8,10,2017-10-01,3,1,12,2,4,2,9000,2000
685230,2017-10-15T12:46:06Z,80695,1981-03-22,2,2005-08-03,3,2,3,5,2004-05-01,2004-05-01,8,10,2010-03-01,18,1,3,6,9,1,25000,17000
685129,2017-10-15T12:11:46Z,80550,1996-08-17,1,2016-10-26,3,1,1,5,2002-11-01,2002-11-01,13,16,2016-10-01,3,3,11,6,6,1,6000,2500
685028,2017-10-15T10:59:24Z,73637,1986-08-04,1,2014-10-22,3,1,1,1,1987-03-01,1987-03-01,3,4,2012-01-01,10,1,7,5,4,1,5000,3000
685052,2017-10-15T11:12:57Z,80683,1992-05-08,2,2008-05-24,3,1,1,1,1992-05-01,1992-05-01,4,6,2017-02-01,3,1,10,3,11,1,6000,2000
685019,2017-10-15T10:52:05Z,80672,1987-03-15,2,2003-09-05,4,0,,4,2014-02-01,2014-02-01,8,10,2009-03-01,8,1,2,5,11,1,8000,5000
684960,2017-10-15T10:31:14Z,80658,1994-04-13,1,2010-06-02,4,0,,1,2002-10-01,2002-10-01,3,4,2015-10-01,5,6,12,5,,5,4500,2000
684943,2017-10-15T10:20:30Z,80660,1982-07-11,2,1998-09-23,3,1,6,5,2005-11-01,2005-11-01,18,22,2016-05-01,5,1,12,1,6,1,7000,2500
684652,2017-10-15T06:37:56Z,80542,1973-11-20,1,2006-01-17,2,2,24,5,1991-08-01,1991-08-01,3,4,2013-05-01,13,1,10,2,,5,5500,3000
682083,2017-10-14T23:39:45Z,1125,1991-02-09,2,2007-05-11,4,0,,5,1991-02-10,1991-02-10,13,16,2014-09-10,8,1,11,2,4,2,12000,5000
684565,2017-10-15T01:55:40Z,80593,1998-04-29,2,2014-06-18,4,0,,3,2015-08-01,2015-08-01,1,2,,1,4,,,2,2,5000,4500
684868,2017-10-15T09:27:57Z,80647,1989-10-30,1,2012-10-04,4,0,,5,2013-01-01,2013-01-01,9,11,2015-08-01,7,1,12,4,4,1,15000,7000
684886,2017-10-15T09:42:14Z,80652,1996-11-09,1,2012-12-13,4,0,,1,2017-05-01,2015-03-01,13,16,2017-05-01,4,1,2,3,9,1,9000,7000
684813,2017-10-15T08:52:39Z,80636,1983-09-04,1,2014-12-20,3,1,12,1,1986-07-01,1986-07-01,8,10,2015-01-01,18,1,8,1,6,1,6200,600
684816,2017-10-15T08:54:29Z,79676,1999-07-01,1,2015-08-06,4,0,,5,2005-08-01,2005-08-01,3,4,2017-08-01,4,1,8,3,,6,3500,3500
685843,2017-10-15T20:28:53Z,52086,1995-03-16,2,2011-09-29,4,0,,6,2000-07-01,2000-07-01,18,22,2015-10-01,2,1,12,3,5,1,1000,10
685812,2017-10-15T20:05:54Z,80840,1994-11-09,1,2011-01-12,4,0,,5,2017-04-01,2017-04-01,9,11,2017-07-01,1,6,12,6,,6,4000,3500
681671,2017-10-14T16:09:18Z,12437,1963-01-25,1,1996-03-01,3,4,27,5,2015-07-10,2012-08-10,9,25,2012-11-10,36,1,8,3,7,1,7000,2000
685685,2017-10-15T18:00:40Z,80815,1996-06-24,2,2012-08-17,4,0,,1,2009-02-01,2009-02-01,20,24,2015-06-01,2,3,7,6,11,2,8000,5000
684740,2017-10-15T08:02:34Z,56654,1991-09-13,2,2007-12-07,3,1,1,5,1999-05-01,1999-05-01,13,16,2016-04-01,7,1,1,5,10,2,8000,4000
680448,2017-10-14T00:12:15Z,80318,1984-09-08,2,2002-03-06,3,3,6,3,1990-06-01,1990-06-01,15,18,2016-11-01,8,1,1,5,,6,7000,4000
681321,2017-10-14T13:01:12Z,80453,1979-06-22,2,1996-10-02,3,0,,4,2006-12-01,2006-12-01,19,23,2014-09-01,8,1,2,4,,6,13000,3000
681001,2017-10-14T10:09:33Z,80398,1995-05-20,2,2011-06-22,1,0,,4,2017-07-01,2011-09-01,20,24,2016-05-01,2,1,11,6,,6,4500,2500
677949,2017-10-13T21:14:25Z,74150,1997-09-28,2,2013-12-14,4,0,,1,2010-03-01,2010-03-01,13,16,,4,4,,,10,1,840,300
677604,2017-10-13T16:48:24Z,56219,1999-02-26,2,2015-03-25,4,0,,1,2017-03-10,2017-03-10,19,23,1970-01-01,0,4,,,10,2,700,500
681556,2017-10-14T14:55:21Z,80486,1989-11-03,2,2006-02-23,4,0,,1,2010-05-01,2010-05-01,1,2,2007-08-01,8,1,12,6,4,1,6000,3000
680658,2017-10-14T07:14:05Z,64963,1991-01-03,2,2014-03-11,4,0,,1,1991-01-10,1991-01-10,6,8,1970-01-01,5,5,,,,5,6000,3000
680713,2017-10-14T07:46:25Z,80354,1993-07-01,1,2013-02-12,3,1,3,5,2015-06-01,2015-06-01,10,12,2015-05-01,2,3,8,1,,6,6500,1200
680970,2017-10-14T09:57:16Z,80386,1998-05-21,2,2014-07-14,4,0,,1,2015-09-01,2015-09-01,8,10,,2,4,,,9,2,4200,4200
677418,2017-10-13T14:51:11Z,80186,1980-05-19,1,2012-03-06,3,2,5,1,2006-04-01,2006-04-01,17,21,2016-08-01,21,3,12,6,,6,5100,4700
681303,2017-10-14T12:53:18Z,80444,1979-08-02,2,1995-12-28,4,0,,5,1986-09-01,1986-09-01,18,22,2005-05-01,12,1,11,3,11,1,6000,3000
681105,2017-10-14T11:02:24Z,9316,1961-11-01,1,2000-02-10,2,3,29,5,2003-05-10,2003-05-10,8,10,2004-10-10,35,1,11,6,3,1,8000,5500
681227,2017-10-14T12:15:45Z,80433,1978-06-20,1,1999-03-17,3,1,18,1,2000-07-01,2000-07-01,9,11,2010-05-01,20,1,7,1,4,1,15300,2500
681863,2017-10-14T18:35:06Z,80537,1998-11-15,2,2016-09-01,4,0,,5,2013-05-01,2000-09-01,6,8,2016-09-01,4,1,7,1,,6,6500,4000
680766,2017-10-14T08:14:35Z,80364,1993-11-17,2,2010-02-06,4,0,,1,1993-11-01,1993-11-01,14,17,2013-03-01,5,3,9,6,9,2,5000,4000
680696,2017-10-14T07:38:19Z,80247,1983-04-29,1,2011-09-28,3,2,12,1,2010-09-01,1992-12-01,12,15,2011-10-01,16,1,10,2,3,1,8600,4000
681286,2017-10-14T12:45:02Z,31181,1988-03-04,1,2011-11-08,3,1,5,5,1988-03-10,1988-03-10,3,4,2010-12-10,5,1,6,1,,6,4500,1500
681610,2017-10-14T15:28:44Z,80495,1993-06-20,1,2009-12-03,4,0,,5,1993-08-01,1993-08-01,9,11,2016-05-01,5,1,5,4,9,1,22000,6000
677764,2017-10-13T18:51:00Z,80239,1995-12-20,2,2011-12-29,4,0,,1,2016-09-01,1996-01-01,14,17,2016-09-01,1,1,12,4,,6,6500,5000
681693,2017-10-14T16:22:03Z,80511,1990-03-31,2,2015-05-27,4,0,,1,2011-08-01,2011-08-01,3,4,2014-05-01,3,1,3,4,,6,6000,4000
677977,2017-10-13T21:47:04Z,80296,1987-02-05,2,2004-04-22,1,0,,1,2004-04-01,2004-04-01,21,25,1999-09-01,10,1,6,1,10,2,6550,2500
681838,2017-10-14T18:25:29Z,64880,1974-08-03,1,2011-01-18,3,1,6,1,1993-07-01,1993-07-01,14,17,1994-08-01,23,1,8,5,,6,3500,200
681389,2017-10-14T13:28:16Z,80462,1980-01-17,2,1998-02-19,3,2,12,5,1980-02-01,1980-02-01,8,10,2001-12-01,18,1,6,5,11,1,10500,5000
681244,2017-10-14T12:25:14Z,80427,1990-12-27,1,2008-06-25,1,0,,5,2016-01-01,2016-01-01,21,25,2017-03-01,3,1,12,3,4,1,5500,1200
680773,2017-10-14T08:19:27Z,54997,1992-02-09,2,1992-02-09,4,0,,1,2014-06-01,2014-06-01,22,26,2017-06-01,3,1,2,5,11,1,6786,2500
681622,2017-10-14T15:33:31Z,80171,1995-10-18,1,2015-12-17,4,0,,5,1995-11-01,1995-11-01,14,17,,4,4,,,6,2,7000,7000
681651,2017-10-14T15:57:03Z,80503,1996-10-05,2,2012-10-09,4,0,,5,1996-10-01,1996-10-01,4,6,2015-09-01,2,1,6,2,,5,5500,4500
680455,2017-10-14T00:47:41Z,80320,1996-05-01,2,2012-05-25,4,0,,3,1996-05-01,1996-05-01,3,4,2014-05-01,3,1,6,5,2,2,7000,5000
681764,2017-10-14T17:21:17Z,80521,1991-08-21,2,2007-12-06,4,0,,4,2014-08-01,2014-08-01,18,22,2014-08-01,7,1,1,1,11,1,7200,4500
681525,2017-10-14T14:38:34Z,80479,1996-05-12,2,2012-07-02,4,0,,1,1996-05-01,1996-05-01,10,12,2016-02-01,3,1,12,4,,6,4500,3000
681732,2017-10-14T16:51:07Z,79954,1992-10-27,1,2014-02-14,3,0,,5,2006-11-01,2006-11-01,11,14,2014-08-01,5,1,12,4,4,1,5500,3000
681772,2017-10-14T17:27:31Z,34962,1985-04-15,2,2001-12-08,3,2,4,4,2000-01-01,2000-01-01,7,9,2010-10-01,7,3,13,6,9,1,9000,10
680985,2017-10-14T10:02:33Z,80392,1995-11-17,1,2013-09-20,4,0,,1,2014-07-01,2013-09-01,19,23,2015-10-01,2,1,12,1,6,1,7000,1100
681074,2017-10-14T10:50:43Z,80412,1999-07-18,2,2015-08-04,1,1,2,1,2000-10-01,2000-10-01,16,20,2017-07-01,1,1,3,6,4,2,11000,5000
678000,2017-10-13T22:17:30Z,78180,1996-10-22,2,2012-11-09,4,0,,1,2006-05-01,2006-05-01,12,15,2017-03-01,1,1,11,2,,6,3000,1500
680814,2017-10-14T08:37:37Z,80371,1984-04-01,1,2010-10-05,3,1,13,5,2004-04-01,2004-04-01,8,10,2002-07-01,15,1,2,1,,5,12000,2000
680739,2017-10-14T07:56:29Z,80358,1981-06-07,1,2006-08-12,2,2,7,5,2015-04-01,2015-04-01,21,25,2001-04-01,11,1,2,5,,5,4500,2600
677962,2017-10-13T21:23:10Z,80254,1984-01-14,2,2001-05-17,3,2,13,5,1985-06-01,1985-06-01,23,27,2016-02-01,8,1,3,4,3,2,8000,2000
680744,2017-10-14T07:59:50Z,80359,1994-09-20,1,2012-08-25,4,0,,1,1994-09-01,1994-09-01,16,20,2015-03-01,2,1,8,5,,6,3500,2500
680660,2017-10-14T07:14:58Z,80349,1977-10-21,2,2015-07-11,4,0,,3,1980-09-01,1980-09-01,8,10,2001-05-01,16,3,11,6,2,1,12000,5500
681534,2017-10-14T14:41:29Z,76782,1991-07-01,2,2008-01-18,4,0,,1,2014-07-01,1991-07-01,13,14,2013-11-01,4,1,12,5,11,1,9000,7000
676839,2017-10-13T11:09:26Z,80125,1994-01-28,1,2010-02-19,4,0,,4,2008-09-01,2008-09-01,18,22,2013-01-01,6,1,3,4,10,2,6500,2000
676044,2017-10-13T01:13:42Z,61211,1983-04-21,2,2006-10-30,4,0,,1,1983-04-01,1983-04-01,7,9,,3,5,,,,6,4000,10
673511,2017-10-12T21:02:39Z,79985,1987-06-11,1,2004-03-20,1,1,12,5,2017-04-01,2004-04-01,3,13,2017-05-01,5,1,12,3,,6,12000,7000
676663,2017-10-13T10:08:37Z,80097,1993-08-29,2,2009-12-08,3,0,,1,2009-12-01,2009-12-01,3,4,2017-04-01,1,6,4,3,,6,5000,2500
677866,2017-10-13T20:23:06Z,80076,1995-01-08,1,2016-04-20,3,1,1,5,2016-04-01,2016-04-01,2,3,2015-10-01,2,1,8,5,,6,5000,2200
676846,2017-10-13T11:11:35Z,62440,1991-02-17,2,2007-12-22,3,1,0,4,2015-04-10,2015-04-10,19,23,2017-07-10,5,1,13,4,,6,2500,2500
676842,2017-10-13T11:10:14Z,70586,1991-08-31,2,2007-12-13,4,0,,5,1991-08-01,1991-08-01,3,4,2013-09-01,5,6,11,6,,6,5000,5000
677584,2017-10-13T16:36:43Z,80220,1979-12-05,1,2000-08-17,2,1,16,1,2016-06-01,1979-12-01,9,8,2010-02-01,15,1,12,5,,6,14000,5000
677269,2017-10-13T14:04:09Z,80184,1994-08-06,1,2016-11-09,3,2,4,4,2015-06-01,2015-06-01,3,4,2015-08-01,3,3,11,6,,5,80000,6000
676103,2017-10-13T03:53:33Z,80023,1981-05-31,2,2014-11-21,1,1,1,5,1988-11-01,1988-11-01,6,8,2013-12-01,15,1,12,6,,6,28000,20000
676505,2017-10-13T08:45:27Z,80070,1988-03-28,2,2004-06-03,4,0,,5,1991-04-01,1991-04-01,7,9,2012-03-01,8,1,6,4,5,1,12000,3000
677196,2017-10-13T13:34:23Z,80167,1985-11-23,2,2002-09-26,3,1,2,5,1992-09-01,1992-09-01,23,27,2010-11-01,10,3,12,6,9,2,7000,2500
677489,2017-10-13T15:32:32Z,11457,1979-01-15,2,1997-07-10,2,1,4,5,1986-04-01,1986-04-01,12,15,2017-03-01,13,1,12,3,,6,6000,1350
676753,2017-10-13T10:37:47Z,80110,1983-03-25,1,2000-06-26,4,0,,3,1983-03-01,1983-03-01,5,7,2015-08-01,15,1,12,6,6,1,50000,15000
676329,2017-10-13T07:26:35Z,71493,1992-10-21,1,2013-10-16,3,2,3,5,2014-04-01,2014-04-01,6,8,2015-08-01,9,3,12,6,,6,5000,1500
677504,2017-10-13T15:35:51Z,80209,1989-11-16,1,2015-09-22,3,1,1,1,2006-05-01,2006-05-01,12,15,2015-04-01,10,3,9,6,10,1,8000,4500
676072,2017-10-13T02:34:53Z,80019,1983-04-26,2,2005-10-08,2,0,,1,2005-10-01,2005-10-01,6,8,2016-10-01,7,1,6,5,10,1,8000,3000
677839,2017-10-13T19:55:47Z,59094,1988-04-03,2,1988-06-23,4,0,,1,1990-04-01,1990-04-01,8,10,2017-02-01,1,1,12,3,,6,8000,2500
672486,2017-10-12T11:38:44Z,939,1991-03-28,2,2008-01-29,4,0,0,5,1991-03-10,1991-03-10,12,15,2015-05-10,6,1,12,4,4,1,2700,2000
677834,2017-10-13T19:54:01Z,80276,1994-11-04,2,2010-12-27,4,0,,5,2003-11-01,2003-11-01,3,4,2016-10-01,1,3,11,6,11,2,5200,3000
677801,2017-10-13T19:31:30Z,80270,1995-03-10,2,2011-05-11,4,0,,1,2006-01-01,2006-01-01,6,8,2016-01-01,2,1,2,1,6,2,6000,600
676198,2017-10-13T06:19:09Z,79729,1977-09-02,1,1996-11-14,2,1,20,5,2008-02-01,2008-02-01,8,10,2013-03-01,19,1,11,3,4,1,20000,6000
673043,2017-10-12T15:35:57Z,79908,1983-03-25,1,2014-05-20,3,1,10,3,2001-06-01,2001-06-01,9,11,2016-02-01,15,1,12,5,,5,9000,4500
676880,2017-10-13T11:23:39Z,79647,1980-09-03,2,1998-09-16,1,0,,2,2000-10-01,2000-10-01,3,4,1999-10-01,17,1,13,5,,6,8000,6000
676049,2017-10-13T01:17:46Z,80014,1998-10-20,2,2015-02-12,4,0,,5,2015-02-01,2015-02-01,19,23,,0,4,,,,6,15000,5000
677000,2017-10-13T12:05:31Z,69384,1994-11-07,2,2011-03-16,4,0,,1,2017-05-01,2017-05-01,6,8,,2,5,,,,6,6000,10
676321,2017-10-13T07:23:12Z,80045,1963-11-23,1,2004-03-23,5,3,28,5,2003-12-01,2003-12-01,9,11,2004-01-01,30,1,2,2,,6,6000,2000
676625,2017-10-13T09:55:26Z,80096,1981-04-05,2,1997-08-28,4,0,,5,1995-05-01,1995-05-01,8,10,2010-08-01,15,1,6,3,,6,15000,9000
676304,2017-10-13T07:10:36Z,22658,1983-01-23,1,2005-06-21,3,0,,1,2013-05-01,1983-05-01,11,14,2008-09-01,15,1,10,4,6,1,4000,1500
676127,2017-10-13T04:34:44Z,80026,1984-12-27,2,2001-02-06,2,1,6,5,2014-05-01,2014-05-01,18,22,2017-02-01,10,1,12,3,4,1,7000,4500
676018,2017-10-13T00:24:46Z,80008,1973-07-25,2,2002-03-22,4,0,,5,1976-06-01,1976-06-01,8,10,2016-05-01,15,1,7,2,,6,15000,10000
677433,2017-10-13T15:01:26Z,41138,1995-05-07,1,2016-09-24,3,1,1,1,2012-09-10,2012-09-10,8,10,,2,4,,,8,2,5000,5000
673064,2017-10-12T15:43:06Z,37869,1993-09-09,2,2009-12-07,4,0,,1,1999-05-10,1999-05-10,14,17,2014-11-10,5,1,6,5,,6,4000,1000
677275,2017-10-13T14:05:03Z,63324,1986-03-08,2,2011-07-28,4,0,,1,2016-04-10,1996-09-10,13,4,2017-02-10,6,1,6,1,4,1,8000,4200
677009,2017-10-13T12:08:36Z,80145,1981-01-16,1,2008-01-11,3,2,17,1,2004-09-01,2004-09-01,3,4,2000-12-01,17,1,8,5,,6,4000,2000
676500,2017-10-13T08:44:51Z,80054,1993-02-21,1,2009-05-08,4,0,,5,2015-01-01,2015-01-01,7,9,2015-10-01,2,6,10,3,6,1,1850,1000
677178,2017-10-13T13:13:09Z,80168,1979-02-28,1,1996-02-07,3,2,3,1,1979-02-01,1979-02-01,18,22,2012-11-01,10,3,7,6,4,1,3000,1000
673536,2017-10-12T21:33:24Z,79991,1992-02-07,2,2009-01-26,4,0,,3,2010-01-01,2010-01-01,21,25,,5,5,,,,3,4000,4000
677595,2017-10-13T16:42:28Z,80224,1975-07-24,1,1997-02-26,4,0,,1,2007-11-01,2013-05-01,12,15,,0,2,,,,6,3500,2000
669320,2017-10-11T22:58:56Z,79691,1990-10-08,1,2016-09-28,3,0,,1,2014-11-01,2008-12-01,1,16,2015-07-01,2,1,2,2,9,1,4500,2000
671842,2017-10-12T05:14:58Z,79718,1979-02-18,2,1996-12-17,2,1,9,5,1996-12-01,1996-12-01,9,11,2015-07-01,6,1,7,2,11,1,12500,4000
672227,2017-10-12T09:21:17Z,53944,1979-08-16,1,1996-02-16,3,1,9,1,2008-08-01,2008-08-01,8,10,2015-08-01,15,6,12,3,4,2,7000,2000
673311,2017-10-12T18:25:22Z,70165,1985-12-09,1,2017-01-27,3,0,,1,1985-12-01,1985-12-01,6,8,2015-03-01,7,1,2,4,4,2,6000,2000
672450,2017-10-12T11:22:09Z,79818,1998-03-08,1,2014-06-14,1,0,,5,2014-06-01,2014-06-01,3,4,2017-07-01,1,1,5,5,4,2,5500,1400
669327,2017-10-11T23:07:40Z,79689,1997-04-07,2,2013-06-10,4,0,,1,2008-02-01,2008-02-01,3,4,2017-07-01,4,1,6,3,,5,7600,5000
671980,2017-10-12T06:38:04Z,79443,1961-08-23,1,2002-10-03,3,1,32,5,1984-08-01,1984-08-01,9,11,,39,2,,,7,1,4000,1200
669095,2017-10-11T18:39:56Z,9202,1984-01-08,2,2001-11-01,3,1,6,3,2004-08-10,2004-08-10,3,4,2013-08-10,3,6,3,6,,5,2680,1300
672402,2017-10-12T11:04:46Z,79806,1991-01-13,2,2007-01-11,3,0,,5,2001-10-01,2001-10-01,20,24,2013-04-01,6,1,2,5,4,1,9900,3000
671969,2017-10-12T06:33:16Z,53924,1989-08-10,1,2009-12-14,3,2,6,1,1989-08-01,1989-08-01,7,9,2016-04-01,10,3,12,6,,6,6000,3000
673343,2017-10-12T19:01:47Z,79959,1989-07-17,1,2005-07-27,4,0,,5,1991-02-01,1991-02-01,13,16,2017-05-01,10,1,12,3,,6,8700,3900
672507,2017-10-12T11:49:00Z,79826,1988-05-23,1,2005-02-14,1,3,9,5,1995-05-01,1995-05-01,20,24,2015-05-01,5,3,12,6,,6,3500,2000
672085,2017-10-12T08:03:06Z,79756,1982-11-27,1,2007-02-08,2,1,10,1,1982-11-01,1982-11-01,14,17,2012-10-01,5,1,2,4,9,7,7000,2000
672086,2017-10-12T08:03:07Z,79749,1954-04-26,1,2009-05-26,3,2,42,5,2005-10-01,2005-10-01,3,4,2008-05-01,35,1,12,5,4,1,6800,1500
672520,2017-10-12T11:51:48Z,50021,1986-11-06,2,2004-09-28,4,0,,1,2017-04-10,1992-01-10,9,11,2017-01-10,9,1,6,4,11,2,8000,4000
672177,2017-10-12T08:59:25Z,79773,1994-02-03,2,2010-02-12,4,0,,1,1994-02-01,1994-02-01,22,26,2017-01-01,6,3,11,3,4,2,7400,3500
673210,2017-10-12T17:20:11Z,79936,1997-09-22,2,2013-10-15,4,0,,4,1997-09-01,1997-09-01,21,25,2016-05-01,12,1,6,1,7,1,6000,2500
672868,2017-10-12T14:09:57Z,79888,1994-11-13,2,2010-12-07,4,0,,1,2000-07-01,2000-07-01,8,10,2014-02-01,4,1,13,5,10,1,15000,4000
673059,2017-10-12T15:42:14Z,79913,1994-03-11,2,2010-11-16,4,0,,1,2014-07-01,1994-03-01,6,8,2016-12-01,1,1,13,5,11,1,8500,7000
672215,2017-10-12T09:16:11Z,79778,1987-12-01,1,2004-04-07,4,0,,1,2002-09-01,2002-09-01,8,10,2013-10-01,7,1,12,3,4,2,11000,6000
669308,2017-10-11T22:10:50Z,79682,1975-02-08,2,1997-02-26,3,0,,5,2007-05-01,2007-05-01,7,9,2013-03-01,20,1,13,6,,6,8000,4000
673142,2017-10-12T16:39:20Z,71439,1998-12-25,1,1998-01-28,4,0,,1,2017-07-01,2002-12-01,4,2,2016-07-01,2,3,8,6,,6,10000,2000
673303,2017-10-12T18:21:28Z,79952,1990-10-24,1,2016-11-11,2,1,3,1,2007-06-01,2007-06-01,9,11,2014-06-01,3,1,2,5,9,1,13000,4000
671968,2017-10-12T06:31:57Z,79728,1981-08-18,1,2011-11-16,3,1,5,5,1994-06-01,1994-06-01,3,4,2013-09-01,8,1,7,4,,5,5000,4000
673414,2017-10-12T19:45:58Z,79964,1993-07-23,1,2009-09-29,4,0,,4,2015-02-01,1993-07-01,21,25,2017-02-01,4,1,11,3,4,1,6000,3000
672565,2017-10-12T12:12:46Z,79791,1967-06-07,1,2001-11-30,3,1,29,5,2007-04-01,2007-04-01,18,22,2005-08-01,21,3,12,6,,6,8000,4000
672930,2017-10-12T14:38:59Z,79872,1990-10-05,1,2007-01-30,1,0,,5,1990-10-01,1990-10-01,23,27,2017-03-01,8,1,5,5,4,1,7500,1000
672797,2017-10-12T13:40:52Z,79869,1986-04-28,2,2003-11-27,3,1,10,5,2004-04-01,2004-04-01,9,11,2013-09-01,4,1,6,5,,6,9000,5500
672785,2017-10-12T13:36:04Z,79866,1997-03-01,2,2013-06-25,4,0,,1,2005-10-01,2005-10-01,9,11,2017-09-01,0,3,11,5,6,2,9000,3000
672192,2017-10-12T09:02:11Z,79771,1990-04-21,2,2008-05-22,4,0,,5,2001-03-01,2001-03-01,1,2,2015-08-01,8,1,2,2,10,1,6000,2500
672617,2017-10-12T12:28:53Z,79838,1994-12-28,1,2014-12-25,3,1,3,1,2006-07-01,2006-07-01,16,20,2014-08-01,3,3,4,6,,6,2500,500
673158,2017-10-12T16:43:20Z,77024,1988-06-16,2,2005-01-01,4,0,,5,2005-01-01,2005-01-01,13,16,2017-09-01,10,6,12,3,,6,8000,8000
673368,2017-10-12T19:11:17Z,79963,1990-08-14,2,2006-09-22,4,0,,5,1990-08-01,1990-08-01,3,4,2016-04-01,6,1,3,4,4,2,9700,7000
673409,2017-10-12T19:45:02Z,79942,1998-09-29,2,2015-01-16,4,0,,5,1998-10-01,1998-10-01,11,14,2017-01-01,1,3,7,6,11,2,4000,1500
672095,2017-10-12T08:06:54Z,79752,1992-11-01,2,2016-09-08,4,0,,1,1999-03-01,1999-03-01,11,14,2017-06-01,5,1,12,3,4,2,6000,3000
668052,2017-10-11T09:57:16Z,79495,1992-08-01,2,2009-02-06,4,0,,1,1992-08-01,1992-08-01,13,16,2016-02-01,8,1,3,5,,5,13000,2500
672427,2017-10-12T11:11:57Z,71661,1981-09-28,2,1998-07-14,1,2,3,5,2011-10-01,2004-09-01,6,4,2001-10-01,16,3,3,6,,6,8000,5000
672878,2017-10-12T14:13:20Z,75043,1990-02-17,2,2014-05-08,3,0,,4,2015-03-01,2014-04-01,9,18,,9,5,,,4,1,20000,5000
668448,2017-10-11T13:26:34Z,78859,1984-07-12,2,2000-08-30,3,1,2,1,2016-03-01,2003-08-01,3,19,2011-09-01,8,1,12,5,11,1,18000,10000
668804,2017-10-11T16:08:18Z,79453,1983-04-09,1,2006-01-13,1,1,11,1,1983-04-01,1983-04-01,3,4,2017-03-01,15,1,10,5,,6,7500,1300
667513,2017-10-11T05:36:21Z,79422,1980-04-12,2,2017-05-24,3,2,7,5,2009-06-01,2009-06-01,3,4,2004-06-01,15,1,6,4,11,1,15000,3000
668810,2017-10-11T16:10:01Z,79614,1983-10-09,2,1999-11-25,2,1,10,4,2006-08-01,2006-08-01,7,9,2009-02-01,8,1,8,1,7,1,8600,8600
669178,2017-10-11T19:35:51Z,79667,1985-08-31,2,2003-08-13,3,3,12,1,1997-04-01,1997-04-01,9,11,2016-08-01,12,1,11,3,,6,9000,3000
668040,2017-10-11T09:55:21Z,79492,1988-06-08,2,2013-08-14,3,1,3,5,1992-05-01,1992-05-01,18,22,2016-05-01,10,1,3,2,10,2,10000,7000
668662,2017-10-11T15:09:33Z,33735,1990-12-10,1,2007-07-04,4,1,8,1,1999-09-01,1999-09-01,5,7,2009-10-01,8,3,6,6,,6,8000,10
668786,2017-10-11T16:03:08Z,79526,1984-08-13,1,2009-12-23,3,1,2,1,1984-08-01,1984-08-01,17,21,2008-02-01,10,1,4,4,8,1,4000,2000
668320,2017-10-11T12:21:55Z,79535,1989-02-28,2,2005-12-02,4,0,,1,1989-02-01,1989-02-01,17,21,2007-08-01,10,1,13,1,,6,4700,2750
667850,2017-10-11T08:39:07Z,20980,1989-05-08,2,2015-09-10,4,0,,5,2005-05-10,2007-06-10,12,15,2016-10-10,6,1,11,3,,6,4500,1800
668260,2017-10-11T11:55:54Z,54519,1987-08-30,2,2003-12-02,2,1,3,1,2017-08-01,2017-08-01,9,11,2015-11-01,11,1,13,5,10,1,14000,2000
667677,2017-10-11T07:31:40Z,69970,1999-04-06,2,2015-04-04,4,0,,1,1999-04-01,1999-04-01,10,12,,4,4,,,2,2,3500,1000
668792,2017-10-11T16:04:12Z,79616,1996-12-03,1,1996-12-28,4,0,,1,2014-08-01,2014-08-01,8,10,2015-09-01,2,6,10,3,6,2,6000,1500
668169,2017-10-11T11:08:38Z,79521,1990-06-05,1,2016-12-20,3,1,9,1,2016-01-01,2016-01-01,19,23,2016-01-01,4,6,12,6,4,1,5000,2000
668926,2017-10-11T17:07:23Z,79274,1981-05-06,2,1999-06-23,4,0,,3,1991-03-01,1991-03-01,8,10,2015-05-01,13,1,12,2,10,1,10000,2500
668361,2017-10-11T12:36:45Z,79552,1985-01-03,2,2002-03-28,3,1,4,1,1985-01-01,1985-01-01,20,24,2006-04-01,11,1,8,1,,6,7000,2000
668884,2017-10-11T16:41:26Z,79571,1991-04-24,2,2008-03-12,4,0,,5,1993-07-01,1993-07-01,8,10,2017-05-01,8,1,3,4,11,2,13000,8000
668019,2017-10-11T09:52:15Z,79491,1994-06-14,2,2010-07-06,4,0,,1,1994-06-01,1994-06-01,18,22,2015-12-01,2,1,1,5,,5,7500,4000
664943,2017-10-10T20:40:26Z,71419,1988-12-12,1,2005-03-10,4,0,,1,2012-09-01,2012-09-01,3,4,2009-04-01,9,1,8,5,,5,4500,1000
667433,2017-10-11T03:07:14Z,79416,1996-05-25,2,2012-06-12,3,1,1,4,1996-05-01,1996-05-01,8,10,2017-01-01,0,6,13,3,11,1,12000,4500
668450,2017-10-11T13:27:10Z,77828,1987-06-06,2,2005-07-14,4,0,,1,1997-05-01,1997-05-01,20,24,2006-11-01,8,1,11,4,,6,7000,5000
668900,2017-10-11T16:51:01Z,79626,1986-03-04,2,2002-03-27,3,1,5,1,2011-11-01,2011-11-01,23,27,2007-04-01,14,6,6,1,,6,6500,3500
668579,2017-10-11T14:28:28Z,79592,1987-08-25,2,2005-05-17,4,0,,1,2017-08-01,2010-05-01,9,25,2017-08-01,11,1,12,4,,5,8000,2000
668216,2017-10-11T11:34:57Z,79532,1995-09-08,2,2011-10-25,4,0,,5,1995-10-01,1995-10-01,7,9,2016-04-01,2,1,10,3,11,1,5000,3500
664650,2017-10-10T16:49:46Z,59986,1989-06-08,2,2006-03-16,4,0,,5,2009-07-10,2009-07-10,3,4,2011-02-10,6,1,11,5,4,1,4860,2000
667945,2017-10-11T09:21:31Z,79480,1993-07-21,2,2009-10-03,4,0,,5,2009-10-01,2009-10-01,6,8,2014-05-01,4,3,13,6,,6,7000,4000
669085,2017-10-11T18:38:22Z,79657,1989-08-01,1,2014-10-14,3,0,,5,2015-06-01,2014-06-01,9,27,2016-07-01,6,1,7,4,6,1,16000,16000
668398,2017-10-11T13:01:20Z,35819,1990-07-21,2,2009-05-26,3,1,2,5,1990-07-10,1990-07-10,1,2,2014-05-10,5,1,6,6,4,1,6000,2000
664955,2017-10-10T21:05:02Z,79388,1985-01-05,2,2008-08-27,4,0,,5,1985-01-01,1985-01-01,6,8,2017-06-01,12,1,6,4,,6,7000,7000
668966,2017-10-11T17:47:12Z,79643,1992-06-17,2,2008-10-23,3,0,,1,1992-10-01,1992-10-01,18,22,2016-06-01,5,1,12,2,11,1,5500,1600
667787,2017-10-11T08:07:34Z,79456,1991-04-11,2,2007-11-02,4,0,,1,2008-06-01,2008-06-01,14,17,2016-10-01,5,1,6,5,,6,7000,3000
667746,2017-10-11T07:51:59Z,79447,1986-07-16,2,2012-10-19,4,0,,5,2002-08-01,2002-08-01,3,4,2017-07-01,5,1,6,3,11,1,8000,3000
668233,2017-10-11T11:41:00Z,79523,1995-06-27,2,2011-08-05,4,0,,1,2013-09-01,2013-09-01,8,10,2016-10-01,3,1,6,2,11,1,13000,8000
667742,2017-10-11T07:51:22Z,35116,1988-02-07,2,2004-08-05,4,0,,4,2015-08-10,2004-12-10,18,5,2017-05-01,10,1,12,4,4,1,12000,3000
667839,2017-10-11T08:34:44Z,79469,1994-06-27,2,2010-11-10,4,0,,5,1998-01-01,1998-01-01,16,20,2016-06-01,3,1,2,1,9,1,15000,5000
668230,2017-10-11T11:40:00Z,79533,1974-08-30,1,1998-09-22,2,1,21,5,2006-09-01,2006-09-01,9,11,2011-08-01,6,1,6,3,4,7,35000,20000
668092,2017-10-11T10:19:58Z,4347,1988-03-20,1,2007-09-07,3,2,8,5,2011-03-10,2011-03-10,6,8,2016-08-10,4,1,12,3,,5,3500,3000
664139,2017-10-10T12:11:46Z,79243,1992-08-25,1,2008-09-04,4,0,,5,2003-01-01,2003-01-01,8,10,2016-09-01,8,1,5,5,9,7,2000,4000
664092,2017-10-10T11:41:44Z,79253,1987-07-22,1,2011-08-12,1,1,6,5,2004-07-01,2004-07-01,11,14,2012-05-01,10,3,12,6,3,1,7000,3000
663895,2017-10-10T10:22:24Z,77952,1985-09-07,1,2007-05-15,3,2,10,5,1985-09-01,1985-09-01,15,18,2011-01-01,14,3,11,6,4,1,10000,3000
664333,2017-10-10T13:37:32Z,79252,1998-01-13,1,2014-07-08,4,0,,1,2007-04-01,2007-04-01,9,11,2017-09-01,1,1,7,4,4,2,3500,1500
664075,2017-10-10T11:34:47Z,53977,1989-10-18,2,2007-12-07,1,0,,1,2015-11-10,1989-10-10,3,4,2017-06-10,7,6,12,3,,6,5000,2000
655965,2017-10-08T12:05:58Z,52889,1984-07-13,2,2016-04-20,3,2,8,5,1984-07-01,1984-07-01,8,10,2014-11-01,10,6,13,3,,6,5000,2500
660889,2017-10-09T21:10:20Z,79114,1990-08-18,1,2007-03-19,4,0,,1,2016-03-01,2010-03-01,12,15,2017-09-01,9,3,12,6,,6,5500,1000
664126,2017-10-10T12:02:46Z,79262,1980-10-01,2,1996-10-29,4,0,,5,1992-04-01,1992-04-01,3,4,2008-03-01,9,1,6,5,,6,9600,3400
664899,2017-10-10T19:45:47Z,79371,1993-08-06,2,2010-01-05,4,0,,1,1993-08-01,1993-08-01,10,12,,3,5,,,11,1,1232,700
660917,2017-10-09T21:23:24Z,79081,1974-07-15,1,2000-05-31,2,1,20,5,1990-03-01,1990-03-01,3,4,2012-03-01,22,1,12,3,10,1,8000,1500
664510,2017-10-10T15:07:33Z,79313,1988-11-22,1,2011-05-12,3,2,6,1,1988-11-01,1988-11-01,8,10,2016-11-01,5,1,2,5,,6,4000,2000
664916,2017-10-10T20:04:00Z,79374,1996-08-03,1,2013-10-08,1,0,,1,2006-09-01,2004-09-01,8,12,2017-02-01,2,6,9,5,4,2,6200,3500
664468,2017-10-10T14:48:07Z,77712,1978-12-24,2,2003-04-09,3,1,3,5,2013-04-01,2013-04-01,23,27,2013-02-01,4,1,6,5,,6,6500,3000
664000,2017-10-10T11:04:59Z,79239,1993-11-30,1,2009-12-22,4,0,,1,2017-05-01,2017-05-01,3,4,2016-03-01,5,1,5,5,4,1,10500,1200
664661,2017-10-10T16:57:11Z,79338,1996-01-23,2,2012-05-14,4,0,,5,2016-01-01,2012-05-01,15,18,2016-05-01,5,1,12,4,2,2,5000,2000
664283,2017-10-10T13:06:51Z,79287,1998-10-06,2,2014-12-24,4,0,,1,2004-04-01,1998-10-01,3,4,,4,4,,,,6,1800,4000
664369,2017-10-10T13:54:44Z,79297,1983-04-30,2,1999-08-04,4,0,,1,2003-11-01,2003-11-01,20,24,2007-08-01,12,1,7,4,11,1,7500,5000
663993,2017-10-10T10:58:18Z,79226,1985-02-28,2,2005-11-08,4,2,11,5,2017-04-01,2017-04-01,1,2,2015-05-01,12,1,1,5,,6,7500,4500
664347,2017-10-10T13:42:40Z,78542,1988-09-02,1,2008-09-02,3,1,10,1,1995-06-01,1995-06-01,23,27,,10,5,,,4,1,4200,4000
663922,2017-10-10T10:27:56Z,79219,1991-01-07,1,2007-03-14,4,0,,1,1991-01-01,1991-01-01,3,4,2016-07-01,4,1,7,5,4,7,10000,7000
664164,2017-10-10T12:23:58Z,79267,1979-06-23,2,1999-05-14,4,0,,1,1989-12-01,1989-12-01,8,10,2012-09-01,11,1,6,2,4,2,2700,2700
663373,2017-10-10T00:51:12Z,79137,1993-08-03,2,2009-09-29,1,0,,1,1996-07-01,1996-07-01,3,4,2013-12-01,5,1,2,5,,6,6900,5000
660976,2017-10-09T23:02:40Z,15286,1995-01-11,1,2016-03-03,3,0,,1,2012-07-01,2012-07-01,16,20,2016-07-01,1,6,6,6,,6,4000,1000
663532,2017-10-10T06:47:16Z,78083,1992-05-31,2,2008-11-04,4,0,,1,2000-06-01,2017-08-01,18,22,2017-08-01,5,3,13,5,9,1,15000,8000
663871,2017-10-10T10:02:37Z,71643,1995-12-09,2,2011-12-24,4,0,,1,2011-12-01,2011-12-01,20,24,2016-07-01,2,1,11,3,11,2,3200,1300
663603,2017-10-10T07:26:08Z,79167,1983-05-18,1,2006-09-26,4,1,6,5,2014-11-01,2014-11-01,1,2,2014-01-01,10,1,10,1,4,1,7000,3000
660292,2017-10-09T14:49:19Z,78485,1988-12-20,1,2010-10-02,3,1,3,5,2009-11-01,2005-01-01,8,10,2011-02-01,7,1,10,1,4,1,3500,5000
664730,2017-10-10T17:54:41Z,79352,1997-11-23,2,2014-01-23,4,0,,5,1998-12-01,1998-12-01,8,10,2016-09-01,2,1,11,6,,6,15000,10000
660657,2017-10-09T17:57:25Z,79073,1982-12-23,1,2006-11-28,3,1,7,5,2016-05-01,2007-06-01,9,20,2016-03-01,12,1,5,4,11,1,8500,5000
660703,2017-10-09T18:30:10Z,79077,1983-05-04,2,1999-08-08,1,0,,5,1987-08-01,1987-08-01,8,10,2012-08-01,17,1,7,5,11,2,5200,1800
655328,2017-10-08T04:46:58Z,78578,1989-10-28,2,2010-04-10,4,0,,5,1991-11-01,1991-11-01,2,3,2017-03-01,7,1,11,6,4,1,6000,2000
660218,2017-10-09T14:17:32Z,79013,1994-10-07,1,2015-08-14,3,1,3,5,1994-10-01,1994-10-01,8,10,2017-06-01,5,3,6,6,,6,8000,3000
660429,2017-10-09T16:00:30Z,79045,1995-01-04,2,2011-06-21,4,0,,4,2006-07-01,2006-07-01,8,10,2014-07-01,4,3,7,6,11,1,17000,1400
659177,2017-10-09T05:42:20Z,78852,1989-12-02,1,2015-08-05,3,3,8,5,2016-02-01,2016-02-01,18,22,2017-02-01,3,1,12,6,8,2,6250,45
659714,2017-10-09T10:32:01Z,78890,1972-07-07,1,1998-11-13,3,2,27,3,2005-01-01,2005-01-01,19,23,2012-05-01,10,3,12,2,3,1,15000,4000
660301,2017-10-09T14:55:37Z,79034,1956-11-07,2,2001-08-07,4,0,,1,2001-09-01,2001-09-01,3,4,,31,2,,,2,1,5000,1500
660021,2017-10-09T12:37:45Z,78981,1993-07-23,2,2009-07-29,4,0,,1,2010-11-01,2010-11-01,8,10,2015-08-01,2,3,7,6,10,1,18000,8000
656758,2017-10-08T23:52:38Z,78828,1994-05-20,2,2014-01-16,3,0,,5,2008-12-01,2008-12-01,11,14,2016-02-01,5,1,2,1,,6,9000,3000
660761,2017-10-09T19:16:35Z,79085,1989-07-21,2,2006-01-05,1,1,5,1,1989-07-01,1989-07-01,13,16,2010-02-01,10,3,3,6,,5,7000,7000
660280,2017-10-09T14:43:48Z,79016,1988-08-19,2,2005-01-17,4,0,,1,2003-06-01,2003-06-01,3,4,2009-02-01,8,1,2,5,11,2,6000,2500
656740,2017-10-08T23:07:22Z,51596,1995-11-22,1,2011-11-29,4,0,,1,2012-08-10,2012-08-10,11,14,2017-07-01,1,1,6,2,11,1,5000,2500
660519,2017-10-09T16:42:38Z,24669,1982-05-22,2,1999-03-31,4,0,,5,2004-09-10,1982-05-10,16,20,2012-04-10,10,1,12,3,4,2,5000,1000
655325,2017-10-08T04:28:20Z,77744,1988-12-24,2,2005-03-24,1,0,,5,1990-12-01,1990-12-01,3,4,2017-01-01,5,1,3,3,11,1,5000,3000
660844,2017-10-09T20:35:15Z,79108,1999-03-21,2,2015-04-21,4,0,,1,2015-04-01,2015-04-01,15,18,2016-04-01,1,1,6,6,,6,3800,2000
660202,2017-10-09T14:12:46Z,66728,1999-05-30,2,2015-09-23,4,0,,5,1999-05-10,1999-05-10,10,12,2016-01-10,1,3,12,6,,5,5500,2500
659134,2017-10-09T03:52:47Z,78843,1997-03-02,1,2013-04-02,4,0,,1,2015-04-01,2015-04-01,18,22,2017-06-01,1,1,12,2,6,1,7000,3000
659621,2017-10-09T09:51:23Z,78927,1995-06-20,2,2011-08-23,4,0,,1,1995-06-01,1995-06-01,19,23,,5,4,,,5,1,4000,2000
655643,2017-10-08T08:55:06Z,58923,1990-01-10,2,2006-11-29,4,0,,4,2008-06-10,2008-06-10,8,10,2017-03-01,9,1,12,6,,6,5400,4000
659453,2017-10-09T08:57:47Z,18080,1994-05-01,2,2010-11-05,4,0,,1,2011-09-10,1994-05-10,8,11,2016-12-10,2,6,13,5,4,1,7500,4000
656689,2017-10-08T21:11:07Z,43867,1993-07-26,2,2009-09-15,4,0,,1,2012-08-01,2012-08-01,3,4,2015-10-10,7,1,2,5,,6,8999,9000
656457,2017-10-08T17:00:16Z,78772,1987-10-30,2,2005-08-05,3,1,2,5,2008-10-01,2008-10-01,3,4,2015-01-01,12,1,6,2,11,1,7000,5000
660532,2017-10-09T16:47:54Z,35036,1990-10-15,1,2007-06-26,4,0,,1,1990-10-10,2006-09-10,23,27,2009-04-01,8,1,12,2,9,1,3350,500
659351,2017-10-09T08:17:59Z,78894,1990-02-16,1,2010-12-16,3,1,6,1,2011-01-01,2010-12-01,9,11,2017-03-01,2,3,12,6,4,1,8000,4000
656746,2017-10-08T23:13:41Z,78827,1993-05-02,2,2009-09-09,3,1,3,5,1993-05-01,1993-05-01,3,4,2016-02-01,3,1,3,3,,5,5000,3300
656316,2017-10-08T14:50:00Z,64902,1978-05-03,1,2015-09-12,3,1,0,5,2015-08-10,1997-07-10,18,12,2004-09-10,13,1,4,5,10,1,12000,5000
659516,2017-10-09T09:20:14Z,70068,1994-02-21,1,2011-02-23,4,0,,5,1994-02-01,1994-02-01,22,26,2010-09-01,7,1,12,6,,6,7500,2500
659276,2017-10-09T07:26:00Z,61296,1992-10-15,1,2009-02-20,4,1,3,1,1993-11-10,1993-11-10,19,23,1970-01-01,3,5,,,,6,3200,2000
660592,2017-10-09T17:11:45Z,78940,1985-02-19,2,2003-09-05,3,1,1,5,2017-05-01,2017-05-01,1,2,2016-12-01,13,1,12,4,,5,12000,3500
660114,2017-10-09T13:41:26Z,46614,1989-09-23,1,2013-12-12,3,2,0,5,2012-03-10,2012-03-10,15,18,2010-09-10,9,1,12,6,8,1,12000,2000
659668,2017-10-09T10:08:52Z,78913,1973-07-09,1,2010-03-23,2,1,24,5,2010-03-01,2010-03-01,9,11,2009-08-01,24,1,10,4,6,1,5500,1000
660789,2017-10-09T19:49:00Z,79098,1989-03-18,2,2005-04-28,1,1,6,5,2010-12-01,2010-12-01,6,8,2016-03-01,10,1,12,6,4,1,20000,20000
660522,2017-10-09T16:45:19Z,79056,1985-05-27,2,2015-06-09,4,0,,5,2015-06-01,2015-06-01,23,27,2017-01-01,5,1,12,6,,6,10000,4000
659198,2017-10-09T06:22:25Z,78856,1978-06-29,1,2008-09-22,3,2,7,1,2008-09-01,2008-09-01,9,11,2017-02-01,17,3,12,6,4,1,3500,3000
660675,2017-10-09T18:09:15Z,71622,1997-11-23,2,2013-12-19,4,0,,1,2016-09-01,2001-11-01,8,20,2016-09-01,1,1,3,1,,6,7000,2000
660074,2017-10-09T13:15:23Z,47469,1995-07-16,1,2015-06-19,3,1,2,1,2015-04-10,1995-07-10,3,4,2016-05-10,1,1,12,5,,6,10000,4000
660161,2017-10-09T13:55:34Z,79010,1989-01-25,2,2011-08-09,4,1,2,4,2005-10-01,2005-10-01,18,22,2016-08-01,7,1,12,2,5,1,10000,2500
659969,2017-10-09T12:12:56Z,78968,1991-03-16,2,2007-06-19,4,0,,3,1992-03-01,1992-03-01,13,16,2016-03-01,5,1,3,3,3,1,20000,5000
659807,2017-10-09T11:05:07Z,78952,1993-06-10,2,2009-06-24,4,0,,5,1993-06-01,1993-06-01,10,12,2011-11-01,0,3,7,6,,6,23000,5000
659140,2017-10-09T03:55:27Z,78846,1989-03-28,2,2005-10-13,3,1,9,5,2007-02-01,2007-02-01,11,14,2003-11-01,14,6,12,1,7,1,15000,10000
660009,2017-10-09T12:34:48Z,77917,1994-03-08,2,2010-05-27,4,0,,1,1994-03-01,1994-03-01,1,2,2014-05-01,3,3,3,6,,6,5500,1500
659271,2017-10-09T07:23:46Z,69024,1958-10-07,1,1998-10-21,3,0,,5,2000-10-10,2000-10-10,11,14,1970-01-01,35,2,,,,6,5300,1000
656722,2017-10-08T22:10:10Z,78817,1989-07-07,2,2005-11-24,4,0,,5,1989-07-01,1989-07-01,23,27,2009-06-01,8,1,6,5,6,2,6500,2500
660826,2017-10-09T20:09:06Z,79105,1991-02-09,1,2016-02-19,3,1,2,5,1991-02-01,1991-02-01,18,22,,3,5,,,6,1,5000,4500
659617,2017-10-09T09:47:58Z,78873,1988-03-09,2,2005-03-03,4,0,,1,2000-08-01,2005-03-01,9,11,2017-07-01,8,1,3,6,4,2,10000,3000
659285,2017-10-09T07:31:24Z,77760,1995-08-23,2,2011-10-17,3,1,3,1,1995-09-01,1995-09-01,13,16,2017-06-01,5,1,12,4,,6,12000,9000
656444,2017-10-08T16:49:03Z,78770,1982-04-21,1,2001-05-19,3,2,6,5,1982-04-01,1982-04-01,21,25,2013-11-01,15,1,6,6,6,1,7000,5000
652181,2017-10-07T12:26:30Z,73595,1974-09-18,2,1999-04-27,1,1,14,5,2005-10-01,2005-10-01,19,23,2002-03-01,25,3,13,6,11,2,15000,7000
652596,2017-10-07T16:04:45Z,78487,1968-03-12,1,2009-09-04,5,1,19,5,2014-06-01,2014-06-01,5,7,2015-03-01,19,1,6,4,4,2,12000,3000
655557,2017-10-08T08:17:03Z,74520,1988-03-20,2,2012-09-14,4,1,11,1,2016-10-01,2016-04-01,14,17,2016-04-01,9,1,3,6,,5,12000,3000
655285,2017-10-08T02:37:16Z,78568,1992-10-14,2,2008-11-27,4,0,,1,2016-06-01,2016-06-01,10,12,2016-06-01,3,1,2,2,10,1,7000,1500
655568,2017-10-08T08:21:34Z,69311,1995-08-09,2,2014-12-09,4,0,,1,2012-08-01,2012-08-01,13,16,2015-06-01,2,1,2,4,9,1,10000,7000
656337,2017-10-08T15:09:46Z,78750,1991-02-14,2,2007-11-05,4,0,,1,2014-07-01,2010-03-01,8,4,2014-08-01,5,3,7,6,11,1,15000,10000
656013,2017-10-08T12:29:51Z,78691,1997-07-31,2,2013-08-29,4,0,,4,2014-01-01,2014-01-01,13,16,2015-03-01,2,1,3,4,2,1,9500,4500
652873,2017-10-07T21:44:49Z,10113,1965-07-28,1,2002-01-22,1,2,30,5,1996-06-10,1996-06-10,9,11,2001-10-10,30,1,10,3,,6,4800,1000
655856,2017-10-08T10:59:11Z,78672,1986-11-23,2,2004-02-18,4,0,,5,2016-05-01,1987-01-01,9,15,2015-10-01,2,1,6,4,,6,9000,2000
656276,2017-10-08T14:28:15Z,78740,1994-03-25,2,2010-06-10,4,0,,1,2000-12-01,2000-12-01,21,25,2017-05-01,1,1,3,2,10,1,2500,700
656529,2017-10-08T18:23:46Z,78788,1991-08-21,1,2009-02-19,4,0,,1,2016-08-01,2004-10-01,6,8,2012-04-01,5,6,12,6,,6,5300,3200
655872,2017-10-08T11:04:32Z,15688,1982-07-14,1,2011-12-28,4,0,,5,1984-11-10,1984-11-10,3,4,2008-04-10,11,1,6,1,6,1,4800,2000
656542,2017-10-08T18:34:14Z,78794,1989-08-11,1,2005-10-28,4,0,,1,2015-05-01,2010-10-01,11,18,2015-02-01,2,1,11,5,6,1,8500,5000
656519,2017-10-08T18:18:39Z,78786,1997-04-28,2,2013-07-03,4,0,,4,2004-01-01,2004-01-01,23,27,2015-09-01,2,1,12,5,,6,4200,3500
652889,2017-10-07T22:11:17Z,78547,1997-01-27,2,2013-04-11,4,0,,1,2017-03-01,2017-03-01,6,8,,5,4,,,,6,4000,2500
655580,2017-10-08T08:25:48Z,78625,1988-05-27,2,2004-07-27,3,0,,4,2007-10-01,2007-10-01,12,15,2016-10-01,12,1,11,2,,6,8000,5000
652902,2017-10-07T22:40:35Z,78549,1984-12-02,2,2015-12-30,4,0,,5,1984-12-01,1984-12-01,10,12,2012-09-01,12,3,3,6,11,2,7000,3000
655982,2017-10-08T12:13:53Z,78687,1989-09-27,1,2013-01-01,3,1,4,1,2011-07-01,1989-09-01,18,22,2017-06-01,6,6,6,2,,6,5000,2000
655623,2017-10-08T08:41:32Z,78633,1991-12-04,2,2008-07-24,4,0,,5,1993-12-01,1993-12-01,21,25,2011-11-01,6,1,13,1,,6,8000,2000
656066,2017-10-08T12:55:29Z,78707,1987-06-18,2,2003-10-30,4,0,,5,2003-10-01,2003-10-01,10,12,2013-11-01,10,1,6,5,,6,8000,2700
656202,2017-10-08T13:57:16Z,78726,1999-03-01,2,2015-03-12,3,0,,5,2003-01-01,2003-01-01,6,8,2017-01-01,2,1,12,6,,6,6000,3000
651363,2017-10-07T03:58:06Z,78303,1979-01-02,2,1998-09-18,3,1,3,4,2012-09-01,2012-09-01,10,12,2015-11-01,15,1,6,1,10,1,8000,3000
656433,2017-10-08T16:38:50Z,69479,1974-12-19,1,2000-03-28,3,3,7,1,2012-08-01,1974-12-01,4,4,2006-10-01,16,1,7,3,5,1,9500,5000
655592,2017-10-08T08:31:08Z,49734,1976-10-08,1,1999-10-27,4,1,0,5,1998-04-10,1998-04-10,15,18,1970-01-01,0,5,,,,5,3700,1500
656046,2017-10-08T12:49:48Z,77042,1989-09-09,1,2014-06-11,3,2,9,5,2008-05-01,2008-05-01,6,8,2010-06-01,9,1,5,6,,6,7700,6000
656435,2017-10-08T16:42:31Z,78766,1993-07-25,1,2011-04-07,3,1,6,5,1993-07-01,1993-07-01,19,23,2016-09-01,4,1,6,5,11,1,4000,1500
652855,2017-10-07T21:12:35Z,78530,1992-08-05,1,2008-08-13,4,0,,1,2013-04-01,1992-08-01,3,4,2015-08-01,7,1,5,4,,6,8000,1500
655679,2017-10-08T09:13:19Z,78641,1991-09-07,1,2016-12-14,1,2,8,1,2011-03-01,2011-03-01,21,25,2015-12-01,11,3,4,6,,6,5000,4000
656238,2017-10-08T14:06:41Z,78727,1994-04-30,1,2014-07-16,3,2,3,5,2015-05-01,2015-05-01,18,22,2017-08-01,5,1,8,4,,6,4800,2500
656145,2017-10-08T13:36:44Z,78246,1989-06-19,2,2005-07-15,3,0,,5,1991-10-01,1991-10-01,5,7,2016-04-01,6,1,3,6,2,1,8000,3000
655912,2017-10-08T11:30:43Z,61401,1988-07-31,2,2006-11-06,3,1,9,1,2004-11-01,2004-11-01,4,6,2012-05-01,10,1,13,5,11,2,2000,2000
655967,2017-10-08T12:07:51Z,69780,1998-09-13,1,2014-10-31,4,0,,1,2014-08-01,2014-08-01,16,20,2016-09-01,1,1,12,3,,6,6000,2500
652330,2017-10-07T13:32:40Z,75447,1993-01-09,1,2014-11-25,3,2,6,5,2010-04-01,2010-04-01,12,15,2017-01-01,4,6,12,6,,5,4000,3500
651995,2017-10-07T11:15:57Z,78395,1991-04-20,2,2007-07-27,4,0,,5,2007-08-01,2007-08-01,14,17,2015-09-01,2,6,7,6,3,1,7000,4000
652517,2017-10-07T15:15:15Z,78473,1992-12-23,2,2009-07-30,4,0,,5,1995-09-01,1995-09-01,12,15,2014-09-01,3,1,6,4,,6,4000,3000
652185,2017-10-07T12:27:50Z,50388,1990-05-14,1,2007-03-21,1,1,0,5,2012-04-10,2012-04-10,21,25,2016-07-10,10,1,12,3,,6,7000,2000
652657,2017-10-07T16:24:44Z,78488,1993-08-26,2,2010-02-04,4,0,,5,2017-02-01,2017-02-01,13,16,2017-03-01,5,6,13,6,4,1,15000,3000
652107,2017-10-07T12:00:42Z,78407,1997-06-03,2,2013-07-17,4,0,,5,1998-12-01,1998-12-01,3,4,2016-03-01,3,1,12,6,7,2,5000,3500
652541,2017-10-07T15:35:34Z,78481,1990-07-11,1,2010-01-05,2,2,10,1,2007-03-01,2007-03-01,11,14,2016-03-01,7,3,12,5,,5,6700,4850
648967,2017-10-06T22:59:35Z,78281,1987-04-22,2,2003-09-22,4,0,,1,1987-05-01,1987-05-01,16,20,2015-06-01,4,1,2,1,,6,7200,5000
652215,2017-10-07T12:35:44Z,78417,1976-02-09,2,1997-11-17,3,1,8,5,1976-02-01,1976-02-01,5,7,2014-06-01,17,1,12,4,,6,5500,1500
652239,2017-10-07T12:41:09Z,64509,1993-03-11,2,2013-01-25,4,0,,5,2016-12-10,2016-12-10,9,11,2016-12-10,4,1,1,5,,6,800,4000
652424,2017-10-07T14:09:51Z,78447,1994-08-03,2,2010-12-09,3,0,,1,2014-08-01,2014-08-01,18,22,2013-04-01,4,1,1,5,1,1,7500,5000
651786,2017-10-07T09:18:08Z,69207,1982-11-07,1,2010-10-20,3,1,2,5,1982-11-10,1982-11-10,2,3,2011-05-10,17,6,12,6,6,1,5000,3500
651810,2017-10-07T09:35:50Z,78348,1995-05-15,2,2011-06-25,3,0,,1,2016-09-01,2011-10-01,11,17,2016-09-01,2,1,2,5,,6,7100,3500
652684,2017-10-07T17:04:28Z,78509,1988-10-25,1,2013-11-28,1,2,8,1,2017-08-01,2017-08-01,4,6,2016-12-01,8,6,12,2,4,2,6000,5000
652629,2017-10-07T16:16:48Z,78498,1992-08-20,2,2009-06-09,4,0,,5,2008-01-01,2008-01-01,8,10,2016-01-01,12,1,12,6,4,1,28000,16000
652151,2017-10-07T12:14:00Z,78262,1991-11-04,2,2008-01-30,4,0,,3,1991-11-01,1991-11-01,11,14,2014-09-01,7,1,11,1,4,2,11000,7000
651901,2017-10-07T10:29:38Z,78374,1984-02-13,2,2000-08-22,3,2,13,3,2011-11-01,2011-11-01,11,14,2016-05-01,9,3,12,6,9,1,15000,5000
652724,2017-10-07T17:49:37Z,78523,1986-08-23,2,2002-11-15,2,1,2,1,2004-09-01,2004-09-01,8,10,2017-03-01,10,1,12,4,9,1,8000,8000
652730,2017-10-07T17:53:25Z,78519,1986-07-13,2,2015-09-26,2,2,6,1,2003-09-01,2003-09-01,18,22,2015-01-01,13,1,11,2,8,2,10000,10000
652192,2017-10-07T12:29:28Z,78414,1989-08-04,2,2011-02-03,4,0,,1,1989-08-01,1989-08-01,18,22,2015-02-01,8,3,12,3,,6,4500,3000
652564,2017-10-07T15:49:15Z,78449,1993-10-18,1,2009-12-23,4,0,,1,1993-11-01,1993-11-01,6,8,2016-09-01,2,1,10,2,3,1,4500,1500
648906,2017-10-06T21:37:55Z,78272,1990-10-08,2,2013-03-19,4,0,,5,1996-07-01,1996-07-01,3,4,2014-06-01,6,3,7,6,11,1,8000,3500
652129,2017-10-07T12:07:41Z,78410,1986-02-24,2,2002-03-25,3,1,5,5,1986-03-01,1986-03-01,3,4,2013-07-01,14,3,12,6,,5,15000,9000
648897,2017-10-06T21:18:05Z,78266,1979-09-02,1,1999-10-06,3,2,14,5,2007-12-01,2007-12-01,6,8,2008-04-01,17,1,8,5,,6,4300,1500
652757,2017-10-07T18:31:40Z,62734,1982-08-18,2,2000-08-02,4,0,,5,1982-08-01,1982-08-01,8,10,2013-05-01,11,1,7,5,11,1,8200,4000
648988,2017-10-06T23:17:07Z,33703,1985-09-03,1,2013-09-13,3,2,12,1,2016-10-10,2016-10-10,3,4,1970-01-01,6,5,,,,6,6000,2500
651414,2017-10-07T05:33:06Z,74522,1993-09-01,2,2009-11-06,4,0,,1,2007-01-01,2007-01-01,3,4,2015-08-01,2,1,1,5,,5,7500,5000
651839,2017-10-07T09:51:04Z,74210,1990-05-04,2,2006-08-05,4,0,,5,2015-12-01,2006-08-01,12,15,2016-06-01,2,1,12,6,,5,5000,2500
652432,2017-10-07T14:12:58Z,78415,1993-06-23,2,2016-01-29,4,0,,1,2016-03-01,2012-07-01,9,8,2015-07-01,7,1,3,2,,6,17000,6000
652030,2017-10-07T11:30:52Z,74944,1995-06-03,2,2011-10-07,4,0,,1,1995-06-01,1995-06-01,3,4,2015-01-01,4,1,1,5,,6,8000,3000
651533,2017-10-07T06:51:00Z,78324,1986-09-15,2,2006-12-23,1,1,2,5,1993-06-01,1993-06-01,19,23,2012-04-01,11,3,12,6,,6,18000,6000
652485,2017-10-07T14:51:13Z,77962,1993-03-14,2,2011-03-11,4,0,,5,2011-03-01,2011-03-01,15,18,2017-10-01,3,6,6,4,,3,5000,3500
652610,2017-10-07T16:09:31Z,78492,1986-02-08,1,2015-10-01,3,2,5,5,2008-07-01,2008-07-01,6,8,2013-04-01,8,3,11,6,4,1,5000,2000
648946,2017-10-06T22:32:42Z,38663,1996-07-12,2,2012-09-11,4,0,,1,1996-07-10,1996-07-10,9,11,2017-01-10,4,1,2,1,10,1,7500,5000
651300,2017-10-07T00:12:06Z,6340,1998-11-04,2,2015-06-05,4,0,,5,2017-09-10,2017-09-10,11,14,1970-01-01,0,4,,,,5,6000,1500
652208,2017-10-07T12:33:14Z,5564,1978-09-16,2,1996-04-09,4,0,,5,1980-02-01,1980-02-01,13,16,2009-10-01,8,1,12,1,10,2,6500,10
648961,2017-10-06T22:58:15Z,78284,1995-08-20,2,2011-12-08,3,0,,1,2014-02-01,2014-02-01,8,10,2015-08-01,3,1,12,1,11,2,10000,2500
647948,2017-10-06T13:13:11Z,78145,1981-10-29,1,2007-03-05,3,1,10,5,1981-10-01,1981-10-01,3,4,2017-04-01,13,3,12,5,6,2,8000,3500
647800,2017-10-06T12:09:42Z,78137,1991-03-15,2,2007-05-05,4,0,,5,2000-09-01,2000-09-01,14,17,2017-04-01,6,1,11,5,11,1,15000,10000
644567,2017-10-05T23:22:44Z,77996,1989-10-05,2,2016-03-22,4,0,,5,1991-05-01,1991-05-01,3,4,2017-04-01,3,1,6,2,,5,5500,4000
646908,2017-10-06T01:06:06Z,78000,1975-10-21,1,1994-10-21,3,4,19,3,2013-08-01,2013-08-01,6,8,1997-07-01,20,3,11,3,6,1,65000,40000
647123,2017-10-06T06:57:51Z,77571,1990-03-02,1,2017-06-09,3,0,,1,1990-03-01,1990-03-01,8,10,2017-01-01,5,6,12,5,,5,5000,3500
648012,2017-10-06T13:29:57Z,77427,1981-12-27,2,2013-04-10,4,0,,5,1998-02-01,1998-02-01,6,8,2016-06-01,17,1,3,6,,5,6000,2000
648559,2017-10-06T17:19:57Z,78234,1969-03-29,2,2010-01-26,3,1,4,5,2009-01-01,2009-01-01,19,23,2016-01-01,28,1,11,5,6,1,4100,2000
647975,2017-10-06T13:22:19Z,77353,1995-07-14,1,2011-07-14,4,0,,1,2016-02-01,2016-02-01,18,22,2015-07-01,3,3,11,6,7,1,4500,1500
647741,2017-10-06T11:40:15Z,59416,1985-04-16,2,2001-10-10,2,1,8,1,2016-10-10,1985-04-10,6,23,2007-10-10,10,1,6,5,,6,8000,1500
648879,2017-10-06T20:51:44Z,42726,1993-11-09,2,2011-07-08,4,0,,1,2013-01-10,2013-01-10,8,10,2017-02-10,2,3,3,6,4,2,6700,4000
648224,2017-10-06T14:56:03Z,78188,1972-02-24,1,2015-10-21,3,1,25,5,2000-01-01,2000-01-01,1,2,2002-02-01,15,1,3,6,6,1,10000,4000
648697,2017-10-06T18:32:34Z,63372,1985-01-08,2,2003-07-26,3,0,,5,2003-07-10,2003-07-10,19,23,2013-07-10,12,3,12,6,4,1,20000,10000
648051,2017-10-06T13:51:13Z,78167,1986-01-02,2,2002-05-23,4,0,,5,1986-01-01,1986-01-01,1,2,2017-01-01,9,3,7,6,6,1,5000,3000
647797,2017-10-06T12:07:11Z,26356,1983-08-15,2,2016-08-15,3,1,5,4,2011-11-10,2011-11-10,3,4,2014-07-10,10,1,6,5,11,2,8000,3000
648518,2017-10-06T16:52:23Z,78218,1980-12-24,1,1997-07-04,4,0,,1,2013-07-01,2013-07-01,18,22,2010-06-01,20,1,2,4,11,1,7000,2000
647005,2017-10-06T05:06:04Z,78017,1994-08-16,1,2013-01-30,3,2,1,5,1994-08-01,1994-08-01,7,9,2016-01-01,1,3,12,6,,6,3800,1200
648062,2017-10-06T13:52:48Z,78174,1986-07-26,1,2002-07-26,4,0,,1,1994-09-01,1994-09-01,1,2,2015-10-01,11,1,11,4,9,2,3650,500
647669,2017-10-06T11:10:51Z,78114,1995-06-13,2,2012-01-20,4,0,,5,2004-11-01,2004-11-01,11,14,2017-03-01,2,1,12,5,,5,5500,900
647143,2017-10-06T07:13:24Z,44427,1995-10-03,1,2012-01-03,1,1,3,5,2013-04-01,1995-10-01,9,23,2017-05-01,1,1,12,5,4,2,6000,3000
648290,2017-10-06T15:19:58Z,78201,1995-02-11,2,2011-04-21,3,0,,4,1995-02-01,1995-02-01,8,10,2016-02-01,5,1,12,2,,6,9000,4000
648504,2017-10-06T16:45:29Z,78223,1993-09-17,2,2016-10-11,4,0,,1,1997-04-01,1997-04-01,15,18,2014-04-01,3,1,3,2,,5,10000,5000
647412,2017-10-06T09:23:30Z,78079,1997-06-27,2,2013-10-23,4,0,,1,2007-11-01,2007-11-01,22,26,2014-08-01,3,1,2,5,9,1,8000,6000
646902,2017-10-06T00:15:28Z,77998,1997-09-05,2,2013-10-08,4,0,,5,2000-07-01,2000-07-01,15,18,2015-07-01,2,1,12,6,,5,6500,3000
647616,2017-10-06T10:52:54Z,75927,1994-02-09,2,2010-04-02,4,0,,1,2016-02-01,2016-02-01,8,10,2016-07-01,1,1,8,2,7,2,6000,1100
647762,2017-10-06T11:46:24Z,78124,1985-08-12,2,2001-09-13,3,1,6,1,2000-01-01,2000-01-01,13,16,2010-06-01,7,3,13,3,,5,9000,4000
646914,2017-10-06T01:12:10Z,47904,1992-03-06,2,2008-08-08,4,0,,4,1992-03-10,1992-03-10,3,4,2012-04-10,5,1,6,5,11,2,7000,4000
642920,2017-10-05T03:15:27Z,49751,1991-09-08,2,2008-02-05,4,0,,1,1991-09-10,1991-09-10,21,25,2014-03-10,9,3,4,6,8,2,13000,11000
647069,2017-10-06T06:14:03Z,78021,1987-09-17,1,2016-09-18,3,0,,1,1987-09-01,1987-09-01,17,21,2010-12-01,7,1,10,5,11,1,3200,200
644506,2017-10-05T21:08:33Z,77982,1991-08-23,1,2016-12-05,4,1,3,1,2009-09-01,2009-09-01,20,24,,5,5,,,6,1,6000,4000
646906,2017-10-06T01:03:16Z,77796,1995-03-30,1,2011-06-03,4,0,,1,1995-03-01,1995-03-01,14,17,2017-02-01,2,1,13,5,11,1,5000,3000
648785,2017-10-06T19:34:07Z,78257,1993-04-19,2,2009-06-22,4,0,,5,1993-05-01,1993-05-01,18,22,,6,4,,,4,1,7000,7000
646992,2017-10-06T04:49:59Z,78014,1995-02-19,1,2011-03-24,3,1,7,1,1995-02-01,2013-04-01,9,6,2016-12-01,3,1,12,2,,6,8500,1500
647366,2017-10-06T09:14:01Z,78071,1990-03-30,1,2006-05-12,1,0,,3,1990-04-01,1990-04-01,8,10,2016-11-01,6,1,10,3,1,1,10000,5500
648860,2017-10-06T20:43:14Z,78267,1995-12-13,2,2012-02-03,4,0,,5,2017-06-01,2017-06-01,1,2,2016-12-01,1,6,8,6,7,2,2600,1600
647517,2017-10-06T10:12:09Z,78098,1998-09-14,2,2015-02-24,4,0,,5,2014-09-01,2014-09-01,21,25,2017-06-01,2,3,12,6,,6,5000,1000
647929,2017-10-06T13:05:12Z,78156,1989-03-14,2,2005-09-26,4,0,,1,2011-08-01,2011-08-01,12,15,2012-08-01,5,1,1,5,4,1,10000,5000
647316,2017-10-06T08:44:24Z,78062,1985-12-28,1,2004-08-03,3,3,13,5,2006-11-01,2006-11-01,4,6,,11,5,,,,5,3500,1200
647400,2017-10-06T09:20:41Z,78068,1997-09-21,1,2016-01-20,3,1,1,5,2015-01-01,2001-03-01,8,10,2015-10-01,1,3,12,3,,6,12000,6500
647821,2017-10-06T12:19:16Z,78085,1992-12-05,2,2012-10-28,1,0,,1,2015-06-01,1992-12-01,13,4,2016-03-01,6,1,1,5,,6,7138,3000
644479,2017-10-05T20:38:15Z,77662,1996-05-25,2,2013-03-07,4,0,,1,1999-01-01,1999-01-01,9,11,2017-04-01,5,1,1,5,,6,7300,3000
643778,2017-10-05T12:48:53Z,77856,1997-12-19,1,2013-01-10,4,0,,1,2015-08-01,2015-08-01,8,10,2014-02-01,4,1,7,1,4,2,8000,6000
643122,2017-10-05T07:21:41Z,77745,1981-12-07,2,1998-01-29,3,2,12,5,2006-10-01,2006-10-01,3,4,2016-09-01,17,1,6,1,,6,8000,3000
643462,2017-10-05T10:11:45Z,77798,1999-09-19,2,2015-10-20,3,0,,5,2005-04-01,2005-04-01,6,8,2015-03-01,2,3,12,6,2,1,9000,4000
643378,2017-10-05T09:27:48Z,77770,1992-10-12,1,2012-01-30,1,1,3,4,2017-09-01,2017-09-01,1,2,2012-04-01,5,3,12,6,10,2,10000,8000
643570,2017-10-05T11:11:11Z,77817,1984-01-25,2,2016-09-03,2,1,5,4,1984-01-01,1984-01-01,13,16,2015-09-01,15,1,8,3,2,1,10000,60000
640506,2017-10-04T21:22:28Z,75296,1989-07-02,2,2014-11-06,4,0,,5,2016-02-01,1989-11-01,3,11,2016-10-01,5,1,12,5,9,1,8000,2500
640478,2017-10-04T20:45:29Z,77689,1993-03-16,1,2013-01-18,4,0,,5,2013-04-01,2013-04-01,1,2,2014-04-01,5,1,12,2,4,2,4500,2500
643597,2017-10-05T11:21:06Z,77826,1990-01-11,2,2007-03-13,4,0,,3,1990-02-01,1990-02-01,8,10,2017-02-01,10,1,13,2,11,2,12000,1000
643010,2017-10-05T06:07:34Z,77731,1979-09-22,1,2006-10-30,3,1,10,5,2006-07-01,2006-07-01,3,4,2009-09-01,17,1,12,6,4,1,13000,7000
643884,2017-10-05T13:46:57Z,76855,1988-04-04,2,2005-01-25,3,2,7,4,2000-05-01,2000-05-01,5,7,2015-06-01,9,1,12,1,,6,9000,4000
644336,2017-10-05T18:44:37Z,77959,1985-11-03,1,2015-03-03,3,0,,5,2014-10-01,1985-11-01,20,24,2015-04-01,5,1,11,1,,6,5500,1500
643915,2017-10-05T13:59:20Z,77873,1985-10-08,1,2009-08-23,3,4,13,5,2012-02-01,2012-02-01,6,8,,0,5,,,,6,5500,5000
642991,2017-10-05T05:28:30Z,77698,1992-07-05,2,2008-08-27,4,0,,3,2006-06-01,2006-06-01,14,17,2016-07-01,1,1,12,5,4,2,3500,1600
644233,2017-10-05T17:05:28Z,77942,1995-01-14,2,2012-01-11,4,0,,1,1995-01-01,1995-01-01,15,18,2015-06-01,2,1,2,2,9,1,7500,3000
643338,2017-10-05T09:12:43Z,77775,1988-03-06,2,2006-03-22,3,1,2,5,1988-03-01,1988-03-01,20,24,2016-01-01,6,1,6,5,11,1,7000,4000
643208,2017-10-05T08:11:16Z,77750,1998-12-13,1,2015-01-27,4,0,,5,2000-05-01,2000-05-01,6,8,,2,4,,,,6,5500,2000
643956,2017-10-05T14:15:25Z,70094,1987-02-08,2,2004-07-08,3,0,,1,2015-02-01,2015-02-01,11,14,2008-02-01,9,1,2,6,11,1,65000,2000
644421,2017-10-05T20:03:23Z,77971,1995-09-25,2,2011-11-03,4,0,,5,2015-08-01,2015-08-01,2,3,,1,4,,,11,2,1400,800
643867,2017-10-05T13:39:23Z,49542,1994-04-17,2,2010-06-07,4,0,,1,1999-03-10,2011-09-10,20,10,2016-10-10,2,6,6,3,3,1,4000,2000
644299,2017-10-05T17:59:12Z,77958,1992-10-13,2,2009-02-04,4,0,,3,2000-10-01,2000-10-01,18,22,2011-04-01,6,1,3,6,10,2,7000,5000
640498,2017-10-04T21:14:23Z,77696,1999-02-10,2,2015-03-06,4,0,,4,2016-08-01,2010-07-01,11,24,,1,4,,,4,2,5000,5000
643489,2017-10-05T10:21:51Z,77783,1990-08-09,2,2006-10-07,1,0,,1,2017-07-01,1990-08-01,13,16,2016-02-01,8,1,12,6,11,1,10000,5000
642939,2017-10-05T04:16:13Z,77724,1988-04-24,2,2004-10-27,3,2,3,5,2014-04-01,1988-04-01,6,8,2015-08-01,11,1,12,3,,6,4500,1500
642866,2017-10-05T00:05:02Z,45710,1993-02-27,2,2009-05-15,4,0,,1,2008-04-10,2008-04-10,16,20,2016-03-01,4,1,11,5,4,1,6400,1100
643894,2017-10-05T13:51:09Z,77608,1988-03-02,1,2004-10-01,4,0,,1,1988-03-01,1988-03-01,8,10,,5,5,,,4,1,6000,6000
643095,2017-10-05T07:10:54Z,63661,1998-06-21,2,2014-10-16,4,0,,3,2013-02-10,2013-02-10,1,2,2017-03-10,0,1,5,2,,6,6000,2500
644184,2017-10-05T16:49:00Z,68416,1995-08-01,1,2015-11-26,1,1,1,5,1999-08-01,1999-08-01,18,22,2017-09-01,2,6,6,3,,6,4500,10
640448,2017-10-04T20:16:02Z,73765,1980-07-24,2,1997-02-04,4,0,,1,1997-02-01,1997-02-01,3,4,2007-07-01,10,1,6,5,11,1,8600,3500
640536,2017-10-04T22:22:58Z,77015,1993-06-22,2,2016-05-18,4,0,,1,1995-05-01,1995-05-01,18,22,2016-03-01,4,1,1,1,9,1,7200,4500
643532,2017-10-05T10:44:54Z,77805,1996-01-04,2,2012-03-05,4,0,,1,2001-03-01,2001-03-01,18,22,2016-11-01,2,1,3,4,6,1,5500,4000
644475,2017-10-05T20:36:00Z,77974,1989-09-17,2,2005-10-25,4,0,,1,2015-02-01,2005-05-01,3,5,2015-02-01,5,1,11,5,4,7,10000,5000
644127,2017-10-05T16:11:00Z,77916,1987-09-23,1,2006-09-14,3,1,9,5,2017-01-01,2017-01-01,13,16,2013-08-01,10,1,5,5,4,1,7000,2000
642952,2017-10-05T04:27:34Z,77681,1951-09-13,1,1998-02-25,5,0,,3,2000-10-01,2000-10-01,13,16,,32,2,,,,6,3600,1600
644064,2017-10-05T15:31:58Z,77063,1992-03-18,1,2012-12-15,2,1,4,1,2015-09-01,2015-09-01,13,16,2016-03-01,6,1,10,3,6,1,5500,1500
639165,2017-10-04T08:15:11Z,77446,1982-05-04,2,1998-05-07,3,1,2,1,2016-07-01,2017-05-01,3,4,2016-03-01,15,1,6,5,,6,10000,5000
639666,2017-10-04T11:32:36Z,77546,1979-06-07,2,2015-02-12,1,2,11,1,2015-10-01,1979-06-01,3,4,,21,5,,,9,1,8500,4500
639285,2017-10-04T09:02:54Z,77424,1994-01-03,1,2010-11-10,2,2,4,1,2000-01-01,2000-01-01,14,17,2016-04-01,5,3,10,4,8,1,3500,2800
640072,2017-10-04T15:21:34Z,77635,1947-10-18,2,2005-02-22,2,2,37,5,1981-08-01,1981-08-01,12,15,,46,2,,,,5,1600,600
639019,2017-10-04T06:51:38Z,77426,1990-07-09,1,2007-06-27,4,0,,3,2012-09-01,2012-09-01,3,4,2015-06-01,10,6,12,4,6,1,5000,3500
640181,2017-10-04T16:51:22Z,77657,1991-03-17,2,2008-04-12,4,0,,5,2002-07-01,2002-07-01,8,10,2012-03-01,5,1,6,2,,6,6000,3500
640111,2017-10-04T15:49:52Z,77647,1992-12-25,2,2009-04-15,4,0,,4,2010-10-01,2010-10-01,3,4,2010-05-01,7,1,11,3,11,1,8000,1000
635714,2017-10-03T13:22:22Z,77261,1993-08-22,2,2014-07-22,3,0,,5,2013-01-01,2013-01-01,19,23,2014-01-01,4,1,8,5,,6,10000,6000
640150,2017-10-04T16:32:58Z,77654,1999-02-16,2,2015-02-25,4,0,,1,2013-03-01,2013-03-01,8,10,2017-06-01,2,1,11,5,,6,8000,4000
639557,2017-10-04T10:46:23Z,77524,1990-09-24,2,2007-01-16,4,0,,1,1990-10-01,1990-10-01,8,10,2016-04-01,10,1,12,4,,5,7000,5000
636485,2017-10-03T22:20:18Z,77384,1987-05-17,2,2003-10-03,4,0,,1,2005-06-01,2005-06-01,14,17,2014-08-01,3,1,12,1,6,1,5200,1200
639418,2017-10-04T10:00:40Z,77491,1986-12-29,2,2003-04-14,4,0,,1,2011-03-01,2011-03-01,13,16,2015-03-01,2,1,11,6,11,1,6500,3000
639153,2017-10-04T08:11:13Z,77452,1992-07-05,2,2008-08-12,3,1,4,1,1992-07-01,1992-07-01,20,24,2017-02-01,6,1,12,3,,6,6000,2500
639192,2017-10-04T08:24:53Z,77463,1988-12-05,2,2005-03-16,4,0,,5,2016-02-01,2006-09-01,11,9,2007-12-01,15,3,7,6,11,2,5000,5000
638835,2017-10-04T03:31:42Z,26780,1987-01-18,2,2004-06-01,2,0,0,5,1991-01-10,1991-01-10,3,4,2017-02-10,10,1,12,4,11,2,7000,5000
639179,2017-10-04T08:20:42Z,77451,1994-07-06,2,2010-07-06,4,0,,1,2013-10-01,2013-10-01,23,27,2015-05-01,3,1,12,5,,5,8000,6000
639730,2017-10-04T12:06:21Z,77559,1988-02-11,2,2004-10-28,4,0,,4,1988-02-01,1988-02-01,5,7,2011-06-01,12,1,12,5,4,7,11000,4500
639718,2017-10-04T12:02:52Z,77553,1992-09-25,2,2009-02-26,4,0,,4,2000-03-01,2000-03-01,6,8,2011-05-01,6,3,11,6,11,1,25000,10000
639599,2017-10-04T11:04:29Z,60621,1979-11-25,1,1996-09-27,2,1,6,1,1979-11-01,1979-11-01,18,22,2016-07-01,1,1,8,5,11,1,6000,10
635687,2017-10-03T13:04:53Z,74472,1994-05-16,2,2011-03-22,4,0,,1,1994-05-01,1994-05-01,12,15,2016-03-01,4,1,12,1,,6,6000,2500
640309,2017-10-04T18:14:55Z,77667,1983-06-28,1,2015-06-09,3,2,5,5,1985-06-01,1985-06-01,6,8,2012-01-01,17,3,11,6,4,1,3500,1500
639216,2017-10-04T08:34:38Z,77457,1988-10-30,2,1994-10-30,4,0,,3,1991-11-01,1991-11-01,16,20,2014-08-01,8,1,1,5,8,1,7400,4000
640127,2017-10-04T16:03:16Z,77290,1996-06-07,2,2012-07-24,4,0,,1,2017-03-01,2002-01-01,8,10,2015-07-01,3,3,4,5,6,2,7000,7000
639620,2017-10-04T11:13:08Z,77534,1984-06-30,1,2000-11-14,1,1,4,3,1984-07-01,1984-07-01,13,16,2016-05-01,11,1,12,3,4,1,10500,3500
639063,2017-10-04T07:25:20Z,77437,1994-11-16,2,2011-01-19,4,0,,4,2001-05-01,2014-09-01,23,10,2017-04-01,3,1,6,6,,5,3800,1500
639699,2017-10-04T11:51:02Z,77554,1988-04-22,2,2004-07-28,4,0,,1,2017-05-01,2013-10-01,4,11,2017-02-01,1,1,1,5,,5,7000,3000
640403,2017-10-04T19:38:21Z,77684,1995-11-13,2,2012-06-13,3,1,1,4,2000-11-01,2000-11-01,10,12,2010-07-01,3,3,4,6,,6,5000,2000
639075,2017-10-04T07:34:10Z,77441,1997-03-26,2,2014-11-11,4,0,,1,1999-10-01,1999-10-01,22,26,2015-12-01,2,3,2,4,,6,7700,5000
639904,2017-10-04T13:44:24Z,65155,1986-11-20,2,2003-02-11,3,2,5,1,1986-11-01,1986-11-01,23,27,2017-09-01,0,1,2,4,3,1,4000,10
639859,2017-10-04T13:22:12Z,77587,1997-09-06,1,2014-02-08,4,0,,1,2003-02-01,2003-02-01,11,14,2016-11-01,3,1,12,5,4,2,5000,1000
639092,2017-10-04T07:44:56Z,77433,1994-10-23,2,2010-12-10,4,0,,1,2010-12-01,2010-12-01,3,4,2013-03-01,5,1,1,5,,6,8000,6000
639828,2017-10-04T13:01:31Z,77566,1987-12-14,1,2008-12-18,1,0,,5,2007-09-01,1987-12-01,8,27,2011-11-01,10,3,12,6,9,1,20000,15000
636075,2017-10-03T16:07:16Z,77331,1993-05-10,1,2010-01-20,4,0,,1,2017-01-01,2017-01-01,13,16,2016-02-01,5,3,11,6,11,2,12000,9000
640457,2017-10-04T20:22:20Z,77639,1988-10-12,2,2005-04-26,3,0,,4,2003-04-01,2003-04-01,4,6,2017-01-01,1,3,11,6,9,1,8000,6000
639110,2017-10-04T07:53:37Z,77187,1971-07-02,2,2001-07-10,3,1,8,5,2012-10-01,2012-10-01,8,10,2017-02-01,30,1,12,3,4,1,7000,5000
639684,2017-10-04T11:43:27Z,60906,1989-08-10,1,2005-09-21,1,1,3,1,1990-08-01,1990-08-01,18,22,2012-03-01,8,3,12,6,4,1,5000,10
632435,2017-10-02T22:13:06Z,42624,1994-05-19,2,2010-07-13,3,1,1,1,2002-05-10,1994-10-10,8,4,2017-01-10,0,6,2,1,9,2,14800,2800
631387,2017-10-02T10:34:03Z,76932,1988-09-10,1,2016-02-26,4,0,,1,1988-09-01,1988-09-01,18,22,2009-09-01,10,3,11,6,4,1,9000,2500
632455,2017-10-02T22:38:08Z,77111,1993-06-09,1,2009-07-21,4,0,,1,2000-04-01,2000-04-01,18,22,2016-11-01,6,6,12,6,,6,4000,2500
632118,2017-10-02T16:53:40Z,67505,1977-02-01,1,2009-12-10,2,2,22,5,1993-05-01,1993-05-01,3,4,2013-12-01,20,1,6,2,,3,2400,10
630968,2017-10-02T06:31:56Z,76882,1970-10-19,1,2009-06-22,4,1,23,5,2004-05-01,2004-05-01,3,4,1996-03-01,21,1,11,5,,6,7000,1600
636038,2017-10-03T15:45:11Z,74467,1989-12-06,1,2013-11-14,3,1,7,3,2010-06-01,2010-06-01,6,8,2014-03-01,5,6,12,6,,6,5200,2300
635702,2017-10-03T13:18:59Z,59412,1988-07-09,1,2013-09-06,4,3,7,1,2015-06-10,1988-07-10,4,13,1970-01-01,7,5,,,,6,6300,5000
631064,2017-10-02T07:42:03Z,76899,1996-08-13,2,2012-09-11,4,0,,1,2013-09-01,2013-09-01,3,4,2016-05-01,3,6,3,3,3,1,15000,6500
635896,2017-10-03T14:43:07Z,77293,1984-04-07,2,2001-01-26,4,0,,5,2005-09-01,2005-09-01,10,12,2016-10-01,7,1,12,4,,6,4500,1500
636237,2017-10-03T17:24:45Z,41675,1988-12-23,2,2005-03-02,3,1,3,1,1988-12-01,1988-12-01,9,11,2017-01-01,9,1,12,1,,6,10000,10000
635320,2017-10-03T10:14:34Z,76517,1985-07-19,2,2001-09-21,3,1,4,1,2001-09-01,2001-09-01,12,15,2006-06-01,12,1,12,6,6,1,7000,3500
635183,2017-10-03T09:12:28Z,77175,1987-06-02,1,2015-06-12,4,0,,3,2012-03-01,1987-06-01,12,15,2012-02-01,8,3,3,6,,6,20000,8000
635915,2017-10-03T14:50:36Z,77278,1990-02-06,2,2006-08-03,3,0,,3,1990-02-01,1990-02-01,2,3,2016-03-01,1,1,5,3,4,2,3200,600
635551,2017-10-03T11:55:48Z,77238,1986-11-09,2,2002-11-27,4,0,,5,2017-06-01,2017-06-01,18,22,2007-01-01,12,3,3,6,,5,7000,4000
635312,2017-10-03T10:09:15Z,77195,1987-09-20,1,2004-03-16,1,1,5,5,1990-01-01,1990-01-01,3,4,2015-08-01,2,1,12,3,4,1,2950,2150
635076,2017-10-03T08:06:31Z,77161,1993-01-01,2,2009-08-21,4,0,,1,1993-01-01,1993-01-01,1,2,2017-03-01,3,1,6,5,9,1,6200,3000
634780,2017-10-03T03:19:42Z,77129,1994-08-24,1,2010-11-06,4,0,,1,2012-08-01,2000-01-01,14,17,2017-01-01,4,1,5,5,4,1,5500,2200
635423,2017-10-03T11:03:06Z,77173,1995-10-03,2,2012-09-06,4,0,,1,2016-10-01,2017-07-01,8,10,2013-11-01,4,1,1,1,,5,7150,5000
635578,2017-10-03T12:07:23Z,4289,1989-10-15,2,2006-04-21,4,0,0,1,1989-10-10,1989-10-10,21,25,2010-11-10,6,1,2,1,9,1,6500,2200
636349,2017-10-03T19:10:42Z,77362,1994-12-21,2,2011-02-02,4,0,,1,1994-12-01,1994-12-01,18,22,2014-09-01,3,1,1,5,,6,7000,2000
635365,2017-10-03T10:36:37Z,76978,1994-03-08,1,2015-09-21,3,1,1,1,1995-03-01,1995-03-01,3,4,2014-07-01,3,1,6,5,,5,3500,2000
636286,2017-10-03T18:11:38Z,77356,1973-04-25,1,2003-06-23,3,1,22,5,1997-04-01,1997-04-01,3,4,2010-07-01,20,1,4,1,,6,3200,1300
635372,2017-10-03T10:40:42Z,77209,1991-06-03,2,2016-06-18,3,2,3,1,2015-03-01,2000-09-01,4,17,2014-11-01,7,3,3,5,9,2,9000,7000
632289,2017-10-02T19:06:02Z,74576,1987-04-11,2,2003-11-28,4,0,,1,2017-01-01,2017-01-01,3,4,2013-12-01,10,1,11,5,,3,4000,2000
635616,2017-10-03T12:24:43Z,77242,1974-07-27,2,1996-12-03,1,1,1,1,2012-11-01,2010-03-01,9,11,2010-09-01,7,1,12,5,,6,10000,3500
635014,2017-10-03T07:45:43Z,77152,1984-11-10,1,2001-06-20,4,0,,5,2008-02-01,2008-02-01,13,16,2013-09-01,15,1,12,4,9,1,8000,5000
635516,2017-10-03T11:42:39Z,77231,1996-09-19,2,2012-11-14,4,0,,1,2012-11-01,2012-11-01,6,8,2017-06-01,1,1,2,4,9,2,4500,2000
634938,2017-10-03T07:01:09Z,55687,1986-08-02,1,2016-04-26,3,1,8,5,2015-06-10,2016-10-10,13,16,2015-04-10,12,1,12,3,,5,10000,2500
635270,2017-10-03T09:59:09Z,3874,1994-07-12,1,2016-03-29,3,0,,1,1994-07-10,1994-07-10,5,7,2012-07-01,5,1,2,1,,6,4600,800
635643,2017-10-03T12:35:37Z,77228,1996-02-19,1,2012-04-27,4,1,2,1,1998-05-01,1998-05-01,2,3,2017-06-01,1,1,12,4,,6,5000,2500
635800,2017-10-03T13:59:35Z,77287,1985-07-14,2,2001-09-21,3,1,1,5,2001-03-01,2001-03-01,16,20,2016-11-01,10,1,2,1,10,1,7000,5000
635674,2017-10-03T12:50:34Z,77259,1995-08-09,1,2011-09-12,1,1,1,1,1995-08-01,1995-08-01,18,22,,2,4,,,4,2,6000,5000
634988,2017-10-03T07:34:14Z,77158,1985-11-12,1,2006-06-02,1,2,8,1,1993-03-01,1993-03-01,14,17,2015-01-01,12,1,6,1,,6,4000,4000
635480,2017-10-03T11:30:33Z,76585,1989-02-25,2,2005-05-19,4,0,,1,2002-03-01,2002-03-01,3,4,2015-10-01,8,1,3,2,4,1,10000,50000
636022,2017-10-03T15:37:46Z,77323,1993-05-01,2,2009-05-12,3,0,,1,1993-05-01,1993-05-01,8,10,2015-04-01,5,1,3,6,,6,6000,3000
636111,2017-10-03T16:37:31Z,48330,1964-05-23,1,2000-08-31,3,0,0,5,2001-08-10,2001-08-10,16,20,2000-09-10,34,1,6,1,11,1,8500,3000
634922,2017-10-03T06:54:06Z,77141,1993-08-24,1,2009-12-15,4,1,1,1,2017-07-01,2017-07-01,10,12,,5,5,,,,6,2000,2000
635026,2017-10-03T07:49:11Z,77150,1994-08-05,2,2010-11-10,4,0,,5,1994-08-01,1994-08-01,23,27,2016-10-01,1,1,12,4,6,1,4000,1500
635357,2017-10-03T10:30:45Z,77205,1995-01-22,2,2011-03-24,3,1,4,1,2016-09-01,1995-01-01,12,23,2016-04-01,4,1,2,5,,6,8000,7000
635499,2017-10-03T11:38:50Z,77232,1989-11-14,1,2015-10-28,3,1,1,1,2015-09-01,2015-09-01,4,6,2016-05-01,7,6,6,3,4,1,4000,2500
634798,2017-10-03T04:31:55Z,77131,1997-01-20,2,2013-03-14,4,0,,5,2005-01-01,2005-01-01,3,4,2017-01-01,1,1,12,3,4,2,5000,2500
635466,2017-10-03T11:24:49Z,77226,1992-01-27,2,2008-02-27,3,1,1,1,2014-06-01,1992-01-01,3,17,2013-05-01,5,1,1,5,,6,8500,2500
636091,2017-10-03T16:30:14Z,77338,1987-06-01,2,2012-09-17,4,0,,5,1987-06-01,1987-06-01,3,4,2007-07-01,10,1,6,5,4,1,5000,4000
631354,2017-10-02T10:21:54Z,76949,1992-12-16,2,2009-02-05,4,0,,2,2014-02-01,2012-01-01,11,14,2017-05-01,2,1,12,5,6,2,5500,3500
631407,2017-10-02T10:47:27Z,71238,1996-01-15,2,2012-03-01,4,0,,1,2012-03-01,2012-03-01,10,12,,0,4,,,,6,5000,1000
631493,2017-10-02T11:26:09Z,76963,1995-04-29,1,2012-11-27,3,2,5,1,2000-03-01,2000-03-01,3,4,2017-03-01,1,1,2,4,,6,8500,1000
632170,2017-10-02T17:20:16Z,53529,1990-10-20,1,2008-05-27,3,2,8,1,2008-05-10,2004-11-10,21,25,2014-02-10,4,1,10,3,,6,4500,2000
631131,2017-10-02T08:28:27Z,76917,1981-11-20,2,1998-03-06,3,1,1,5,1989-08-01,1989-08-01,13,16,2016-03-01,15,1,12,5,10,1,15000,8000
632180,2017-10-02T17:26:28Z,77075,1988-12-21,2,2005-07-07,4,0,,1,2006-03-01,2015-10-01,10,4,2016-08-01,13,1,6,3,,6,15000,5000
632353,2017-10-02T20:11:00Z,77098,1987-06-19,2,2003-06-23,4,0,,5,2010-09-01,2010-09-01,3,4,2017-05-01,14,1,6,3,,6,4500,3500
632332,2017-10-02T19:47:46Z,77096,1990-04-19,2,2006-05-16,4,2,4,1,1995-02-01,1995-02-01,12,15,2015-04-01,10,6,3,2,,6,5000,3500
631796,2017-10-02T14:15:14Z,76992,1987-03-12,1,2005-05-06,3,0,,1,2002-04-01,2002-04-01,9,11,2015-03-01,5,6,12,6,,5,6000,1500
631262,2017-10-02T09:40:19Z,76929,1995-06-03,2,2011-11-14,4,0,,1,2016-04-01,2016-04-01,3,4,,6,5,,,,6,4500,3000
632032,2017-10-02T16:11:14Z,77056,1976-09-05,2,1998-08-18,4,0,,5,1993-10-01,1993-10-01,3,4,2009-09-01,21,1,2,4,,6,5000,1500
631449,2017-10-02T11:04:20Z,76960,1996-02-06,2,2012-05-07,4,0,,1,2016-12-01,2016-12-01,2,3,2014-02-01,3,1,12,3,4,1,8000,3000
631802,2017-10-02T14:17:59Z,77013,1994-01-27,2,2010-06-08,4,0,,4,2014-05-01,1998-10-01,8,10,2016-05-01,3,3,13,6,9,1,9000,1500
631536,2017-10-02T12:05:10Z,11383,1978-10-20,2,2009-04-16,4,0,,5,1992-10-10,1992-10-10,8,10,2017-06-10,16,3,3,6,2,1,10000,7000
628095,2017-10-01T16:07:46Z,75979,1962-08-09,2,2001-04-19,5,0,,5,2012-12-01,2012-12-01,3,4,2009-02-01,36,1,6,5,,6,6800,4000
631934,2017-10-02T15:27:10Z,77039,1998-01-19,2,2014-05-27,4,0,,1,2014-05-01,2014-05-01,2,3,,3,4,,,,5,3000,1200
631726,2017-10-02T13:40:41Z,77005,1988-01-10,1,2004-06-23,1,12,12,5,1995-03-01,1995-03-01,3,4,2015-10-01,9,1,12,5,,6,7000,5000
631035,2017-10-02T07:23:20Z,48867,1991-01-06,2,2007-02-13,4,0,,1,2014-10-01,2008-09-01,18,22,2014-09-01,3,3,7,6,4,2,5000,2000
631305,2017-10-02T10:05:27Z,76942,1987-07-14,1,2003-09-26,1,0,,1,2015-04-01,1997-07-01,8,25,2017-05-01,12,1,12,6,,6,10000,5000
631882,2017-10-02T15:07:29Z,76187,1995-02-12,2,2011-03-10,4,0,,1,1995-02-01,1995-02-01,10,12,2017-09-01,5,1,3,6,,6,4000,3100
631298,2017-10-02T10:02:38Z,73175,1986-05-22,1,2002-07-16,3,1,12,5,1990-05-01,1990-05-01,18,22,2017-03-01,10,6,12,6,,6,4000,1500
632110,2017-10-02T16:49:44Z,77069,1987-03-03,2,2003-05-16,3,2,3,5,2010-07-01,2010-07-01,3,4,2014-11-01,12,1,6,1,,5,8000,2500
632058,2017-10-02T16:27:33Z,77059,1996-01-02,2,2012-02-01,4,0,,1,2016-06-01,2009-10-01,7,6,2016-09-01,1,1,2,5,,6,8000,5000
630903,2017-10-02T05:48:18Z,76875,1976-04-12,2,2000-02-21,1,2,11,1,1976-04-01,1976-04-01,23,27,2017-08-01,11,1,6,5,,5,6500,3000
631874,2017-10-02T15:04:33Z,77023,1996-01-27,2,2013-01-29,4,0,,1,2017-07-01,2017-07-01,8,10,2017-07-01,4,1,2,4,10,1,6000,2000
630999,2017-10-02T07:08:47Z,76886,1991-12-05,1,2008-07-18,4,0,,5,2015-08-01,2000-01-01,8,5,2016-02-01,4,1,11,2,9,1,11000,10000
631117,2017-10-02T08:17:13Z,76914,1990-09-23,2,2007-03-02,3,0,,5,1990-12-01,1990-12-01,19,23,2015-11-01,8,1,12,3,4,1,10000,3000
632186,2017-10-02T17:27:47Z,73073,1994-09-05,1,2012-01-14,1,0,,1,2016-08-01,1996-06-01,18,8,2016-11-01,0,1,10,3,10,2,6000,1500
627183,2017-10-01T04:02:22Z,76615,1988-01-19,2,2004-02-11,4,0,,5,2010-10-01,2010-10-01,8,10,2014-08-01,4,1,11,1,5,1,18000,5000
628414,2017-10-01T20:15:22Z,76842,1992-11-17,1,2009-05-18,4,0,,5,2003-09-01,2003-09-01,13,16,2017-05-01,7,1,7,3,10,2,7800,3000
627934,2017-10-01T14:29:58Z,76599,1984-05-19,2,2002-05-08,3,1,1,3,2012-09-01,2012-09-01,14,17,2017-04-01,11,3,11,6,4,1,8000,5000
627131,2017-10-01T00:10:39Z,74631,1992-01-04,2,2009-09-29,3,0,,3,2000-01-01,2000-01-01,3,4,2017-06-01,7,6,7,6,11,2,12000,5000
628030,2017-10-01T15:39:13Z,76786,1993-02-04,2,2009-08-28,2,1,5,5,2006-12-01,2006-12-01,6,8,2017-04-01,2,1,7,2,,5,7000,5500
627422,2017-10-01T08:29:23Z,76666,1994-10-13,2,2010-11-01,4,0,,5,2016-09-01,2000-05-01,8,6,2015-08-01,2,3,4,6,10,1,10000,6000
627950,2017-10-01T14:45:43Z,76770,1977-08-17,2,2011-03-23,3,2,10,5,2016-11-01,2016-11-01,2,3,2016-10-01,23,1,1,1,11,1,11500,8000
628028,2017-10-01T15:38:14Z,76785,1994-07-25,2,2010-11-12,4,0,,5,2010-11-01,2010-11-01,3,4,2017-01-01,3,1,8,3,,6,6500,2500
627271,2017-10-01T06:31:55Z,38960,1988-12-02,1,2011-12-01,2,1,0,4,2008-10-10,2001-12-10,14,4,2016-02-10,1,1,12,5,7,2,4500,2000
627550,2017-10-01T09:54:05Z,75314,1999-01-01,2,2015-05-28,4,0,,1,2016-09-01,2016-09-01,4,6,,1,4,,,4,2,3000,2000
628086,2017-10-01T16:03:36Z,76798,1991-06-06,2,2007-09-29,4,0,,5,2013-12-01,1991-06-01,8,12,2014-11-01,5,1,5,2,4,1,22000,8000
627857,2017-10-01T13:24:18Z,66591,1988-09-30,2,2004-10-04,4,1,0,4,1988-09-10,1988-09-10,14,17,2017-04-10,2,1,12,5,,6,5250,3200
627337,2017-10-01T07:19:59Z,76412,1990-08-24,2,2006-10-19,3,0,,5,1991-08-01,1991-08-01,6,8,2015-08-01,8,1,12,3,,6,10000,1000
627351,2017-10-01T07:26:17Z,854,1994-08-18,1,2014-02-14,3,1,0,1,2008-11-10,2008-11-10,6,8,2014-12-10,4,3,11,6,,6,8000,5500
628039,2017-10-01T15:45:50Z,76789,1994-11-01,2,2011-03-17,4,0,,1,2016-11-01,1994-11-01,8,25,2015-08-01,5,1,13,2,,6,12000,5000
627189,2017-10-01T04:10:18Z,76616,1978-04-13,2,1995-06-23,2,1,16,5,2007-12-01,2007-12-01,4,6,2013-10-01,10,1,12,2,5,1,6000,1500
627638,2017-10-01T10:59:11Z,76710,1995-06-08,1,2011-06-12,4,0,,1,1995-06-01,1995-06-01,8,10,,0,4,,,10,1,2300,1000
627253,2017-10-01T06:16:24Z,76627,1995-08-03,2,2011-11-01,4,0,,4,2011-11-01,2011-11-01,15,18,2015-08-01,1,3,13,1,10,2,8000,7000
628314,2017-10-01T18:37:37Z,74593,1984-05-21,1,2004-05-27,3,2,13,5,1984-06-01,1984-06-01,8,10,2015-02-01,10,3,12,6,4,1,16000,8000
627454,2017-10-01T08:40:07Z,76670,1982-06-18,2,1999-01-13,2,1,15,5,1986-12-01,1986-12-01,8,10,2016-11-01,15,1,3,3,,5,10000,6000
627895,2017-10-01T13:54:00Z,76754,1996-09-24,2,2012-11-07,4,0,,5,2016-01-01,2016-01-01,13,16,,1,4,,,1,1,7400,7000
627736,2017-10-01T12:02:59Z,76730,1995-03-27,1,2011-06-06,4,1,2,1,2011-06-01,2011-06-01,18,22,2014-08-01,3,1,2,3,,6,3600,2100
628062,2017-10-01T15:56:01Z,76794,1993-08-09,2,2009-08-18,4,0,,3,1999-06-01,1999-06-01,8,10,2016-09-01,5,6,12,1,5,1,7000,3850
624862,2017-09-30T21:11:15Z,76579,1987-01-16,2,2003-02-28,3,1,3,5,2014-06-01,2014-06-01,16,20,2017-03-01,7,1,10,4,3,1,5850,3250
627490,2017-10-01T08:59:45Z,74557,1989-07-19,1,2005-06-21,3,1,6,5,2005-06-01,2005-06-01,3,4,2017-02-01,10,1,11,4,9,1,3500,3000
628181,2017-10-01T16:52:02Z,76812,1997-07-07,2,2013-08-06,4,0,,5,1997-07-01,1997-07-01,9,11,2016-10-01,1,1,2,4,,6,7000,2000
624854,2017-09-30T21:01:18Z,76577,1982-12-01,2,1999-03-30,3,1,1,1,1990-12-01,1990-12-01,19,23,2017-07-01,11,1,6,1,11,1,4000,3300
624879,2017-09-30T21:59:40Z,76584,1976-04-01,2,1996-01-26,3,2,9,5,2011-08-01,2011-08-01,16,20,2011-02-01,18,3,12,3,9,1,12000,7500
628244,2017-10-01T17:33:00Z,76810,1988-05-13,2,2005-01-21,3,1,2,5,2005-01-01,2005-01-01,12,15,2007-05-01,12,1,2,1,6,1,8000,3000
628299,2017-10-01T18:32:46Z,32643,1995-09-29,1,2016-02-24,3,1,1,1,2015-05-01,2000-07-01,3,4,,3,5,,,,6,5000,10
628010,2017-10-01T15:16:24Z,76771,1983-03-16,2,2008-11-19,3,2,14,1,2017-09-01,1983-03-01,13,15,2016-12-01,11,3,3,6,4,2,10000,5000
624898,2017-09-30T22:49:14Z,76575,1988-03-31,2,2005-05-06,2,0,,1,1988-03-01,1988-03-01,3,4,2008-04-01,9,1,6,5,11,1,7000,2000
627866,2017-10-01T13:28:45Z,76747,1991-11-04,2,2008-01-18,3,0,,1,2008-01-01,2008-01-01,13,16,2017-02-01,3,1,13,2,,5,6500,5000
628072,2017-10-01T15:58:49Z,36726,1992-04-09,2,2009-05-05,4,0,,1,2011-01-01,2011-01-01,3,4,2016-04-01,6,1,12,5,,6,6500,3500
627816,2017-10-01T13:01:06Z,76742,1984-02-10,2,2000-02-10,3,1,5,5,2014-04-01,2014-04-01,12,15,2005-07-01,13,1,1,5,7,1,8800,3500
627535,2017-10-01T09:37:37Z,76682,1985-03-18,1,2008-03-17,3,1,8,5,2007-02-01,2007-02-01,8,10,2014-03-01,12,1,3,4,4,1,7000,5000
627169,2017-10-01T02:34:51Z,76604,1996-04-12,1,2012-09-28,4,0,,1,1996-04-01,1996-04-01,4,6,2016-04-01,3,1,5,1,7,2,6000,3500
620878,2017-09-29T18:49:52Z,75653,1991-09-04,1,2014-08-04,1,2,4,1,1994-10-01,1994-10-01,3,4,2017-02-01,3,6,6,4,,5,6000,4000
623971,2017-09-30T11:11:19Z,76410,1992-05-13,2,2015-04-18,3,0,,4,2017-03-01,2017-03-01,8,10,2016-11-01,4,6,12,1,4,2,14000,6500
620985,2017-09-29T20:50:07Z,76266,1988-11-30,2,2005-11-07,3,1,5,4,2016-12-01,1997-08-01,3,4,2007-10-01,10,1,6,1,11,1,6000,3500
624071,2017-09-30T12:04:16Z,76373,1975-03-07,1,2001-08-13,2,0,,5,2008-11-01,2008-11-01,10,16,2012-10-01,18,3,7,6,11,1,10000,3000
624577,2017-09-30T17:14:23Z,76539,1998-10-12,2,2014-12-19,4,0,,1,2004-04-01,2004-04-01,3,4,,4,4,,,11,2,7000,5000
624175,2017-09-30T13:09:32Z,76452,1992-08-17,1,2008-12-11,4,0,,1,1992-08-01,1992-08-01,11,14,2010-01-01,6,3,12,6,,6,12000,2500
624714,2017-09-30T18:50:20Z,76552,1985-09-27,2,2002-03-16,2,0,,5,2002-03-01,2002-03-01,6,8,2016-06-01,10,3,11,2,,5,5000,2000
624094,2017-09-30T12:17:19Z,76446,1995-10-11,1,2012-05-08,4,0,,1,1995-10-01,1995-10-01,23,27,,5,5,,,6,1,13000,7500
620723,2017-09-29T17:24:06Z,53186,1986-07-06,2,2003-05-24,3,1,6,4,2013-07-10,1986-07-10,11,14,2009-06-10,13,1,13,2,11,1,10000,3000
624369,2017-09-30T14:44:58Z,76484,1990-01-07,1,2006-02-08,4,0,,1,2017-04-01,1990-01-01,18,8,2017-05-01,7,1,12,5,10,1,7000,5000
624500,2017-09-30T16:06:23Z,76516,1994-11-10,1,2010-12-08,4,0,,1,2017-06-01,2017-06-01,3,4,2017-02-01,1,1,12,6,9,1,7000,6000
624309,2017-09-30T14:13:07Z,76093,1958-02-05,2,2002-11-26,2,0,,1,1986-12-01,1986-12-01,8,10,,30,2,,,8,1,1470,600
624358,2017-09-30T14:41:31Z,76470,1995-11-20,2,2014-09-25,4,0,,5,1995-11-01,1995-11-01,17,21,2015-05-01,2,6,5,6,,6,10000,4000
621049,2017-09-29T23:02:08Z,76264,1984-12-01,2,2002-04-08,4,0,,1,1984-12-01,1984-12-01,15,18,,5,5,,,4,2,5000,3500
623353,2017-09-30T05:00:12Z,56709,1987-04-02,1,2003-06-26,1,5,0,1,2017-06-10,2007-01-10,1,2,1970-01-01,0,5,,,,5,6000,4000
624219,2017-09-30T13:36:12Z,76472,1994-02-24,1,2014-12-25,3,0,,5,2017-02-01,2017-02-01,10,12,2014-03-01,5,1,2,4,2,1,10000,1000
624516,2017-09-30T16:15:41Z,76521,1991-04-29,2,2008-02-11,4,0,,1,1991-04-01,1991-04-01,18,22,2014-08-01,8,1,1,5,1,1,9000,3000
624274,2017-09-30T14:03:00Z,45651,1983-08-09,2,2014-03-22,3,0,,1,2006-02-10,2005-05-10,11,3,2004-08-10,13,1,13,1,,6,7000,4000
624782,2017-09-30T19:50:39Z,76564,1975-11-12,2,2001-10-02,4,1,13,6,2013-01-01,1975-11-01,21,5,2012-08-01,17,1,12,6,11,2,8000,5000
624680,2017-09-30T18:30:15Z,76548,1997-12-03,1,2014-01-22,1,0,,5,2016-02-01,2013-12-01,3,4,2016-03-01,2,1,4,6,6,2,8000,4000
624542,2017-09-30T16:38:27Z,54830,1987-10-08,2,2004-04-01,4,0,0,5,1994-04-10,1994-04-10,8,10,2012-10-10,8,1,7,2,,6,14500,6300
624691,2017-09-30T18:34:07Z,58025,1994-09-06,1,2010-11-03,1,1,2,1,1994-09-10,1994-09-10,8,10,2013-08-10,4,1,8,2,,6,3000,2000
624729,2017-09-30T18:55:17Z,74527,1998-12-11,2,2015-03-06,4,0,,6,2017-06-01,1998-12-01,14,17,2017-02-01,1,3,7,6,,5,10000,6000
623544,2017-09-30T08:08:01Z,76326,1988-06-23,2,2005-09-12,4,0,,5,1990-02-01,1990-02-01,9,11,2017-04-01,11,1,6,4,,6,6700,3000
624026,2017-09-30T11:39:10Z,76434,1994-04-27,2,2010-07-07,4,0,,1,2001-05-01,2001-05-01,23,27,,4,5,,,11,1,12000,8000
623647,2017-09-30T08:51:02Z,76353,1989-11-24,1,2014-09-02,3,1,1,1,2016-09-01,2013-09-01,9,12,2012-11-01,9,6,11,3,10,2,4000,1500
623833,2017-09-30T10:05:26Z,76135,1989-12-16,2,2006-02-17,1,1,2,5,1992-03-01,1992-03-01,9,11,2017-01-01,7,1,6,3,9,2,8500,6000
623268,2017-09-30T02:42:03Z,76286,1992-09-04,2,2016-05-06,4,0,,5,2016-11-01,2016-11-01,17,21,2017-07-01,1,1,6,2,11,1,8000,4000
623957,2017-09-30T11:04:57Z,45632,1994-06-23,2,2011-07-26,4,0,0,4,1992-01-10,1992-01-10,7,9,2017-01-10,1,1,12,5,4,1,9000,1500
620925,2017-09-29T19:14:52Z,65311,1987-08-04,1,2011-11-10,4,0,,5,1994-09-01,1994-09-01,8,10,2016-06-01,10,1,12,1,4,1,11000,10
624188,2017-09-30T13:19:18Z,44379,1990-08-01,1,2014-07-22,3,1,3,1,2015-01-10,1990-08-10,13,15,2016-08-10,7,1,9,3,,6,4400,2600
623538,2017-09-30T08:02:12Z,76322,1994-07-08,2,2010-11-10,4,0,,5,2014-07-01,1994-07-01,8,20,2015-08-01,4,1,10,1,,6,23000,10000
623753,2017-09-30T09:30:45Z,76376,1987-09-20,2,2003-12-03,2,1,4,1,1996-06-01,1996-06-01,12,15,2009-07-01,12,1,1,1,1,1,13200,6000
624508,2017-09-30T16:12:26Z,76519,1994-05-18,2,2010-11-09,4,0,,1,2010-05-01,2010-05-01,14,17,2017-07-01,6,6,3,3,11,1,4200,1700
623959,2017-09-30T11:05:41Z,76416,1992-10-10,2,2008-11-20,4,0,,3,2005-05-01,2005-05-01,8,10,2017-03-01,7,1,3,2,2,1,15000,5000
620142,2017-09-29T12:17:02Z,11644,1994-03-29,2,2010-04-29,4,0,,3,2015-05-10,2015-05-10,23,27,2015-05-01,2,1,2,5,11,1,8000,2500
620645,2017-09-29T16:36:32Z,76223,1996-02-06,2,2012-05-25,4,0,,1,2014-12-01,2014-12-01,4,6,,0,4,,,11,2,1500,1200
620747,2017-09-29T17:28:15Z,76236,1991-09-18,1,2015-11-19,3,0,,1,2017-01-01,2017-01-01,6,8,2011-08-01,6,1,8,5,,5,6000,1800
620007,2017-09-29T11:08:56Z,61457,1994-06-28,1,2013-12-19,3,1,3,5,2006-05-10,2006-05-10,10,12,2017-03-10,2,1,7,4,,6,5000,3500
620256,2017-09-29T13:09:13Z,76149,1985-01-28,1,2002-01-25,2,3,14,5,2002-10-01,2002-10-01,9,11,2011-05-01,8,1,8,1,,6,5000,3000
620194,2017-09-29T12:39:13Z,76133,1992-05-20,1,2008-10-30,4,0,,5,2016-12-01,1992-05-01,1,2,2016-12-01,6,1,12,1,4,1,6500,1500
619584,2017-09-29T08:13:22Z,76031,1983-10-21,2,2013-11-13,3,1,9,1,1993-04-01,1993-04-01,3,4,2017-06-01,16,1,12,2,,6,7000,4000
619363,2017-09-29T05:23:12Z,76003,1983-06-19,2,2014-12-18,3,4,10,1,2011-08-01,2011-08-01,6,8,2017-05-01,4,1,6,1,,6,5300,1500
620244,2017-09-29T13:04:37Z,76142,1988-11-20,2,2005-12-09,1,0,,5,2005-12-01,2005-12-01,23,27,2013-03-01,8,1,13,2,,5,4700,2500
619281,2017-09-29T01:29:20Z,74766,1986-10-29,2,2003-01-28,4,0,,5,2012-10-01,2012-10-01,10,12,2016-08-01,4,1,12,5,,5,6000,4000
619290,2017-09-29T02:02:51Z,75992,1986-12-01,2,2003-07-29,4,0,,5,1986-12-01,1986-12-01,21,25,2015-04-01,11,1,11,5,,5,3900,400
620954,2017-09-29T19:49:26Z,76261,1989-07-20,2,2014-10-15,3,0,,5,2014-07-01,2014-07-01,23,27,2015-06-01,8,1,6,5,,6,3200,3200
619696,2017-09-29T09:11:19Z,76059,1989-07-27,1,2015-05-06,3,1,7,5,1991-03-01,1991-03-01,23,27,2017-06-01,7,1,12,6,,6,5000,3500
620269,2017-09-29T13:12:58Z,76143,1996-07-06,1,2012-09-03,4,0,,1,2005-07-01,2005-07-01,9,11,2017-04-01,6,6,8,6,7,2,6000,2000
619639,2017-09-29T08:45:29Z,76038,1973-02-23,2,2000-11-15,3,2,20,4,2011-09-01,2011-09-01,23,27,2017-03-01,21,1,6,3,4,1,8500,3000
619750,2017-09-29T09:31:19Z,75981,1976-01-20,2,2012-05-30,3,2,8,4,2008-05-01,2008-05-01,19,23,2016-08-01,20,3,13,1,11,1,7000,2500
620291,2017-09-29T13:17:59Z,75403,1993-01-12,2,2016-11-04,4,0,,1,2003-02-01,2003-02-01,11,14,2014-03-01,3,1,2,3,9,1,9000,2000
616869,2017-09-28T23:15:24Z,75985,1988-04-18,2,2004-06-22,4,0,,5,2008-09-01,2002-04-01,13,16,2016-11-01,11,1,7,3,9,1,14000,11000
620264,2017-09-29T13:12:05Z,76150,1990-07-31,1,2006-11-17,1,1,3,1,2011-03-01,1990-07-01,19,23,2016-08-01,2,6,12,6,,5,2500,1600
616451,2017-09-28T16:15:33Z,75908,1987-07-23,1,2007-08-01,2,1,7,1,2016-03-01,1987-07-01,14,17,2007-09-01,10,1,8,2,,6,5200,1500
616663,2017-09-28T18:12:08Z,75946,1989-08-11,1,2005-09-29,4,1,4,1,1999-09-01,1999-09-01,3,4,2013-06-01,11,1,12,6,,5,5000,2000
619956,2017-09-29T10:46:59Z,76101,1987-01-27,2,2005-01-31,4,0,,4,2003-03-01,2003-03-01,3,4,2006-04-01,10,1,13,3,11,2,9000,4000
619682,2017-09-29T09:04:36Z,76054,1992-05-25,1,2011-03-25,3,1,6,5,2014-09-01,2014-09-01,20,24,2011-07-01,6,1,8,5,,6,3200,2000
619958,2017-09-29T10:47:35Z,76094,1992-08-11,2,2008-11-07,4,0,,1,1996-08-01,1996-08-01,3,4,2016-10-01,1,1,12,5,,6,6000,5000
619453,2017-09-29T06:40:15Z,75785,1993-11-21,1,2010-04-22,4,0,,1,2017-06-01,2010-10-01,8,10,2017-09-01,3,1,3,1,9,1,8000,3000
619692,2017-09-29T09:08:34Z,76053,1994-05-27,2,2010-08-05,4,0,,5,2011-08-01,2011-08-01,8,10,,3,5,,,4,2,5000,3000
619975,2017-09-29T10:53:48Z,72340,1995-11-07,2,2012-04-04,4,0,,5,2017-06-01,2017-06-01,19,23,2016-10-01,3,1,3,6,10,1,9000,3000
620694,2017-09-29T17:07:52Z,76192,1974-06-30,1,2004-10-12,2,2,17,3,2006-04-01,1999-02-01,10,12,,8,5,,,,6,4500,3000
620346,2017-09-29T13:51:19Z,76161,1983-03-14,2,2000-02-29,3,1,7,4,2004-04-01,2004-04-01,22,26,2012-04-01,13,1,12,6,9,1,9000,5000
620805,2017-09-29T17:44:15Z,76211,1994-08-15,2,2011-07-13,3,0,,1,2012-05-01,2012-05-01,4,6,2010-06-01,5,1,6,3,,6,9500,2000
620436,2017-09-29T14:42:53Z,76175,1980-08-08,2,1998-03-31,4,0,,5,1980-08-01,1980-08-01,6,8,2016-05-01,15,1,6,5,,6,7000,3000
619516,2017-09-29T07:35:13Z,12207,1978-04-21,2,2013-04-16,4,1,11,1,1978-04-01,1978-04-01,3,4,2017-02-01,20,1,7,2,,6,5500,2000
620001,2017-09-29T11:04:30Z,76104,1982-06-24,1,2010-10-26,3,1,6,1,2000-02-01,2000-02-01,3,4,2012-11-01,15,1,12,3,,5,15000,5000
620366,2017-09-29T13:59:08Z,76164,1981-02-23,2,1998-02-20,4,0,,5,1982-01-01,1982-01-01,3,4,2016-07-01,14,1,3,3,11,1,10000,4000
619349,2017-09-29T05:06:50Z,76002,1978-03-31,2,1996-05-12,3,1,8,5,1978-03-01,1978-03-01,16,20,2015-02-01,12,1,3,3,,6,8000,6000
619486,2017-09-29T07:14:59Z,76018,1973-05-20,2,2015-05-19,3,3,20,6,2015-09-01,2015-05-01,9,5,2017-06-01,20,1,6,1,6,1,12500,9500
616062,2017-09-28T12:59:15Z,32177,1993-03-10,2,2010-12-16,3,1,1,1,1993-03-10,1993-03-10,15,18,2014-03-10,5,1,6,2,,6,3500,2000
616700,2017-09-28T18:37:23Z,75950,1994-07-19,1,2010-11-19,4,0,,1,1994-07-01,1994-07-01,6,8,2017-07-01,1,1,12,3,4,2,4000,1500
612652,2017-09-27T21:18:39Z,75660,1984-01-02,2,2001-01-09,3,1,1,1,1997-08-01,1997-08-01,8,10,2014-10-01,14,3,11,4,9,7,13200,5000
616329,2017-09-28T15:00:29Z,75877,1964-04-14,2,1996-04-19,2,1,26,5,2006-03-01,2006-03-01,9,11,2011-06-01,26,3,12,6,,6,15000,5000
616516,2017-09-28T16:47:24Z,75919,1994-01-15,2,2010-08-17,4,0,,1,2011-06-01,1994-09-01,14,12,2014-07-01,3,1,6,5,,6,6300,5500
616795,2017-09-28T20:05:15Z,75966,1993-09-15,2,2009-11-02,4,0,,3,2000-05-01,2000-05-01,19,23,2015-04-01,4,1,7,1,3,2,10000,6000
616118,2017-09-28T13:14:31Z,75841,1985-11-04,2,2015-11-24,4,0,,1,2015-12-01,2015-12-01,6,8,2015-03-01,5,1,12,6,,6,10000,4000
616360,2017-09-28T15:12:42Z,75892,1995-05-26,2,2011-07-23,1,0,,5,1995-05-01,1995-05-01,19,23,2016-04-01,1,1,3,4,,5,5000,3000
615961,2017-09-28T12:03:46Z,75816,1994-08-09,2,2010-11-11,4,0,,5,1994-08-01,1994-08-01,3,4,2015-05-01,5,1,12,1,8,1,10000,3000
616073,2017-09-28T13:01:30Z,75831,1983-08-13,2,1999-10-18,3,1,10,5,2006-01-01,2006-01-01,3,4,2005-03-01,12,1,6,5,,6,8500,2500
615657,2017-09-28T09:59:18Z,75765,1991-02-16,2,2017-05-24,4,0,,3,2017-04-01,1991-05-01,8,10,,5,2,,,10,1,6000,3500
616592,2017-09-28T17:32:52Z,75930,1982-11-10,1,2010-04-29,2,2,16,1,1982-11-01,1982-11-01,6,8,2014-09-01,14,1,13,4,,6,4200,1700
615665,2017-09-28T10:01:25Z,75759,1992-01-25,2,2008-03-25,4,0,,5,2000-08-01,2000-08-01,12,15,2015-08-01,2,1,1,5,6,2,8300,4000
616607,2017-09-28T17:40:26Z,75929,1994-04-25,2,2010-05-26,4,0,,4,1995-06-01,1995-06-01,4,6,2015-08-01,5,3,12,6,,6,8700,2500
616506,2017-09-28T16:41:47Z,75917,1989-10-08,2,2006-03-02,3,1,1,1,2016-10-01,2016-10-01,14,17,2015-02-01,2,1,3,3,,5,7000,1000
616181,2017-09-28T13:49:14Z,75860,1992-09-14,2,2009-03-20,3,0,,3,2015-04-01,2015-04-01,22,26,2016-05-01,2,1,2,5,9,1,7000,3000
612343,2017-09-27T16:29:23Z,75588,1987-01-22,1,2009-04-17,2,1,8,5,2011-06-01,2011-06-01,3,4,2011-09-01,6,1,10,4,6,1,4500,2700
612665,2017-09-27T22:01:32Z,75636,1992-12-11,2,2009-02-12,3,0,,1,1992-12-01,1992-12-01,10,12,2017-01-01,6,1,6,1,11,2,6500,3700
615192,2017-09-28T04:36:24Z,75373,1995-12-14,2,2012-05-17,4,0,,1,2013-09-01,2013-09-01,18,22,2017-06-01,2,1,5,2,11,1,8100,1500
616654,2017-09-28T18:04:38Z,70120,1993-10-05,1,2014-05-15,3,1,3,1,1996-05-01,1996-05-01,14,17,2012-03-01,5,1,8,1,,6,3500,2000
615526,2017-09-28T08:59:56Z,75751,1994-02-08,2,2010-03-17,4,0,,5,2016-06-01,2010-10-01,8,7,2017-03-01,5,1,12,5,4,1,11000,9500
616730,2017-09-28T19:11:20Z,75826,1994-07-10,1,2013-09-04,4,0,,1,2017-07-01,2015-08-01,8,4,2017-08-01,2,1,5,5,4,1,9500,3000
615477,2017-09-28T08:38:06Z,63491,1986-11-20,1,2012-09-26,3,2,0,5,2007-03-10,2007-03-10,12,15,2016-12-10,10,1,12,6,,5,6000,2000
616150,2017-09-28T13:30:57Z,55469,1989-01-31,1,2005-07-27,3,2,0,1,1997-12-10,1997-12-10,9,11,2016-05-10,7,1,12,4,,5,8000,1500
616535,2017-09-28T16:56:24Z,75928,1999-04-14,2,2015-08-20,4,0,,5,1999-04-01,1999-04-01,3,4,,2,4,,,9,2,6000,2000
616340,2017-09-28T15:05:48Z,75885,1987-06-12,1,2015-10-09,3,1,2,1,1994-01-01,1994-01-01,9,11,,10,5,,,,5,3500,1000
616439,2017-09-28T16:04:27Z,75868,1994-10-31,2,2015-04-23,4,0,,1,2017-04-01,2014-05-01,6,12,,1,4,,,7,2,5000,5000
612568,2017-09-27T19:16:52Z,4516,1996-11-14,1,2014-12-16,3,0,0,1,2012-11-10,2012-11-10,3,4,2016-03-10,2,1,13,4,,6,6200,2500
615438,2017-09-28T08:10:33Z,47775,1993-03-11,2,2009-08-28,4,0,,1,2015-06-10,2014-06-10,11,14,2014-06-10,3,1,2,5,1,2,12700,7600
615130,2017-09-28T01:20:24Z,64186,1988-08-28,2,2004-09-16,4,0,,5,2016-07-01,2016-07-01,9,11,2013-06-01,7,1,3,4,3,2,13099,10
615365,2017-09-28T07:34:30Z,75721,1987-08-27,2,2006-08-03,4,0,,5,2007-11-01,2007-11-01,8,10,2007-01-01,10,3,11,6,9,2,5000,1500
615774,2017-09-28T10:42:08Z,75773,1989-06-25,2,2005-11-22,4,0,,1,1990-01-01,1990-01-01,15,18,2017-06-01,7,3,12,6,4,2,8000,5000
616632,2017-09-28T17:50:03Z,75940,1993-08-28,2,2009-12-04,3,2,2,5,2017-07-01,2000-08-01,2,3,2017-04-01,4,1,12,5,2,2,12000,4500
615318,2017-09-28T06:53:55Z,75704,1990-01-25,2,2006-02-16,4,0,,1,1990-01-01,1990-01-01,8,10,2012-03-01,9,1,3,3,4,2,12000,1000
616043,2017-09-28T12:54:09Z,75814,1984-02-13,2,2000-09-20,3,1,8,4,2006-04-01,2006-04-01,10,12,2011-03-01,10,1,2,5,9,1,6000,2000
616484,2017-09-28T16:33:25Z,75874,1988-03-03,2,2004-04-20,3,0,,5,1988-03-01,1988-03-01,4,6,,0,5,,,,6,5000,1200
615587,2017-09-28T09:35:31Z,31396,1985-07-25,1,2004-04-24,2,1,9,5,2005-05-10,2005-05-10,9,11,2004-10-10,12,1,2,1,,5,5000,3000
616166,2017-09-28T13:40:24Z,66571,1977-01-07,2,1998-09-14,3,1,4,5,2008-09-01,2000-01-01,3,4,2008-10-01,22,1,12,4,10,2,15000,8000
616448,2017-09-28T16:12:38Z,75909,1981-01-06,1,2011-07-06,2,3,15,5,2012-12-01,2012-12-01,5,7,2011-09-01,14,1,10,1,6,1,12000,4500
615267,2017-09-28T06:19:01Z,57199,1990-02-28,2,2016-02-24,3,0,,1,2015-09-10,2015-09-10,18,22,2014-06-10,8,1,6,2,,6,1200,5000
615546,2017-09-28T09:17:53Z,75754,1992-03-16,2,2009-02-13,3,1,2,5,2007-07-01,2007-07-01,12,15,2013-07-01,7,1,6,1,4,1,8000,5000
616009,2017-09-28T12:36:02Z,75035,1995-09-21,2,2011-10-20,4,0,,2,2012-09-01,2012-09-01,4,6,2016-12-01,6,6,11,6,11,1,3000,700
616813,2017-09-28T20:41:57Z,75965,1985-04-23,1,2007-05-26,3,2,10,1,1985-10-01,1985-10-01,18,22,2015-09-01,3,1,10,2,,6,5000,2000
612718,2017-09-28T00:00:02Z,75672,1989-05-27,2,2016-10-06,4,0,,1,2016-08-01,2016-08-01,21,25,2017-01-01,0,1,12,4,,5,3500,3000
611843,2017-09-27T12:49:49Z,74941,1994-01-27,2,2013-02-09,4,0,,5,1997-01-01,1997-01-01,16,20,,5,5,,,10,2,10000,2500
611867,2017-09-27T12:56:31Z,75488,1987-06-17,2,2007-06-18,3,2,9,4,2014-03-01,2014-03-01,20,24,,11,5,,,1,1,8000,4500
612322,2017-09-27T16:23:38Z,75590,1988-10-08,2,2009-02-27,4,0,,1,2011-03-01,2011-03-01,15,18,,1,5,,,4,1,5000,3500
611498,2017-09-27T08:37:57Z,75401,1983-01-23,1,2003-09-02,3,1,11,5,2005-12-01,2005-12-01,12,15,2012-08-01,15,1,10,5,10,1,12000,7000
611264,2017-09-27T06:04:04Z,75358,1983-01-20,1,2005-07-08,3,2,8,5,2015-02-01,2015-02-01,13,16,2016-08-01,11,3,3,6,4,7,10000,6000
611532,2017-09-27T09:03:53Z,75414,1988-08-31,1,2008-09-05,3,2,8,1,2014-08-01,2014-08-01,3,4,2015-08-01,7,1,6,1,,6,6500,2000
612003,2017-09-27T13:49:21Z,75512,1994-06-01,2,2010-12-08,4,0,,5,1994-07-01,1994-07-01,18,22,2015-03-01,2,1,12,4,7,1,8000,6000
612360,2017-09-27T16:35:16Z,30698,1949-04-23,1,1999-05-20,5,3,43,5,1984-09-01,1984-09-01,3,4,,37,2,,,,5,2380,1600
611866,2017-09-27T12:56:26Z,27433,1977-09-02,1,1996-09-25,4,2,21,5,2004-09-10,2004-09-10,12,15,2016-03-10,23,1,3,4,,6,7000,4500
611688,2017-09-27T11:07:02Z,75458,1991-12-29,2,2008-02-26,4,0,,5,2011-01-01,2011-01-01,9,11,2016-01-01,2,3,12,6,7,2,18000,13000
612293,2017-09-27T16:14:13Z,75585,1999-04-11,2,2015-05-23,4,0,,1,2009-09-01,2009-09-01,14,17,2017-06-01,0,1,6,4,,5,8500,2500
611975,2017-09-27T13:37:11Z,20039,1984-07-15,2,2001-10-19,4,0,,1,1984-07-10,1984-07-10,19,23,2010-05-10,13,6,4,6,,6,6000,1800
611549,2017-09-27T09:15:30Z,75421,1991-09-15,2,2008-01-26,1,0,,5,1998-03-01,1998-03-01,17,21,2015-03-01,5,3,3,1,,6,25000,10000
612432,2017-09-27T17:15:03Z,75607,1989-07-27,2,2011-12-30,4,0,,5,1999-05-01,1999-05-01,14,17,2013-07-01,7,6,7,3,6,1,12000,8000
611583,2017-09-27T10:02:35Z,51071,1997-09-22,2,2013-09-27,4,0,,1,1999-04-10,1999-04-10,8,10,2013-01-10,4,3,7,5,,5,5000,1500
612236,2017-09-27T15:48:45Z,33665,1996-12-03,2,2013-02-08,4,0,0,1,1996-12-10,1996-12-10,21,25,1970-01-10,2,4,,,10,1,4000,1500
611300,2017-09-27T06:44:54Z,75147,1986-11-11,2,2003-12-11,2,0,,5,2016-09-01,2016-09-01,6,8,2016-08-01,8,3,8,6,9,1,7500,2000
611918,2017-09-27T13:14:21Z,75495,1987-10-10,2,2004-01-30,3,1,2,1,2015-02-01,1987-10-01,9,11,2016-05-01,9,3,11,6,4,1,8000,4500
612448,2017-09-27T17:22:54Z,75612,1986-07-17,1,2009-07-30,3,2,6,5,2009-09-01,2009-09-01,17,21,2013-09-01,10,3,10,4,,6,5000,1500
608348,2017-09-26T15:43:56Z,75239,1995-08-26,1,2014-10-04,4,0,,1,1995-08-01,1995-08-01,3,4,2017-04-01,6,6,6,5,,5,2200,400
608362,2017-09-26T15:54:15Z,75248,1986-04-05,2,2002-08-06,4,0,,5,1989-01-01,1989-01-01,8,10,2009-08-01,8,1,11,5,10,1,15000,6000
608149,2017-09-26T14:37:48Z,3568,1987-03-28,1,2014-09-11,3,3,11,5,1987-04-10,1987-04-10,19,23,2001-01-01,10,3,12,6,,5,4000,2500
608240,2017-09-26T15:07:56Z,74208,1979-07-29,2,1995-11-10,3,1,12,3,2007-04-01,2007-04-01,18,22,2013-08-01,17,1,12,6,2,7,15000,8000
607914,2017-09-26T12:33:12Z,16839,1987-12-24,1,2014-04-23,3,1,7,1,2009-09-10,2009-09-10,15,18,2016-05-10,10,1,5,3,,6,2800,1000
608258,2017-09-26T15:14:21Z,75234,1987-10-27,2,2015-09-10,4,0,,1,2012-12-01,1989-10-01,9,11,2013-07-01,10,1,11,6,,6,8000,2500
607132,2017-09-26T03:12:47Z,49926,1988-10-01,2,2005-10-12,3,0,0,3,2015-06-10,2015-06-10,21,25,2007-01-10,10,1,12,6,4,1,16000,500
608101,2017-09-26T14:18:35Z,75197,1984-07-30,1,2010-09-30,4,0,,5,2005-05-01,2005-05-01,8,10,,0,5,,,9,2,20000,10000
607276,2017-09-26T06:15:54Z,75069,1979-03-25,1,1998-09-08,3,0,,5,2014-10-01,2008-01-01,8,11,2014-10-01,3,1,11,6,,5,5000,3500
608654,2017-09-26T19:38:49Z,75300,1991-10-07,1,2009-07-16,3,1,8,5,2009-05-01,2009-05-01,4,6,2015-06-01,6,1,11,2,,6,4900,1500
608010,2017-09-26T13:39:47Z,73522,1985-08-28,1,2017-01-16,3,2,14,1,1985-08-01,1985-08-01,9,11,2016-02-01,10,1,6,4,,5,8000,6000
607505,2017-09-26T09:24:29Z,75108,1998-02-08,1,2014-04-09,4,0,,1,2011-12-01,2011-12-01,16,20,2017-02-01,1,6,7,2,6,2,5500,2700
608334,2017-09-26T15:40:53Z,14823,1980-07-27,1,1997-07-18,4,0,,1,2006-05-10,1980-07-10,8,20,2013-09-10,14,1,6,2,,6,6000,3000
607924,2017-09-26T12:40:57Z,75167,1983-10-06,2,2000-07-12,3,1,10,5,2000-07-01,2000-07-01,11,14,2003-03-01,14,3,12,6,9,1,10000,7000
608178,2017-09-26T14:48:14Z,75060,1995-07-05,2,2011-08-27,4,0,,3,2017-08-01,2017-08-01,3,4,2015-03-01,4,1,11,2,11,2,5000,4000
607887,2017-09-26T12:22:04Z,74935,1991-10-01,1,2007-11-14,4,0,,1,1991-10-01,1991-10-01,9,11,2016-12-01,6,1,2,5,,6,7000,6000
608664,2017-09-26T19:44:18Z,75306,1970-09-13,1,2013-11-13,3,2,24,5,1995-08-01,1995-08-01,6,8,2016-11-01,20,1,8,4,,6,5000,1000
608685,2017-09-26T20:41:01Z,75316,1993-07-07,2,2009-08-12,4,0,,5,2011-09-01,2011-09-01,3,4,2017-09-01,1,1,10,3,3,7,5200,2000
608566,2017-09-26T17:57:22Z,75274,1983-02-08,2,1999-02-16,4,2,10,2,1995-06-01,1995-06-01,6,8,2013-01-01,13,1,11,6,10,1,7500,3000
608529,2017-09-26T17:36:19Z,75268,1986-10-06,1,2013-11-12,3,1,3,5,2013-06-01,2013-06-01,9,11,2017-02-01,10,1,6,3,6,2,4500,2000
607782,2017-09-26T11:29:52Z,75149,1993-01-15,1,2009-05-26,4,0,,5,2016-03-01,2011-01-01,3,4,2016-06-01,3,1,6,2,6,1,6000,5000
607892,2017-09-26T12:24:41Z,57490,1997-12-13,2,2014-09-09,4,0,,4,2015-09-01,1999-09-01,13,2,,3,4,,,9,2,4000,2000
607940,2017-09-26T12:46:56Z,75155,1996-08-25,1,2012-10-19,4,0,,5,2004-02-01,2004-02-01,3,4,2016-01-01,2,1,2,1,6,1,3500,1500
607872,2017-09-26T12:15:22Z,75161,1994-04-06,2,2010-11-10,4,0,,4,1995-03-01,1995-03-01,7,9,,0,5,,,6,2,6000,2500
607519,2017-09-26T09:34:28Z,49722,1998-02-02,2,2014-09-02,4,0,0,5,2000-02-10,2000-02-10,9,11,2017-05-10,1,4,,,10,2,8000,1000
607722,2017-09-26T11:02:40Z,74933,1994-07-04,2,2010-07-22,4,0,,4,2006-07-01,2006-07-01,8,10,2015-05-01,2,1,3,5,2,1,10380,3100
607466,2017-09-26T08:57:54Z,21554,1995-06-04,2,2011-07-07,4,0,0,4,2016-10-10,2011-09-10,23,27,2013-09-10,4,1,13,6,,6,7000,4000
607085,2017-09-26T01:12:28Z,75052,1993-12-05,1,2010-03-23,4,0,,5,2010-03-01,2010-03-01,3,4,2016-10-01,1,1,7,4,6,1,10000,8000
607767,2017-09-26T11:25:45Z,75145,1989-03-08,2,2005-07-28,4,0,,5,2017-01-01,2004-03-01,9,11,2013-02-01,10,1,12,6,,5,15000,5000
603708,2017-09-25T10:53:21Z,74841,1993-08-19,1,2010-11-18,4,0,,1,2011-09-01,2011-09-01,12,15,2017-05-01,0,1,11,4,4,1,5000,3000
603222,2017-09-25T06:44:16Z,74769,1995-06-22,2,2011-12-20,4,0,,4,2001-06-01,2001-06-01,13,16,2006-02-01,10,1,12,6,,6,8000,8000
604236,2017-09-25T15:14:15Z,74957,1989-01-19,2,2005-12-05,1,1,2,5,2001-09-01,2001-09-01,3,4,2013-04-01,8,1,6,1,11,1,12000,7000
603885,2017-09-25T12:26:07Z,74883,1995-04-15,2,2016-06-16,4,0,,1,2011-04-01,2011-04-01,6,8,2016-03-01,4,1,12,1,,6,4225,2500
604032,2017-09-25T13:49:50Z,74917,1989-10-29,1,2009-09-11,3,1,7,5,1994-11-01,1994-11-01,14,17,2012-03-01,5,1,12,6,11,2,4200,1200
603601,2017-09-25T09:47:25Z,74820,1985-05-09,2,2011-10-03,3,0,,1,2000-07-01,2000-07-01,14,17,2015-11-01,10,3,7,6,5,1,2500,1000
603138,2017-09-25T05:33:43Z,64940,1982-08-04,2,1999-07-20,3,2,0,1,2000-05-10,2000-05-10,2,3,2017-03-10,15,1,12,2,,5,5000,4009
603866,2017-09-25T12:13:51Z,48415,1995-07-25,1,2016-05-24,3,1,1,5,1995-07-10,1995-07-10,3,4,2015-08-10,3,1,13,5,,5,3000,2000
604250,2017-09-25T15:18:02Z,74965,1983-05-23,2,2016-08-27,4,0,,5,1989-06-01,1989-06-01,8,10,2016-03-01,2,1,12,4,,5,7500,5000
600567,2017-09-24T21:18:27Z,74761,1984-03-12,2,2001-08-20,4,0,,5,2005-05-01,1984-03-01,8,7,2006-09-01,12,1,10,4,6,1,10000,2500
603697,2017-09-25T10:50:19Z,74843,1991-01-23,2,2007-09-17,4,0,,1,1992-01-01,1992-01-01,3,4,2012-07-01,8,1,12,3,,5,10000,2000
603346,2017-09-25T07:42:28Z,74787,1993-09-20,1,2017-02-16,4,0,,1,2016-02-01,1995-08-01,18,5,2015-11-01,2,3,11,6,4,1,7000,5000
603923,2017-09-25T12:46:52Z,74896,1986-03-26,2,2002-08-08,3,1,2,5,2014-11-01,2000-03-01,8,5,2012-06-01,5,1,12,5,4,1,20000,2000
604068,2017-09-25T14:06:12Z,74931,1984-12-05,2,2000-12-20,4,0,,5,2010-10-01,2010-10-01,5,7,2011-03-01,13,3,4,6,,6,5500,3000
604060,2017-09-25T14:03:44Z,74575,1967-01-27,2,2004-02-17,2,2,23,5,2013-08-01,2013-08-01,4,6,1999-12-01,26,1,6,6,4,1,9500,4000
603991,2017-09-25T13:25:41Z,74902,1992-10-16,2,2009-10-15,4,0,,1,1992-11-01,1992-11-01,23,27,2015-09-01,2,1,10,2,8,1,3200,1000
600558,2017-09-24T21:11:34Z,74625,1967-01-02,2,1998-02-04,3,1,26,4,1988-02-01,1988-02-01,9,11,2015-03-01,18,3,7,6,,5,1340,400
599414,2017-09-24T05:16:30Z,74566,1993-03-08,1,2011-09-30,3,3,5,1,2016-08-01,2011-07-01,14,17,2016-09-01,1,6,8,1,,6,5000,3500
600469,2017-09-24T19:26:34Z,74747,1989-10-14,2,2006-01-11,4,0,,1,2001-08-01,2001-08-01,10,12,2015-03-01,7,1,1,5,4,1,10000,1000
600174,2017-09-24T15:09:10Z,74704,1984-01-31,2,2000-05-19,4,0,,5,2006-08-01,2006-08-01,3,4,2017-08-01,9,1,7,5,4,1,6000,3500
599964,2017-09-24T12:23:22Z,74646,1990-03-26,1,2006-06-27,4,0,,2,2016-07-01,2004-08-01,9,11,2017-07-01,1,1,5,5,4,1,9000,7000
600136,2017-09-24T14:23:25Z,57830,1972-04-04,2,2000-03-29,4,1,24,5,1985-12-10,1985-12-10,9,11,2017-04-10,29,1,11,1,9,1,10000,5000
599422,2017-09-24T05:38:19Z,59368,1978-07-08,2,2016-11-25,1,1,8,5,1978-07-10,1978-07-10,2,3,2017-08-10,23,3,6,6,,6,6000,4000
600196,2017-09-24T15:20:11Z,74695,1974-12-29,2,1997-09-12,4,0,,1,1991-01-01,1991-01-01,14,17,2017-06-01,20,1,6,5,,6,9500,3500
599883,2017-09-24T11:27:38Z,72307,1989-06-04,2,2006-05-04,4,0,,1,2007-09-01,2007-09-01,3,4,2017-06-01,0,6,12,2,,5,4000,1000
600440,2017-09-24T18:38:25Z,74739,1980-10-19,2,1997-09-26,1,1,10,5,1986-05-01,1986-05-01,9,11,2000-11-01,18,1,2,1,9,1,7800,2000
600200,2017-09-24T15:22:34Z,74707,1994-05-15,1,2010-11-05,4,0,,1,2012-08-01,2012-08-01,3,4,2014-08-01,2,1,11,2,2,2,5000,1000
599773,2017-09-24T10:32:57Z,74609,1978-12-07,2,1997-05-22,3,5,18,5,2014-10-01,1999-08-01,14,5,2016-10-01,0,1,6,5,,5,5500,4200
600335,2017-09-24T17:04:24Z,71209,1984-06-02,1,2011-07-18,3,2,6,1,2016-06-01,2016-06-01,18,22,2016-11-01,13,3,9,6,4,1,3500,2500
600534,2017-09-24T20:48:22Z,74758,1992-10-11,2,2008-10-24,3,1,4,5,2009-03-01,2009-03-01,12,15,2011-04-01,7,1,12,3,,6,8000,4000
600457,2017-09-24T19:03:18Z,74746,1993-02-09,2,2009-12-01,4,0,,5,2014-05-01,2014-05-01,6,8,2017-02-01,4,1,11,4,4,2,12000,3800
599821,2017-09-24T10:50:04Z,57605,1995-06-01,1,2011-09-08,4,0,,5,1995-06-10,1995-06-10,16,20,2017-03-10,4,1,6,5,10,2,4000,1500
600488,2017-09-24T19:41:26Z,74740,1993-02-14,2,2009-03-04,3,0,,1,2013-01-01,1994-01-01,1,9,2016-08-01,2,1,12,2,11,1,7000,4500
599760,2017-09-24T10:28:43Z,46951,1994-05-24,1,2011-02-07,4,0,,1,2017-01-10,1994-05-10,7,9,2016-08-10,1,1,8,2,7,1,5000,1000
596694,2017-09-23T16:08:08Z,74524,1994-11-11,2,2010-12-25,4,0,,5,2010-09-01,2010-09-01,6,8,2015-05-01,4,1,13,4,10,1,10000,5000
599375,2017-09-24T04:11:24Z,74565,1990-01-23,2,2006-11-09,3,2,6,1,1997-08-01,1997-08-01,13,16,2017-07-01,4,1,6,3,,5,6500,4000
600249,2017-09-24T16:01:43Z,74711,1995-05-02,1,2017-03-11,4,0,,1,2011-06-01,2011-06-01,6,8,2017-03-01,1,1,8,5,,5,3200,1000
600213,2017-09-24T15:28:01Z,74692,1997-01-11,2,2013-08-09,4,0,,1,2017-05-01,2010-01-01,13,16,2016-03-01,2,1,1,4,,6,7000,5000
596386,2017-09-23T12:25:03Z,74475,1983-02-02,2,2001-03-20,3,0,,1,2016-10-01,1996-03-01,11,14,2015-04-01,10,1,6,5,4,1,7000,1500
596058,2017-09-23T09:33:14Z,74423,1982-07-06,1,1998-12-22,4,0,,5,1982-07-01,1982-07-01,11,14,2015-09-01,17,1,3,5,4,1,8000,4000
596840,2017-09-23T18:48:21Z,74544,1987-11-08,2,2004-01-29,4,0,,5,1990-01-01,1990-01-01,3,4,2014-12-01,8,1,11,1,,6,5000,2000
595862,2017-09-23T07:28:16Z,74385,1988-05-14,2,2004-08-20,4,0,,5,1988-05-01,1988-05-01,23,27,2016-08-01,7,1,6,4,,6,8000,3000
596292,2017-09-23T11:33:48Z,36946,1974-11-19,1,2014-01-14,2,2,0,5,1999-09-10,1999-09-10,21,25,1995-02-10,22,1,2,4,,6,5000,1500
596299,2017-09-23T11:36:10Z,74455,1990-10-17,2,2006-11-29,4,0,,5,2015-06-01,1993-11-01,18,13,2015-10-01,5,1,5,4,2,1,5500,3000
593211,2017-09-22T21:18:48Z,74344,1991-09-03,1,2010-11-25,3,3,6,5,2000-09-01,2000-09-01,8,10,2010-07-01,7,1,11,6,3,7,12000,5000
595840,2017-09-23T07:18:03Z,18775,1990-08-11,2,2006-11-22,4,0,,5,2002-10-10,2002-10-10,21,25,2017-01-10,3,1,6,3,,6,4000,2000
596160,2017-09-23T10:26:07Z,74439,1988-08-05,2,2009-12-30,4,0,,5,2009-06-01,2009-06-01,13,16,2014-02-01,5,1,13,2,,6,7000,2300
596383,2017-09-23T12:24:16Z,74471,1991-12-31,1,2008-03-21,4,0,,1,2013-06-01,1998-10-01,8,23,2016-11-01,7,1,7,4,6,1,18200,1200
595718,2017-09-23T05:19:15Z,3635,1993-02-03,2,2009-04-11,4,0,0,5,1993-02-10,1993-02-10,18,22,2015-07-10,2,1,13,5,11,1,3000,1500
593265,2017-09-22T22:43:13Z,68367,1980-04-20,1,1996-08-13,4,0,,2,1999-07-10,1999-07-10,2,3,2012-04-10,5,1,11,2,7,7,9000,4000
588841,2017-09-21T17:14:24Z,74007,1986-11-14,2,2003-01-22,4,0,,5,1986-11-01,1986-11-01,14,17,2013-09-01,4,1,5,1,4,1,7500,2000
592803,2017-09-22T16:15:40Z,47858,1995-04-20,2,2011-07-04,4,0,,1,1996-03-10,1996-03-10,16,20,2014-09-10,3,1,6,5,5,1,5000,3000
593147,2017-09-22T20:12:26Z,72699,1991-07-22,2,2007-08-21,4,0,,5,2013-07-01,2013-07-01,4,6,2016-02-01,1,1,6,1,11,1,4500,2000
591685,2017-09-22T06:30:10Z,74112,1995-08-12,1,2016-11-21,1,1,3,1,2014-01-01,2014-01-01,3,4,2017-01-01,3,3,12,6,,5,6000,4000
591995,2017-09-22T09:13:50Z,74156,1991-01-14,2,2007-02-28,3,0,,5,1995-01-01,1995-01-01,14,17,2016-08-01,2,3,10,6,10,1,7500,2000
589188,2017-09-21T23:36:29Z,62589,1984-06-04,1,2008-12-16,4,3,13,1,1984-06-01,1984-06-01,3,4,,0,5,,,,3,6200,4500
592675,2017-09-22T15:18:47Z,73938,1975-08-18,1,2001-09-04,1,1,15,5,2001-06-01,2001-06-01,6,8,2016-11-01,16,6,11,3,4,1,15000,10000
592356,2017-09-22T12:34:25Z,74237,1990-11-19,1,2007-05-14,1,0,,1,2015-10-01,2007-04-01,12,15,2015-11-01,8,1,12,6,6,1,6800,3000
592247,2017-09-22T11:34:56Z,74217,1993-12-20,2,2015-02-13,1,0,,1,2012-09-01,2012-09-01,8,10,2017-02-01,3,1,7,5,11,2,7500,1500
592468,2017-09-22T13:43:20Z,74260,1981-03-26,2,1997-11-01,3,3,13,5,2008-09-01,2008-09-01,5,7,2017-07-01,13,1,2,2,9,1,4500,1500
592224,2017-09-22T11:23:08Z,74202,1988-02-17,2,2004-07-09,4,1,3,5,2013-10-01,1988-02-01,3,4,2017-07-01,10,1,12,3,,6,15000,9000
591743,2017-09-22T07:11:09Z,74119,1980-04-04,2,1997-01-13,4,0,,5,2014-11-01,1980-04-01,8,11,2014-11-01,20,3,7,6,6,1,50000,15000
589199,2017-09-21T23:49:02Z,74074,1993-07-22,2,2009-09-30,3,1,2,1,1993-07-01,1993-07-01,3,4,2017-04-01,0,6,13,1,11,1,5000,4000
591512,2017-09-22T00:34:49Z,48263,1989-10-20,2,2007-07-18,4,0,,4,2005-04-10,2005-04-10,11,14,2015-05-10,6,6,6,5,,5,8000,3000
592690,2017-09-22T15:28:40Z,74292,1989-10-26,1,2014-10-25,3,2,8,5,1989-10-01,1989-10-01,15,18,2015-06-01,5,3,12,6,,5,6000,1500
593178,2017-09-22T20:47:16Z,74326,1980-11-15,1,2004-03-23,4,1,13,1,1981-02-01,1981-02-01,3,4,2014-09-01,5,1,11,3,6,1,6500,3500
592571,2017-09-22T14:31:01Z,74278,1993-07-23,2,2009-09-18,4,0,,5,1993-08-01,1993-08-01,22,26,2014-11-01,4,1,12,3,,6,6000,2000
592588,2017-09-22T14:40:53Z,74279,1994-09-05,2,2010-12-22,2,1,5,1,1994-09-01,1994-09-01,12,15,2012-08-01,6,1,2,4,9,1,10000,5000
592944,2017-09-22T17:19:13Z,37844,1996-01-29,2,2012-09-21,4,0,,1,2015-09-10,2015-09-10,12,15,1970-01-01,1,4,,,,6,3000,1000
591609,2017-09-22T05:41:52Z,49259,1975-03-23,2,1998-09-23,2,1,0,3,1998-08-10,1998-08-10,11,14,2015-03-10,17,1,12,3,4,1,9000,4500
591751,2017-09-22T07:13:47Z,74117,1992-02-14,1,2011-02-18,3,2,8,1,2016-03-01,2016-03-01,18,22,2016-06-01,5,1,8,4,,5,3500,2200
592498,2017-09-22T13:54:49Z,74267,1985-07-31,2,2014-02-27,3,1,6,5,1989-01-01,1989-01-01,8,10,2010-02-01,16,1,11,6,4,2,20000,9000
588067,2017-09-21T10:37:18Z,73848,1990-04-07,2,2006-04-26,4,0,,1,1990-04-01,1990-04-01,18,22,2017-05-01,2,1,3,5,,5,6000,6000
588705,2017-09-21T15:57:59Z,73977,1993-02-28,2,2009-04-06,4,0,,4,1993-02-01,1993-02-01,13,16,2016-11-01,6,1,12,3,,6,12000,8000
584679,2017-09-20T16:03:11Z,67416,1967-05-11,1,2006-08-01,3,0,,5,2015-12-10,2015-12-10,9,11,2007-10-10,10,1,12,3,4,7,8200,2000
588125,2017-09-21T11:06:50Z,73850,1989-05-03,2,2005-12-01,4,0,,5,1989-05-01,1989-05-01,1,2,2008-04-01,9,1,13,5,,6,8500,2000
588538,2017-09-21T14:44:29Z,73952,1996-07-15,2,2016-01-16,4,0,,3,2006-01-01,2006-01-01,6,8,2017-05-01,2,1,7,2,11,2,5000,3000
588207,2017-09-21T11:52:33Z,25632,1969-02-16,2,2002-04-06,4,0,,1,1986-03-10,1986-03-10,6,8,2016-12-01,27,3,9,4,6,2,6500,1250
588481,2017-09-21T14:26:47Z,73947,1983-06-23,2,2006-07-18,3,0,,5,2006-07-01,2006-07-01,13,16,2015-05-01,15,1,13,3,4,1,20000,5000
588037,2017-09-21T10:19:19Z,59394,1998-07-14,2,2014-10-28,4,0,,4,2004-04-10,2004-04-10,21,25,2015-09-10,0,3,12,6,,6,9000,2000
588073,2017-09-21T10:39:03Z,73853,1978-11-10,1,2000-05-05,3,1,20,5,1995-02-01,1995-02-01,3,4,2009-03-01,12,1,12,3,,5,5000,2650
588761,2017-09-21T16:23:35Z,49394,1989-05-09,1,2012-08-15,3,1,3,5,2011-05-10,2011-05-10,8,10,2016-11-10,5,1,11,3,4,1,6000,2000
588926,2017-09-21T18:01:18Z,74023,1980-12-07,1,2008-01-24,1,1,14,1,1989-02-01,1989-02-01,3,4,2017-02-01,15,1,12,4,,6,4500,2800
588018,2017-09-21T10:11:21Z,73845,1995-09-05,2,2011-11-24,4,0,,5,2000-10-01,2000-10-01,5,7,2015-10-01,2,6,3,6,,6,6000,5000
588602,2017-09-21T15:23:05Z,73964,1980-04-24,2,1996-08-23,3,0,,5,2000-10-01,2000-10-01,7,9,2002-10-01,15,1,2,1,9,1,6000,1800
587556,2017-09-21T05:53:59Z,73775,1992-08-26,2,2009-03-05,4,0,,5,1992-08-01,1992-08-01,19,23,2017-08-01,8,3,12,4,,5,8500,3000
588605,2017-09-21T15:23:42Z,73972,1997-04-22,2,2013-06-11,4,0,,1,2014-08-01,2014-08-01,13,16,2017-07-01,0,1,2,4,9,1,9800,7000
588663,2017-09-21T15:40:00Z,61448,1995-12-03,1,2013-07-16,4,0,,1,1995-12-10,1995-12-10,8,10,2016-10-10,2,6,12,6,6,2,2900,1900
588615,2017-09-21T15:25:41Z,73975,1984-06-23,2,2000-09-26,1,1,12,1,2012-02-01,2012-02-01,6,8,2015-06-01,2,1,1,5,11,2,9000,3000
588861,2017-09-21T17:28:56Z,41410,1978-08-24,2,1996-10-02,3,2,0,3,1985-03-10,1985-03-10,10,12,2016-01-10,20,3,13,5,,6,10000,9000
588655,2017-09-21T15:38:47Z,73982,1997-10-07,2,2013-11-02,3,0,,1,2017-08-01,2017-08-01,14,17,,0,4,,,2,2,2500,1000
588881,2017-09-21T17:33:48Z,74013,1989-10-11,2,2006-01-20,1,0,,1,1989-10-01,1989-10-01,6,8,2008-07-01,9,1,6,5,,6,10500,7000
588324,2017-09-21T12:57:58Z,73907,1983-09-22,1,2005-07-20,3,1,11,1,1999-02-01,1999-02-01,18,22,,5,5,,,,5,3000,2000
588484,2017-09-21T14:26:57Z,73931,1993-03-04,2,2009-12-22,3,0,,1,2016-03-01,2015-06-01,1,2,2016-03-01,2,1,3,4,2,1,7500,850
587481,2017-09-21T03:46:47Z,13744,1988-03-04,2,2004-04-06,4,1,1,4,2007-12-01,2007-12-01,3,4,2017-03-01,8,1,12,3,,6,4000,2500
584857,2017-09-20T17:46:36Z,73610,1991-02-19,2,2009-10-01,4,0,,5,2002-10-01,2002-10-01,4,6,2011-10-01,6,1,2,5,,6,7000,3000
587424,2017-09-21T00:43:53Z,73756,1975-01-20,1,1998-10-20,1,1,8,5,1988-09-01,1988-09-01,10,12,2002-09-01,15,1,11,1,10,1,7500,4500
588363,2017-09-21T13:29:22Z,22782,1994-05-05,2,2010-11-14,1,0,,5,2017-01-10,1994-05-10,3,20,2016-09-10,0,1,3,3,6,1,5500,4500
585065,2017-09-20T21:51:17Z,73748,1948-01-05,1,1997-10-23,3,0,,5,1999-09-01,1999-09-01,18,22,2004-11-01,40,1,8,4,7,1,8000,4000
588166,2017-09-21T11:33:18Z,73872,1987-11-09,2,2005-03-26,3,1,4,1,2016-12-01,2016-12-01,9,11,2016-08-01,10,6,11,3,6,1,10000,4000
585022,2017-09-20T20:26:54Z,73735,1988-09-11,1,2012-10-01,3,2,10,1,2016-04-01,2005-12-01,3,4,2016-10-01,1,1,10,2,,5,2700,1000
583876,2017-09-20T09:57:30Z,73052,1985-07-08,2,2010-09-29,4,0,,5,1985-07-01,1985-07-01,15,18,2014-10-01,3,1,3,1,2,1,9400,3000
584734,2017-09-20T16:31:55Z,73654,1991-08-23,2,2007-09-21,4,0,,1,2011-10-01,2011-10-01,21,25,2016-06-01,0,1,3,6,4,1,6100,4000
584871,2017-09-20T17:52:39Z,73704,1995-07-14,2,2011-07-28,4,0,,5,2017-05-01,2017-05-01,8,10,2017-06-01,3,1,12,1,4,2,12000,7000
584002,2017-09-20T10:59:33Z,73519,1985-09-14,1,2003-12-23,3,2,12,1,2013-09-01,2013-09-01,3,4,2017-04-01,5,1,6,5,,6,4000,2000
584642,2017-09-20T15:45:23Z,73653,1999-03-06,2,2016-02-12,3,0,,5,2015-03-01,2015-03-01,19,23,2017-03-01,1,1,13,5,11,1,7700,4000
583519,2017-09-20T06:41:26Z,56306,1991-01-02,1,2013-04-16,1,2,1,5,2007-01-10,2007-01-10,16,20,1970-01-01,4,5,,,,6,5000,1500
580983,2017-09-19T21:00:34Z,73392,1983-05-31,2,1999-08-27,2,1,9,5,2007-11-01,2007-11-01,14,17,,8,5,,,,5,4000,4000
584596,2017-09-20T15:24:10Z,73646,1986-04-26,1,2006-01-26,2,1,11,5,2009-12-01,2009-12-01,9,11,2008-05-01,12,1,12,3,,6,7000,1500
584819,2017-09-20T17:27:12Z,73693,1995-04-15,1,2011-06-09,4,0,,1,2017-04-01,1995-04-01,8,27,2016-07-01,3,1,4,2,9,1,12000,10000
584805,2017-09-20T17:23:36Z,73660,1987-11-10,2,2005-12-14,2,2,7,5,2016-01-01,1987-11-01,21,25,2016-04-01,11,1,12,1,,6,12600,4000
583465,2017-09-20T05:56:44Z,73433,1992-03-26,1,2008-03-28,4,0,,1,2016-08-01,2016-08-01,8,10,2017-07-01,4,1,12,6,6,2,6500,3500
583453,2017-09-20T05:50:37Z,73434,1991-08-08,1,2007-11-13,1,0,,5,1998-04-01,1998-04-01,13,16,2012-07-01,7,1,11,1,10,1,5000,1000
583861,2017-09-20T09:50:42Z,73496,1984-06-13,1,2008-02-18,3,1,8,4,2000-05-01,2000-05-01,11,14,,10,5,,,4,7,7000,3500
584507,2017-09-20T14:39:42Z,73602,1988-04-05,2,2005-03-23,2,1,2,5,2008-05-01,2008-05-01,3,4,2017-05-01,5,1,11,5,9,1,6500,2500
584574,2017-09-20T15:15:07Z,24469,1990-09-27,1,2013-07-30,3,1,3,1,1990-09-10,1990-09-10,1,2,2013-08-10,4,1,12,6,6,1,4000,3000
584699,2017-09-20T16:09:37Z,73662,1979-05-22,1,2002-12-12,4,4,19,5,2006-09-01,2006-09-01,2,3,1998-05-01,18,1,8,5,,6,5000,4000
584066,2017-09-20T11:20:40Z,69440,1994-07-20,2,2010-08-25,4,0,,3,1997-04-01,1997-04-01,2,3,2016-04-01,5,1,11,6,11,1,4500,2000
583412,2017-09-20T04:48:17Z,56101,1996-04-24,1,2012-06-23,1,0,,2,1996-09-01,1996-09-01,20,24,2010-02-01,3,3,12,6,4,2,4500,10
584463,2017-09-20T14:20:30Z,57132,1995-06-04,2,2011-07-04,3,1,1,1,1995-06-10,1995-06-10,14,17,2017-05-10,3,1,7,2,4,2,7000,3500
580926,2017-09-19T19:51:11Z,73382,1986-05-30,2,2002-06-18,3,1,9,5,2014-06-01,2014-06-01,3,4,2014-05-01,10,1,7,6,9,1,4500,1500
584421,2017-09-20T14:04:15Z,73608,1982-03-17,2,1999-09-08,4,0,,1,1982-04-01,1982-04-01,18,22,,13,2,,,11,1,1350,600
584419,2017-09-20T14:03:52Z,73612,1996-04-01,2,2012-07-27,4,0,,4,2013-04-01,2013-04-01,23,27,2013-02-01,4,1,11,4,4,1,5000,3000
584095,2017-09-20T11:30:42Z,73551,1995-11-17,2,2013-04-04,4,0,,1,1995-12-01,1995-12-01,11,14,2017-02-01,4,1,2,3,,6,10000,4000
583774,2017-09-20T09:06:53Z,11518,1990-04-13,1,2013-11-07,3,2,8,5,2007-10-10,2008-12-10,9,11,1970-01-01,3,5,,,,6,3200,3000
583354,2017-09-20T01:41:04Z,73415,1973-06-30,1,1998-01-09,3,5,16,5,1980-06-01,1980-06-01,23,27,1996-09-01,21,1,10,2,6,1,9000,6000
581059,2017-09-19T23:06:26Z,73407,1985-11-14,1,2012-04-29,4,0,,3,1991-01-01,1991-01-01,8,10,2012-08-01,15,1,4,6,8,1,15000,14000
584137,2017-09-20T11:51:37Z,73539,1997-06-07,2,2013-07-26,4,0,,1,1997-06-01,1997-06-01,3,4,2017-05-01,1,1,6,5,10,2,7600,5000
584830,2017-09-20T17:30:58Z,73699,1988-02-24,1,2008-09-24,3,2,7,5,1993-03-01,1993-03-01,10,12,2017-03-01,10,1,12,2,,6,6500,2500
584181,2017-09-20T12:06:55Z,53927,1989-08-19,1,2013-04-17,3,2,3,1,2014-08-01,2014-08-01,3,4,2014-06-01,10,6,11,3,4,1,6000,10
584199,2017-09-20T12:13:38Z,54815,1987-06-29,1,2004-01-21,4,1,0,5,1992-07-10,1992-07-10,3,4,2014-07-10,3,1,6,6,,5,5500,2900
583397,2017-09-20T04:11:41Z,73423,1986-01-13,2,2002-09-10,4,0,,5,1989-01-01,1989-01-01,10,12,2013-09-01,8,1,11,2,6,1,5000,4000
580978,2017-09-19T20:55:03Z,35438,1999-04-01,1,2015-09-08,4,1,1,5,2003-12-10,1999-04-10,3,4,1970-01-01,0,4,,,,3,1300,500
584293,2017-09-20T13:03:27Z,73573,1988-05-17,1,2009-12-08,1,2,10,5,2015-05-01,2015-05-01,14,17,2017-04-01,7,1,5,5,4,1,6500,2000
583851,2017-09-20T09:44:42Z,31200,1981-09-26,2,2013-09-22,2,0,,1,1986-11-01,1986-11-01,11,14,2016-10-01,18,3,3,4,,6,12000,8500
584712,2017-09-20T16:16:36Z,73673,1994-09-20,1,2010-11-23,4,0,,1,1994-09-01,1994-09-01,8,10,2016-05-01,7,3,12,6,4,1,10000,6000
584383,2017-09-20T13:45:18Z,73606,1994-05-21,2,2010-11-14,4,0,,5,2012-07-01,2012-07-01,16,20,2017-07-01,4,1,12,2,11,1,4900,2500
584956,2017-09-20T19:05:38Z,73719,1999-09-05,2,2015-10-03,4,0,,1,1999-09-01,1999-09-01,5,7,,0,4,,,9,2,2000,1150
585036,2017-09-20T20:37:49Z,73736,1976-01-31,2,2009-12-29,3,0,,5,1986-01-01,1986-01-01,3,4,2015-04-01,12,1,6,4,4,1,7000,5000
584362,2017-09-20T13:37:39Z,29078,1981-12-22,2,2016-08-09,4,0,,5,1981-12-10,1981-12-10,3,4,2013-04-10,15,1,7,3,,6,5000,3000
584798,2017-09-20T17:18:49Z,73695,1980-09-28,2,1997-12-25,1,1,13,5,1980-09-01,1980-09-01,8,10,2010-08-01,18,3,11,6,4,2,24000,9000
584273,2017-09-20T12:54:53Z,73576,1995-01-30,1,2011-10-24,4,0,,5,1995-01-01,1995-01-01,1,2,2014-08-01,3,1,11,3,9,2,6000,4000
584270,2017-09-20T12:54:15Z,73581,1992-07-28,1,2014-07-28,3,1,2,1,2013-04-01,2013-04-01,1,2,2011-05-01,4,6,8,5,,6,6000,3000
584120,2017-09-20T11:40:53Z,73555,1989-07-13,2,2005-12-13,4,0,,5,2000-12-01,2000-12-01,11,14,2012-09-01,5,1,2,3,9,1,14000,5000
583718,2017-09-20T08:46:50Z,73472,1956-09-13,2,1996-05-10,3,2,35,5,1981-11-01,1981-11-01,11,14,,35,2,,,11,1,17000,8000
583751,2017-09-20T08:57:44Z,73485,1992-09-04,2,2009-06-20,4,0,,3,2017-03-01,1992-09-01,8,14,2017-02-01,4,1,11,4,5,1,15000,6000
581033,2017-09-19T22:37:08Z,38263,1993-03-29,2,2011-04-19,4,0,,1,2010-03-01,2010-03-01,8,10,2013-10-01,4,1,2,1,9,1,9000,2000
580325,2017-09-19T13:33:48Z,73270,1993-04-14,2,2009-05-28,4,0,,1,2017-05-01,1993-04-01,18,12,2016-05-01,5,1,12,4,9,1,5500,3000
579761,2017-09-19T09:58:48Z,73176,1975-10-23,2,2016-11-04,4,0,,5,1985-01-01,1985-01-01,6,8,2017-02-01,20,1,12,6,,6,15000,15000
580543,2017-09-19T15:32:15Z,68873,1984-07-28,1,2010-03-18,1,1,12,5,2012-05-01,2012-05-01,6,8,2005-04-01,15,1,8,1,,6,6000,2300
580938,2017-09-19T20:07:12Z,73387,1993-07-02,2,2009-10-09,4,0,,5,2016-05-01,2016-05-01,3,4,2016-07-01,8,1,12,4,2,1,4800,2500
579629,2017-09-19T08:44:02Z,73137,1994-02-22,2,2010-12-07,3,0,,1,1994-01-01,1994-01-01,11,14,2015-08-01,90,3,12,1,,6,2900,4000
580575,2017-09-19T15:42:37Z,73318,1954-08-11,2,2000-12-15,3,0,,5,2000-12-01,2000-12-01,10,12,2012-03-01,35,1,8,1,,6,5000,2000
580507,2017-09-19T15:14:11Z,73312,1976-10-30,2,2001-01-10,3,1,5,1,1984-02-01,1984-02-01,6,8,2008-02-01,9,1,3,2,11,1,12000,5000
580429,2017-09-19T14:29:05Z,73296,1993-12-10,2,2010-04-02,4,0,,1,2015-10-01,2010-04-01,6,8,2016-10-01,1,1,7,6,11,1,6000,1500
580146,2017-09-19T12:20:04Z,73228,1981-10-05,1,2013-09-13,3,2,8,5,1982-10-01,1982-10-01,14,17,2002-04-01,15,1,8,1,7,1,5000,3000
580245,2017-09-19T12:53:52Z,73247,1989-09-28,2,2017-08-17,4,0,,1,1989-10-01,1989-10-01,18,22,2017-01-01,7,1,13,6,,6,6000,4000
580309,2017-09-19T13:24:47Z,73263,1995-02-15,2,2011-03-02,4,0,,4,2013-09-01,2013-09-01,16,20,2016-10-01,3,6,12,6,11,2,5000,3000
580657,2017-09-19T16:14:48Z,63934,1987-08-02,2,2004-09-01,4,0,,1,1992-01-10,1992-01-10,7,9,2016-06-10,13,3,3,6,,6,5000,3000
579948,2017-09-19T11:06:57Z,73205,1988-08-31,2,2017-07-14,4,0,,4,2013-08-01,2013-08-01,10,12,2012-08-01,8,3,3,6,4,1,10000,8000
580837,2017-09-19T18:18:35Z,73365,1994-03-08,1,2010-05-06,4,0,,1,2014-06-01,2014-06-01,10,12,2016-03-01,3,1,5,5,8,1,5000,1000
576384,2017-09-18T14:44:53Z,71798,1989-10-15,2,2006-09-21,4,0,,1,2000-04-01,2000-04-01,3,4,2011-09-01,6,1,5,5,4,1,10000,1700
580796,2017-09-19T17:44:56Z,73353,1995-03-16,1,2011-08-16,4,0,,5,1995-03-01,1995-03-01,9,11,2016-10-01,2,1,11,5,5,2,8000,4000
579383,2017-09-19T05:28:45Z,35383,1998-05-11,2,2014-06-24,3,0,,1,2015-08-01,1998-06-01,14,17,,3,4,,,,5,4000,3000
577048,2017-09-18T22:40:04Z,64433,1987-09-07,2,2004-05-11,3,1,1,5,1987-09-01,1987-09-01,11,14,2014-06-01,5,6,7,3,9,1,20000,15000
579803,2017-09-19T10:15:14Z,33523,1977-02-17,1,2004-09-13,4,0,,5,2007-08-01,2007-08-01,18,22,2010-02-01,7,1,12,5,,6,7000,2000
579367,2017-09-19T04:56:03Z,73090,1998-10-26,2,2014-12-11,1,0,,6,2016-08-01,2016-08-01,3,4,2016-11-01,2,1,5,4,,5,15000,5000
579338,2017-09-19T03:00:04Z,73086,1989-08-27,1,2015-10-10,3,1,1,5,1994-01-01,1994-01-01,14,17,,7,5,,,,6,20000,5500
580317,2017-09-19T13:30:31Z,70990,1996-07-08,1,2012-10-24,4,0,,5,2015-10-01,2015-10-01,2,3,,0,4,,,10,2,3700,3000
580265,2017-09-19T12:59:12Z,73187,1992-01-27,2,2008-04-24,4,0,,5,1995-10-01,1995-10-01,8,10,2008-01-01,9,3,11,6,,6,12000,11000
579825,2017-09-19T10:23:54Z,62767,1997-07-12,2,2014-02-25,3,0,,5,2004-11-10,2004-11-10,8,10,2016-06-10,2,1,3,1,,6,9000,5000
577055,2017-09-18T23:03:25Z,73072,1993-09-16,2,2012-02-12,4,0,,5,1993-09-01,1993-09-01,12,15,,2,5,,,11,2,4000,2300
580812,2017-09-19T17:56:04Z,73355,1995-09-21,2,2011-12-21,4,0,,4,1996-10-01,1996-10-01,11,14,2017-06-01,1,1,12,1,4,1,7000,4000
580758,2017-09-19T17:19:15Z,48149,1977-11-16,2,1997-07-26,3,2,0,1,2005-07-10,2005-07-10,13,16,2015-10-10,20,1,6,5,11,1,16650,7000
579827,2017-09-19T10:25:00Z,73189,1983-03-25,2,1999-03-26,1,0,,5,2015-06-01,2015-06-01,16,20,2013-10-01,10,3,11,6,11,1,4000,3000
580776,2017-09-19T17:28:14Z,73352,1993-09-14,2,2009-10-10,4,0,,1,2011-09-01,2011-09-01,18,22,2016-03-01,4,1,7,2,11,1,15000,9000
579663,2017-09-19T09:07:26Z,65174,1991-09-29,1,2014-10-23,3,1,0,1,2016-09-10,2002-12-10,12,15,1970-01-01,5,4,,,4,1,2000,1000
580530,2017-09-19T15:25:19Z,73315,1996-02-12,2,2012-06-05,4,0,,2,2013-09-01,2013-09-01,8,10,2017-09-01,0,6,12,5,8,1,3400,2000
579287,2017-09-19T00:08:05Z,72534,1995-12-12,2,2012-03-15,4,0,,1,2014-04-01,2014-04-01,11,14,2015-01-01,5,1,2,5,,6,4000,3000
580323,2017-09-19T13:33:31Z,17804,1996-10-31,2,2013-12-01,4,0,,1,2002-04-01,2002-04-01,9,11,2017-03-01,3,1,2,4,9,1,8100,3000
580615,2017-09-19T16:01:34Z,73330,1994-06-25,2,2010-09-10,4,0,,5,1994-06-01,1994-06-01,18,22,,7,4,,,11,1,4000,2000
579440,2017-09-19T06:17:57Z,73097,1979-05-21,2,1995-08-10,3,1,4,2,2014-07-01,2014-07-01,18,22,2016-05-01,17,1,2,1,10,1,16000,8000
580089,2017-09-19T11:59:06Z,60297,1985-10-24,2,2003-02-11,2,1,4,5,2013-01-01,2013-01-01,8,10,2010-08-01,14,3,3,6,4,7,9500,4000
580699,2017-09-19T16:38:51Z,61690,1996-08-16,1,2012-08-21,1,0,,5,2016-12-10,2016-12-10,9,11,2017-04-10,4,1,2,1,9,2,9000,5000
580920,2017-09-19T19:49:31Z,73385,1998-12-23,1,2015-06-26,1,0,,6,2016-08-01,2016-08-01,3,4,2016-06-01,1,1,5,4,,6,7000,3000
579839,2017-09-19T10:34:10Z,73193,1996-07-24,2,2013-08-14,4,0,,5,2015-04-01,2015-04-01,21,25,,2,4,,,,6,2000,1000
577065,2017-09-18T23:37:56Z,73075,1966-05-26,1,1997-07-23,4,1,21,5,1980-04-01,1980-04-01,3,4,2002-05-01,22,1,10,4,6,1,13000,6000
576959,2017-09-18T20:21:54Z,73055,1997-01-30,2,2013-06-13,4,0,,5,2012-01-01,2004-08-01,3,4,2017-08-01,2,1,6,3,,6,4200,2000
579487,2017-09-19T06:54:50Z,6489,1987-10-21,2,2004-03-31,4,0,,4,2002-07-10,2002-07-10,15,18,1970-01-01,8,5,,,4,1,8000,4000
576801,2017-09-18T18:19:02Z,73022,1990-02-01,2,2006-06-08,2,0,,5,2016-01-01,2016-01-01,8,10,,2,4,,,10,1,6500,2590
569067,2017-09-16T15:40:41Z,72391,1989-10-29,2,2006-03-30,1,0,,3,1989-10-01,1989-10-01,18,22,2013-08-01,11,3,5,5,,6,10000,4000
576164,2017-09-18T13:06:14Z,72856,1991-12-10,1,2013-08-22,2,1,3,1,1998-12-01,1998-12-01,18,22,2016-09-01,2,1,12,6,6,1,4500,3700
575576,2017-09-18T08:08:31Z,72802,1994-09-01,2,2010-11-03,4,0,,1,2000-05-01,2000-05-01,6,8,2015-12-01,4,1,12,3,,6,5500,2500
576098,2017-09-18T12:47:56Z,72878,1981-03-03,1,2017-02-15,3,3,15,1,1987-08-01,1987-08-01,13,16,,0,5,,,,6,5000,4000
571718,2017-09-17T04:38:51Z,42121,1989-08-19,2,2005-10-10,3,1,4,5,2005-10-01,2005-10-01,3,4,2014-08-01,4,1,2,5,,6,5520,10
572226,2017-09-17T11:33:34Z,72571,1995-04-07,1,2012-09-12,3,2,4,1,2007-07-01,2007-07-01,4,6,2016-12-01,7,6,12,3,,6,4500,2000
575288,2017-09-18T04:15:35Z,55277,1965-05-28,1,2000-03-23,3,3,30,5,1990-08-10,1990-08-10,16,20,1984-08-10,33,1,8,1,,6,5000,800
575676,2017-09-18T08:52:06Z,61279,1972-10-03,1,2004-03-04,2,1,13,5,1997-10-01,1997-10-01,18,22,2000-01-01,25,1,2,5,,5,10000,10
575674,2017-09-18T08:51:52Z,72820,1997-10-19,2,2014-04-24,4,0,,5,2016-07-01,2000-10-01,3,23,2016-09-01,1,1,8,3,,6,5400,2300
576614,2017-09-18T16:17:49Z,72971,1993-12-08,1,2009-12-23,4,0,,1,2015-02-01,2015-02-01,8,10,2016-01-01,6,1,7,5,9,1,8000,5000
575878,2017-09-18T10:32:24Z,72675,1987-04-07,2,2004-01-08,3,1,2,1,2010-11-01,1987-04-01,3,17,2014-03-01,12,1,2,4,,6,9500,3000
575810,2017-09-18T10:06:40Z,72839,1985-02-13,2,2008-09-02,3,0,,5,2007-02-01,2007-02-01,23,27,2016-03-01,12,3,11,6,4,1,10000,3500
576907,2017-09-18T19:44:37Z,55938,1998-04-19,2,2014-10-29,4,0,,5,2015-04-10,2015-04-10,4,6,2017-06-10,1,1,12,4,10,2,6200,1500
576245,2017-09-18T13:43:29Z,14817,1975-08-06,1,2012-03-30,2,4,19,1,1991-04-01,1991-04-01,15,18,2007-07-01,19,6,11,6,,6,4000,10
576465,2017-09-18T15:13:25Z,71483,1988-06-27,1,2014-04-26,3,1,2,5,1989-06-01,1989-06-01,8,10,2011-03-01,10,3,12,6,,5,10000,3000
576625,2017-09-18T16:19:55Z,72988,1982-08-19,2,1999-03-15,3,0,,5,1984-02-01,1984-02-01,9,11,2016-06-01,14,1,6,3,4,1,7000,550
575374,2017-09-18T06:20:31Z,67990,1960-08-18,2,1999-09-20,3,2,0,5,1986-07-10,1986-07-10,2,3,1970-01-01,40,2,,,10,1,5600,400
568618,2017-09-16T11:05:03Z,72306,1989-02-23,1,2015-07-14,3,0,,1,1989-02-01,1989-02-01,21,25,2008-03-01,10,1,10,4,4,1,4000,500
575227,2017-09-18T00:40:08Z,72743,1994-08-30,2,2010-11-13,4,0,,3,2007-06-01,2007-06-01,17,21,2016-04-01,6,1,13,1,11,2,6000,3000
575323,2017-09-18T05:32:06Z,56986,1994-02-05,2,2010-04-08,1,0,,2,1994-02-10,1994-02-10,18,22,2015-12-10,5,1,11,6,5,2,12000,7000
572575,2017-09-17T14:54:02Z,72631,1997-05-18,2,2013-06-21,4,0,,5,2012-12-01,2012-12-01,23,27,2016-10-01,2,1,4,5,10,2,4000,2000
572989,2017-09-17T23:33:48Z,72738,1995-09-05,2,2012-11-17,4,0,,1,2016-08-01,2016-08-01,1,2,,0,4,,,9,2,8000,7000
576336,2017-09-18T14:29:18Z,72938,1994-12-23,1,2010-12-28,4,0,,1,1996-01-01,1996-01-01,11,14,2016-03-01,2,1,12,6,6,1,5200,4500
573002,2017-09-17T23:49:34Z,72740,1974-08-17,2,2014-12-19,4,0,,2,2016-02-01,1993-06-01,21,6,2014-08-01,20,1,4,1,10,2,6900,2000
576923,2017-09-18T19:59:15Z,73049,1986-07-17,2,2002-11-26,3,1,2,4,2002-01-01,2002-01-01,7,9,2002-03-01,7,1,12,1,,6,13000,6000
572501,2017-09-17T14:18:46Z,72621,1994-03-29,1,2010-03-28,4,0,,1,2013-08-01,2015-11-01,21,27,,2,4,,,10,2,4500,4500
576409,2017-09-18T14:53:23Z,72949,1977-11-01,1,1995-09-01,2,2,21,5,1990-05-01,1990-05-01,18,22,2016-08-01,20,1,6,3,11,2,9000,5000
576373,2017-09-18T14:41:27Z,72945,1997-03-05,2,2013-12-05,4,0,,1,2014-08-01,2014-08-01,8,10,2016-10-01,1,6,5,4,9,2,4500,1000
572938,2017-09-17T22:04:30Z,72721,1985-08-06,2,2001-08-29,3,2,12,1,2008-03-01,2008-03-01,11,14,2017-01-01,8,1,12,3,5,1,7000,5000
572974,2017-09-17T23:11:58Z,72732,1993-01-18,2,2009-03-17,4,0,,5,1993-01-01,1993-01-01,15,18,2015-09-01,3,1,13,4,11,1,9000,3000
576962,2017-09-18T20:27:38Z,73057,1998-03-03,2,2014-04-15,4,0,,5,1998-03-01,1998-03-01,12,15,,0,4,,,11,1,3000,1000
576444,2017-09-18T15:05:22Z,72948,1991-09-21,2,2007-10-10,4,0,,3,2008-02-01,2008-02-01,9,11,2017-04-01,6,1,5,3,,5,10000,4000
576787,2017-09-18T18:12:41Z,49795,1993-01-12,2,2009-02-11,4,0,,1,1993-01-10,1993-01-10,23,27,2014-10-10,5,1,13,5,,6,6080,1200
576896,2017-09-18T19:33:32Z,73041,1987-08-24,2,2012-12-21,3,1,6,1,2012-04-01,2012-04-01,8,10,2013-12-01,13,1,1,1,1,1,11500,9500
575532,2017-09-18T07:42:23Z,72797,1993-02-03,1,2009-03-05,4,0,,1,2016-01-01,2016-01-01,8,10,2017-03-01,2,1,8,2,7,1,5000,2500
576024,2017-09-18T12:02:33Z,72855,1960-01-07,1,2002-05-25,2,1,32,5,2000-08-01,2000-08-01,6,8,2015-02-01,35,1,12,6,2,1,3800,1000
575944,2017-09-18T11:13:40Z,69116,1992-07-21,2,2009-02-04,4,0,,1,1995-08-01,1995-08-01,18,22,2017-07-01,8,6,7,1,,5,4500,3000
575849,2017-09-18T10:21:14Z,72853,1995-10-22,2,2011-12-23,4,0,,5,2011-05-01,2011-05-01,8,10,2017-08-01,1,1,12,3,10,1,7000,5000
576755,2017-09-18T17:50:28Z,73012,1998-11-26,1,2015-01-05,4,0,,1,2008-11-01,2008-11-01,2,3,2015-03-01,2,1,12,2,3,2,4800,4000
576860,2017-09-18T19:11:53Z,64981,1993-03-20,2,2012-01-20,4,0,,1,2010-10-01,2010-10-01,6,8,2012-08-01,7,3,12,6,10,2,15000,4000
576875,2017-09-18T19:19:48Z,73037,1990-02-05,2,2006-04-04,3,1,4,4,2016-02-01,1990-02-01,1,2,2017-06-01,7,1,12,3,,6,12500,5000
572914,2017-09-17T21:32:30Z,72724,1995-03-21,2,2011-06-26,4,0,,1,2012-09-01,2012-09-01,3,4,2017-03-01,1,6,12,2,4,2,6000,5000
575759,2017-09-18T09:40:08Z,51787,1959-03-22,2,2000-05-24,3,1,0,3,1997-02-10,1997-02-10,14,17,1970-01-01,35,2,,,,6,3700,1500
576180,2017-09-18T13:10:57Z,72221,1990-12-12,2,2016-09-07,4,0,,5,1998-09-01,1998-09-01,14,17,2013-06-01,7,1,11,3,9,1,2700,6000
576300,2017-09-18T14:05:55Z,18905,1996-01-24,1,2012-03-02,4,0,,5,2013-10-10,2012-03-10,8,4,2016-05-10,2,1,7,3,4,2,10000,5000
575741,2017-09-18T09:23:48Z,72827,1986-11-08,2,2004-01-22,4,0,,5,1986-11-01,1986-11-01,21,25,2016-02-01,12,1,6,3,4,1,9500,3000
576789,2017-09-18T18:12:51Z,72996,1982-02-28,1,1998-07-20,4,1,3,1,1982-02-01,1982-02-01,13,16,2011-08-01,10,1,2,3,9,1,4700,1000
576467,2017-09-18T15:13:35Z,72961,1985-12-31,2,2003-09-29,1,1,7,1,1998-01-01,1998-01-01,1,2,2012-01-01,14,1,3,3,4,1,20000,12000
572599,2017-09-17T15:13:44Z,72644,1975-07-06,1,2001-05-29,3,2,23,5,2001-01-01,2001-01-01,8,10,,8,5,,,10,1,9000,4000
572038,2017-09-17T09:46:30Z,69668,1988-05-06,2,2004-10-26,4,0,,1,1995-05-01,1995-05-01,3,4,2010-10-01,7,6,7,5,11,1,4000,4000
571773,2017-09-17T06:05:09Z,57258,1982-05-17,2,2013-01-05,3,0,,5,2015-05-10,2013-12-10,3,13,2015-12-10,15,1,6,4,,6,8500,6000
572142,2017-09-17T10:46:52Z,69120,1994-01-28,2,2013-12-21,4,0,,5,2016-07-01,2016-07-01,14,17,2013-02-01,5,3,7,6,11,2,3000,1000
572257,2017-09-17T11:53:20Z,72579,1994-10-24,2,2010-12-10,4,0,,3,2016-12-01,2016-12-01,16,20,2016-05-01,0,1,1,5,,6,2000,100
572732,2017-09-17T17:16:14Z,72680,1995-05-25,2,2012-07-25,4,0,,1,2013-06-01,2013-06-01,6,8,,2,5,,,,6,4000,3000
571854,2017-09-17T07:22:01Z,72503,1993-10-25,1,2010-01-04,4,0,,1,2016-11-01,2016-11-01,3,4,2012-11-01,4,1,6,5,,6,5000,4000
571950,2017-09-17T08:48:37Z,72518,1989-05-09,2,2005-05-23,4,0,,5,1991-03-01,1991-03-01,1,2,2014-03-01,10,3,7,6,11,2,25000,8000
572054,2017-09-17T09:55:59Z,72538,1983-12-24,2,2000-05-16,4,0,,5,1986-06-01,1986-06-01,13,16,2009-07-01,8,1,12,5,4,7,8000,4000
572001,2017-09-17T09:29:29Z,72526,1996-03-20,2,2012-06-25,3,0,,4,2016-02-01,2016-02-01,22,26,2014-06-01,4,1,7,3,9,2,5600,2500
572724,2017-09-17T17:10:00Z,72678,1994-10-10,1,2014-10-31,3,2,5,1,2000-05-01,2000-05-01,9,11,2014-02-01,3,6,12,1,,3,5000,5000
572066,2017-09-17T10:03:21Z,72544,1994-05-20,1,2010-12-02,4,0,,5,2016-09-01,2004-08-01,8,25,2014-06-01,3,1,11,5,9,2,6000,2500
572622,2017-09-17T15:34:25Z,72649,1990-01-02,2,2006-10-12,4,0,,5,1992-01-01,1992-01-01,3,4,2015-02-01,11,1,7,2,10,2,7000,4000
572187,2017-09-17T11:13:58Z,51921,1998-01-31,1,2014-05-30,4,0,,3,2002-02-10,2002-02-10,2,3,2016-01-01,2,1,11,1,9,2,8000,2500
572272,2017-09-17T12:06:55Z,72583,1981-08-03,2,2003-05-27,3,1,1,5,2017-04-01,1989-05-01,8,5,2009-01-01,8,3,3,6,,6,12800,7000
571911,2017-09-17T08:22:44Z,72508,1967-01-10,1,1998-10-28,3,1,26,5,1993-03-01,1993-03-01,16,20,1986-08-01,31,1,10,2,6,1,7500,2000
572632,2017-09-17T15:46:33Z,72652,1980-08-23,2,1997-08-13,4,0,,1,1982-01-01,1982-01-01,18,22,2016-01-01,1,1,6,1,6,1,6000,3000
571933,2017-09-17T08:38:27Z,72516,1995-07-01,2,2011-07-18,4,0,,4,1995-07-01,1995-07-01,3,4,2017-04-01,0,1,12,1,6,2,5000,2000
569471,2017-09-16T22:48:20Z,72467,1994-04-18,2,2010-06-15,4,0,,5,2007-03-01,2007-03-01,23,27,2012-08-01,5,3,4,3,,6,6000,2500
572008,2017-09-17T09:31:25Z,38332,1988-03-15,2,2008-01-22,4,0,,5,1988-03-10,1988-03-10,22,26,2006-10-10,11,1,8,5,7,1,8000,2500
569481,2017-09-16T23:06:38Z,72460,1995-04-01,2,2011-05-04,4,0,,2,2003-07-01,2001-07-01,3,4,2017-04-01,3,1,11,1,4,2,8000,2500
572687,2017-09-17T16:28:25Z,72665,1995-07-20,2,2011-09-13,4,0,,1,2005-05-01,2005-05-01,8,10,2016-08-01,4,1,12,4,6,1,11000,9000
568320,2017-09-16T08:27:12Z,29065,1997-04-27,1,2013-06-14,1,0,,1,2016-05-01,1997-04-01,8,20,2015-07-01,2,1,7,5,11,2,15000,10000
572027,2017-09-17T09:40:38Z,58667,1984-05-18,2,2001-01-12,3,1,2,1,2014-05-01,1984-05-01,18,22,2010-10-01,9,1,6,4,4,1,10000,10
571862,2017-09-17T07:27:09Z,72505,1984-09-26,2,2016-06-08,4,0,,3,2003-03-01,2003-03-01,13,16,2011-07-01,11,3,4,6,6,7,20000,20000
571886,2017-09-17T08:03:26Z,72407,1983-04-21,1,2008-01-02,3,2,9,5,1987-11-01,1987-11-01,14,17,2014-09-01,10,6,12,2,,6,4500,4000
572530,2017-09-17T14:27:54Z,72625,1992-05-14,2,2008-07-23,2,1,3,5,1994-05-01,1994-05-01,3,4,2012-05-01,5,3,3,6,2,1,12000,3000
572792,2017-09-17T18:23:49Z,72687,1983-08-27,2,2009-07-09,4,0,,5,2007-04-01,2007-04-01,19,23,2011-10-01,10,1,7,1,4,1,10000,5000
572565,2017-09-17T14:49:55Z,72592,1987-06-14,2,2003-08-22,4,0,,1,1987-05-01,1987-05-01,3,4,2004-06-01,11,1,6,5,,6,4500,1400
572323,2017-09-17T12:45:35Z,71087,1991-06-09,2,2016-01-13,4,0,,5,1991-06-01,1991-06-01,12,15,2013-05-01,7,3,3,6,2,2,8000,5000
572830,2017-09-17T19:12:53Z,72694,1993-08-17,2,2009-09-03,4,0,,4,1993-08-01,1993-08-01,11,14,2017-04-01,3,1,11,3,9,1,7000,5099
572828,2017-09-17T19:12:12Z,72698,1984-09-02,2,2001-01-27,2,0,,4,2010-02-01,2004-09-01,9,10,2011-09-01,11,1,8,3,7,1,20000,14000
568722,2017-09-16T12:15:37Z,72190,1976-02-07,1,2015-12-10,3,1,15,5,1976-02-01,1976-02-01,3,4,2000-12-01,17,6,13,5,,6,4500,8000
569155,2017-09-16T16:23:49Z,72403,1996-08-30,2,2012-11-22,4,0,,1,2015-09-01,2011-08-01,18,5,2017-03-01,3,1,3,3,10,2,7000,5500
568416,2017-09-16T09:22:25Z,72277,1993-04-09,1,2009-04-27,4,0,,5,1993-04-01,1993-04-01,11,14,2016-02-01,5,1,10,3,6,1,5000,2500
569235,2017-09-16T17:15:29Z,72424,1988-02-11,1,2011-01-24,2,1,7,5,2013-09-01,2005-02-01,11,14,2011-09-01,6,3,3,6,6,1,6500,1500
568260,2017-09-16T07:54:35Z,72257,1975-09-30,2,1998-12-22,4,0,,4,1994-10-01,1994-10-01,14,17,2017-07-01,10,1,11,4,,6,4500,1500
568487,2017-09-16T09:49:46Z,72281,1998-08-18,1,2014-10-04,4,0,,1,2002-09-01,2002-09-01,6,8,2016-09-01,1,6,12,2,,6,3000,2000
565774,2017-09-15T22:49:35Z,72205,1979-11-28,2,1995-11-28,4,0,,1,2016-11-01,2016-11-01,8,10,2016-10-01,15,1,7,4,4,1,23000,14000
569167,2017-09-16T16:32:17Z,72408,1989-06-26,1,2006-02-28,3,2,6,5,2008-04-01,2008-04-01,23,27,2016-02-01,5,3,11,6,,6,8000,6000
568848,2017-09-16T13:38:26Z,72353,1988-06-15,1,2007-08-27,3,2,9,1,2007-02-01,1988-06-01,3,4,2015-11-01,5,1,10,2,3,1,4000,3000
568875,2017-09-16T13:56:07Z,72362,1985-12-27,2,2001-12-27,3,2,7,5,2001-01-01,2001-01-01,14,17,2015-04-01,9,1,12,3,9,1,8500,7000
568153,2017-09-16T06:51:40Z,72245,1992-06-10,1,2012-09-10,1,2,4,1,2013-04-01,2013-04-01,3,4,2016-06-01,7,3,11,2,6,1,20000,5000
569131,2017-09-16T16:04:31Z,72392,1993-03-07,2,2009-04-23,3,0,,1,2000-01-01,2000-01-01,18,22,2016-11-01,6,1,6,5,11,1,7000,2500
565276,2017-09-15T15:12:49Z,72138,1991-10-07,1,2016-10-27,3,1,3,5,2012-02-01,2012-02-01,11,14,2012-02-01,5,3,12,6,10,1,22000,2500
568083,2017-09-16T05:56:52Z,72234,1990-05-17,2,2007-01-22,3,2,8,1,2016-08-01,2016-08-01,13,16,2016-08-01,3,1,11,1,3,7,16500,5000
568992,2017-09-16T15:06:44Z,72379,1995-09-08,2,2011-10-18,4,0,,1,1995-10-01,1995-10-01,13,16,,22,4,,,2,1,6000,3000
568663,2017-09-16T11:47:29Z,72317,1947-11-24,1,1997-02-19,5,2,47,5,2007-10-01,2007-10-01,3,4,,35,2,,,3,4,7000,3000
568936,2017-09-16T14:28:20Z,72370,1992-06-09,2,2008-08-12,4,0,,4,1997-05-01,1997-05-01,20,24,2016-09-01,1,1,13,3,,6,8000,3000
569313,2017-09-16T18:46:12Z,60862,1997-06-09,2,2013-07-09,4,0,,4,2015-03-01,2014-09-01,13,16,2017-07-01,2,6,4,3,9,2,5000,4000
568867,2017-09-16T13:44:59Z,72356,1991-01-10,1,2013-08-09,2,1,2,1,2011-04-01,1995-03-01,9,11,,4,5,,,,5,6000,6000
568536,2017-09-16T10:12:53Z,33169,1990-10-14,2,2013-06-06,4,0,,5,2007-12-10,2007-12-10,23,27,2016-06-10,1,1,3,6,2,2,7000,2000
567977,2017-09-16T01:55:40Z,72218,1999-04-07,2,2015-04-23,4,0,,4,2003-03-01,2003-03-01,8,10,,3,4,,,11,2,5000,1000
568159,2017-09-16T06:53:05Z,64914,1989-03-27,2,2005-05-10,4,0,,5,1993-01-01,1993-01-01,3,4,2017-01-01,9,1,12,5,,5,5000,1800
568499,2017-09-16T09:54:03Z,46805,1995-12-07,1,2011-12-20,4,0,,1,1995-12-10,1995-12-10,12,15,2016-11-10,4,1,11,1,4,1,4000,3000
568882,2017-09-16T13:59:42Z,72361,1995-06-13,1,2012-05-17,4,0,,1,1995-06-01,1995-06-01,20,24,2016-08-01,1,1,12,5,,5,8000,7500
568312,2017-09-16T08:22:46Z,72261,1982-01-04,2,1999-04-08,4,0,,5,1996-06-01,1996-06-01,23,27,2015-10-01,2,1,6,1,4,1,7000,3000
569181,2017-09-16T16:48:38Z,72415,1986-04-14,2,2006-12-15,1,1,5,5,2007-12-01,2007-12-01,12,15,2016-01-01,11,3,7,2,7,2,1e+05,6000
568753,2017-09-16T12:35:18Z,72331,1991-09-07,2,2007-11-07,3,1,1,1,1991-09-01,1991-09-01,10,12,2014-03-01,7,1,12,2,,6,5500,1500
564960,2017-09-15T13:00:55Z,1780,1992-04-12,1,2008-08-19,4,0,,1,1992-04-10,1992-04-10,7,9,2014-06-10,3,1,2,6,9,1,4500,800
564656,2017-09-15T10:37:21Z,72054,1987-11-06,2,2005-02-24,3,2,5,1,2014-05-01,2000-01-01,6,8,2017-04-01,10,1,12,3,,6,4500,1000
565164,2017-09-15T14:30:47Z,72126,1986-06-17,1,2011-11-11,3,1,3,5,1992-06-01,1992-06-01,8,10,2014-05-01,10,3,12,6,6,1,20000,5000
564902,2017-09-15T12:32:17Z,55955,1992-09-06,1,2014-01-16,3,1,3,1,2002-09-10,2002-09-10,6,8,2013-01-10,3,1,4,4,6,2,2900,2000
564425,2017-09-15T09:05:44Z,72035,1987-06-10,2,2003-06-10,4,0,,4,2015-07-01,1987-06-01,11,24,2015-03-01,10,1,1,5,4,1,7800,2500
564748,2017-09-15T11:31:45Z,72072,1975-06-26,1,2005-03-22,3,0,,5,2008-02-01,2008-02-01,8,10,2006-03-01,16,6,11,6,7,1,140000,10000
565489,2017-09-15T17:23:22Z,72164,1996-02-13,2,2012-03-28,4,0,,5,2017-04-01,2000-01-01,8,4,2017-03-01,2,1,12,2,10,2,7000,5000
564737,2017-09-15T11:24:19Z,55958,1991-07-07,2,2007-08-01,4,0,,1,2016-10-10,1992-06-10,8,11,2016-09-10,1,1,7,5,11,1,17000,12000
564498,2017-09-15T09:40:27Z,72040,1987-02-14,2,2004-03-23,4,0,,5,2017-03-01,1987-02-01,9,18,2014-04-01,6,1,7,5,11,7,12000,7000
564707,2017-09-15T11:03:33Z,71097,1989-05-03,2,2005-10-28,3,2,3,1,2009-06-01,2009-06-01,9,11,2011-01-01,10,1,2,1,9,1,8000,5000
561436,2017-09-14T16:01:00Z,71877,1984-03-13,2,2000-04-21,3,1,5,5,2012-03-01,1984-03-01,16,20,2014-01-01,12,1,12,5,4,1,9000,3000
560956,2017-09-14T12:19:02Z,71817,1979-09-14,1,2006-12-06,3,1,19,5,2003-04-01,2003-04-01,6,8,2016-06-01,18,1,12,6,,6,10500,6000
564782,2017-09-15T11:45:20Z,70461,1995-06-15,1,2011-07-25,4,0,,5,1995-06-01,1995-06-01,18,22,2017-03-01,4,1,12,6,,6,6000,4000
565084,2017-09-15T13:53:01Z,72086,1989-04-08,2,2005-08-23,1,0,,1,2016-05-01,1990-05-01,3,8,2016-05-01,6,1,12,6,4,2,14000,2500
557848,2017-09-13T21:37:56Z,71662,1982-03-06,2,1998-08-31,4,1,8,5,2009-03-01,1982-01-01,8,27,2015-09-01,12,1,11,6,11,1,15000,14000
561631,2017-09-14T18:23:35Z,71884,1993-06-24,2,2009-09-16,4,0,,5,1999-10-01,1999-10-01,14,17,2015-10-01,3,1,8,3,7,1,9000,6500
560235,2017-09-14T06:15:06Z,71696,1990-07-21,1,2017-06-26,3,2,7,1,2016-10-01,2016-10-01,14,17,,3,5,,,,6,3000,2000
561777,2017-09-14T20:46:36Z,67565,1979-09-25,2,2010-10-10,3,1,2,5,1999-08-10,1999-08-10,20,24,1970-01-01,4,5,,,,6,3200,2000
560806,2017-09-14T10:54:41Z,71779,1986-03-30,2,2002-06-18,3,1,8,1,1991-09-01,1991-07-01,3,4,2011-01-01,9,1,12,3,11,1,3200,500
560278,2017-09-14T06:49:27Z,71702,1987-02-28,1,2014-07-10,3,2,11,5,2011-02-01,2011-02-01,14,17,2016-11-01,10,1,11,3,4,1,40000,10000
561769,2017-09-14T20:38:00Z,49856,1998-12-29,1,2015-01-20,4,0,,1,2016-08-01,2000-02-01,13,23,2017-02-01,1,1,11,1,9,2,5500,4500
561231,2017-09-14T14:18:04Z,71854,1998-02-07,2,2014-02-27,4,0,,5,1998-02-01,1998-02-01,14,17,2016-08-01,1,1,6,1,,6,5500,5500
560783,2017-09-14T10:48:41Z,71780,1997-06-09,1,2013-08-01,1,1,1,1,2016-01-01,2016-01-01,16,20,2017-02-01,8,6,10,3,7,1,1300,800
561299,2017-09-14T14:53:06Z,71871,1992-06-09,1,2008-09-11,4,0,,5,1992-06-01,1992-06-01,8,10,2016-09-01,6,1,7,1,4,2,10000,10000
561052,2017-09-14T12:53:59Z,71822,1992-07-31,1,2016-08-26,3,0,,5,1992-07-01,1992-07-01,15,18,2016-10-01,5,3,11,3,6,1,6500,2000
561650,2017-09-14T18:35:10Z,71867,1993-02-02,2,2011-07-28,4,0,,1,1999-03-01,1999-03-01,18,22,2015-09-01,2,1,2,5,9,2,8000,8000
560888,2017-09-14T11:45:50Z,71232,1991-07-20,2,2007-11-22,4,0,,5,2014-06-01,1991-07-01,18,5,2013-07-01,5,1,12,5,4,1,9000,2500
560608,2017-09-14T09:20:44Z,71749,1993-03-22,2,2009-08-25,4,0,,1,2001-01-01,2001-01-01,2,3,2011-03-01,6,1,12,6,7,1,10000,3000
560344,2017-09-14T07:32:37Z,71711,1980-09-02,1,1997-12-09,4,1,4,1,2014-12-01,2008-10-01,20,24,2017-04-01,20,3,11,6,4,1,25000,18000
560929,2017-09-14T12:05:30Z,71811,1989-08-31,2,2005-10-13,4,0,,1,1989-08-01,1989-08-01,6,8,2009-08-01,10,1,12,6,,6,20000,8000
560824,2017-09-14T11:03:59Z,71787,1995-07-30,1,2011-07-30,4,0,,3,2015-12-01,2015-12-01,18,22,2015-06-01,4,1,11,4,10,1,7500,3000
560848,2017-09-14T11:19:39Z,44073,1982-01-13,2,1999-04-13,4,0,,1,2017-06-01,1985-01-01,8,18,2017-03-01,8,1,3,2,,5,14000,10
561517,2017-09-14T16:56:40Z,71901,1978-05-31,2,1995-08-12,4,0,,1,2009-01-01,2009-01-01,6,8,2016-11-01,15,6,6,3,,6,7200,3000
561658,2017-09-14T18:46:00Z,71918,1993-01-08,2,2010-04-15,4,0,,4,1993-01-01,1993-01-01,16,20,2015-03-01,3,6,7,3,,6,6312,1200
561027,2017-09-14T12:47:46Z,71827,1993-04-06,1,2009-05-21,4,1,2,5,1995-05-01,1995-05-01,21,25,2017-01-01,3,1,4,6,2,1,6500,4500
560735,2017-09-14T10:33:53Z,71770,1996-09-02,1,2012-09-27,4,0,,1,2016-11-01,2013-09-01,8,5,2016-12-01,1,1,4,6,6,1,6000,4000
561566,2017-09-14T17:23:50Z,71906,1983-10-30,1,2008-07-09,1,1,14,5,2005-10-01,2005-10-01,1,2,2010-08-01,10,1,10,2,6,1,5000,2000
561756,2017-09-14T20:22:00Z,22919,1991-06-10,2,2009-08-08,3,0,0,1,2007-08-10,2007-08-10,6,8,2016-08-10,4,6,2,4,,6,5000,500
561209,2017-09-14T14:06:06Z,71855,1966-09-17,2,2009-09-18,4,0,,1,2010-11-01,2010-11-01,3,4,,27,5,,,,6,4000,1500
557668,2017-09-13T17:54:43Z,22045,1988-03-30,2,2005-04-20,4,0,0,5,1988-03-10,1988-03-10,15,18,2012-03-10,4,3,3,1,3,1,6600,2000
561057,2017-09-14T12:54:32Z,71828,1994-04-02,2,2014-04-29,4,0,,5,2013-05-01,1994-04-01,8,24,2013-04-01,4,1,1,5,,6,8200,3500
561259,2017-09-14T14:26:40Z,70774,1999-04-23,2,2015-06-18,4,0,,1,2010-06-01,2010-06-01,14,17,,0,5,,,,6,400,400
561300,2017-09-14T14:53:20Z,71314,1994-09-14,2,2010-11-02,3,1,1,4,2016-01-01,2016-01-01,8,10,2015-09-01,5,1,8,3,,6,6000,2000
560706,2017-09-14T10:15:04Z,35469,1993-02-21,2,2009-05-28,4,0,,3,1993-02-10,1993-02-10,19,23,2013-11-01,4,1,1,5,11,2,7000,4000
561432,2017-09-14T15:59:07Z,68631,1987-06-26,1,2017-01-23,2,1,13,5,2016-06-01,1989-01-01,19,23,2015-10-01,12,1,3,6,4,1,6000,3000
560702,2017-09-14T10:14:24Z,71764,1981-10-24,2,2016-01-15,4,0,,5,2001-08-01,2001-08-01,22,26,2016-02-01,15,1,12,6,4,1,4200,1000
561001,2017-09-14T12:40:37Z,46770,1991-10-01,2,2008-06-11,2,0,,1,2017-01-10,1992-07-10,18,17,2016-10-10,7,1,11,6,11,1,10000,4000
561585,2017-09-14T17:40:19Z,71909,1992-01-19,2,2008-06-12,4,0,,5,2013-01-01,2013-01-01,9,11,2012-05-01,6,1,2,4,9,2,6700,2000
560346,2017-09-14T07:33:06Z,39392,1981-01-22,1,2005-10-01,1,1,9,1,1994-01-10,1994-01-10,19,23,2013-05-01,18,1,2,2,2,1,1900,1500
560505,2017-09-14T08:43:16Z,5137,1965-03-18,2,2001-11-30,2,1,22,5,1988-04-01,1988-04-01,13,16,2007-02-01,34,1,11,2,11,1,15000,3000
561605,2017-09-14T17:54:41Z,32581,1991-11-30,2,2014-05-23,3,1,2,1,2000-09-10,2000-09-10,2,3,2016-11-10,5,1,3,1,,6,4800,2500
561126,2017-09-14T13:15:29Z,71830,1986-12-16,2,2003-06-10,3,0,,5,2015-08-01,1993-02-01,8,10,2010-09-01,7,1,3,6,11,1,8000,6000
556375,2017-09-13T04:16:26Z,71055,1990-07-24,1,2011-04-11,3,1,6,1,2011-02-01,2011-02-01,13,16,2012-02-01,8,1,12,6,3,2,7000,4000
556298,2017-09-13T00:19:26Z,69266,1994-09-08,1,2010-11-11,4,0,,5,2012-05-01,2012-05-01,16,20,2015-10-01,3,1,11,4,6,1,8000,2000
560690,2017-09-14T10:05:38Z,71763,1998-01-02,2,2014-02-11,4,0,,4,2000-03-01,2000-03-01,3,4,2016-09-01,1,1,7,6,11,1,10000,7000
556905,2017-09-13T10:07:45Z,71460,1990-02-22,2,2006-03-28,4,0,,5,2014-02-01,2014-02-01,8,10,2016-02-01,8,1,12,3,4,1,16000,10000
556992,2017-09-13T11:01:47Z,71479,1984-04-05,1,2006-10-02,2,1,2,5,2016-10-01,2016-10-01,18,22,2006-12-01,10,1,2,6,10,1,4500,2500
557645,2017-09-13T17:38:05Z,71630,1989-03-02,1,2014-06-21,3,2,6,5,2010-02-01,2010-02-01,9,11,2017-01-01,10,1,11,6,6,2,11000,10000
557708,2017-09-13T18:51:25Z,49536,1995-01-14,1,2014-03-01,3,1,3,5,2016-11-01,2014-08-01,18,4,2017-06-01,3,1,5,5,,6,9000,3000
556387,2017-09-13T04:40:24Z,42312,1995-06-19,2,2011-07-19,4,0,,1,2015-09-10,2015-09-10,14,17,2015-07-10,4,3,13,6,6,2,6000,3000
556619,2017-09-13T07:37:19Z,45236,1998-05-29,2,2014-08-08,4,0,,1,2005-05-10,2005-05-10,10,12,2016-12-10,1,1,6,1,,6,9000,2000
557447,2017-09-13T14:56:42Z,71583,1998-04-20,2,2014-06-19,4,0,,5,2003-03-01,2003-03-01,1,2,2017-04-01,1,1,6,5,4,2,6000,4000
556919,2017-09-13T10:14:57Z,71467,1989-02-23,2,2008-07-08,3,0,,1,2005-05-01,2005-05-01,11,14,2017-09-01,8,1,2,5,,6,7800,2000
557619,2017-09-13T17:05:16Z,71616,1980-02-13,2,1996-10-28,3,2,8,3,1980-02-01,1980-02-01,11,14,2016-09-01,19,1,13,5,3,1,12000,4000
556953,2017-09-13T10:21:21Z,37557,1985-07-18,1,2002-01-29,4,0,,5,1992-04-10,1992-04-10,8,10,2016-04-10,9,1,2,1,2,1,10000,1000
554084,2017-09-12T20:57:50Z,71342,1981-07-18,2,1997-11-28,3,1,11,5,2010-09-01,2010-09-01,4,6,2014-01-01,10,1,11,3,4,1,5200,3500
557461,2017-09-13T15:01:27Z,19532,1991-08-06,2,2007-09-06,4,0,,5,2017-09-01,1991-08-01,14,17,2010-10-01,7,1,11,3,2,2,10000,10
556986,2017-09-13T10:58:59Z,26414,1997-05-24,2,2013-08-28,4,0,,1,2014-01-10,2014-01-10,20,24,2016-10-10,1,1,3,3,,6,8000,5000
552951,2017-09-12T09:28:46Z,71155,1991-05-11,2,2007-07-03,3,0,,5,1991-05-01,1991-05-01,10,12,2014-04-01,8,1,2,1,,6,12000,5000
557138,2017-09-13T12:16:40Z,71511,1993-10-28,1,2013-04-05,4,1,4,5,1993-10-01,1993-10-01,16,20,2017-03-01,2,6,11,6,4,1,5000,4500
557260,2017-09-13T13:15:21Z,71519,1988-12-09,1,2010-12-01,3,2,6,1,2010-10-01,2010-10-01,9,11,2013-03-01,4,3,4,6,,6,6000,3000
557308,2017-09-13T13:46:52Z,71561,1970-10-18,1,1995-12-05,2,1,24,1,2017-05-01,2015-04-01,6,5,2012-02-01,22,1,11,3,4,7,6000,2500
553551,2017-09-12T14:38:59Z,71265,1985-12-29,2,2011-12-23,4,0,,5,1986-01-01,1986-01-01,4,6,2016-12-01,1,1,9,6,4,1,5500,2100
556598,2017-09-13T07:17:48Z,71406,1989-02-03,2,2005-02-24,3,1,3,4,1989-02-01,1989-02-01,11,14,2009-09-01,8,3,3,6,2,1,10000,4000
556383,2017-09-13T04:34:22Z,36361,1989-05-24,1,2015-06-09,4,0,,1,2008-06-10,2008-06-10,20,24,1970-01-01,7,5,,,10,1,2000,2000
556667,2017-09-13T08:04:22Z,32806,1995-06-11,2,2011-07-19,3,1,1,1,2016-05-10,1995-06-10,3,4,2016-05-10,1,1,6,2,,6,5000,2000
556687,2017-09-13T08:19:34Z,49114,1989-07-01,2,2006-03-29,3,0,,4,2015-09-01,1993-05-01,11,14,2014-04-01,5,1,6,4,11,1,6000,10
557455,2017-09-13T14:58:57Z,71572,1986-11-20,1,2003-05-06,1,0,,5,2015-02-01,1986-11-01,8,13,2017-04-01,12,1,11,4,11,1,14000,8000
556768,2017-09-13T08:54:39Z,71432,1988-05-05,1,2010-10-27,3,2,4,1,1988-02-01,2013-08-01,4,6,2017-01-01,6,3,10,5,9,7,6000,6000
556336,2017-09-13T03:19:27Z,3489,1979-03-23,1,2007-11-22,3,2,20,1,2001-09-10,2001-09-10,15,18,2017-01-10,17,1,10,4,,6,3700,1500
557583,2017-09-13T16:37:14Z,71610,1995-02-06,2,2011-03-03,4,0,,1,2017-01-01,2011-03-01,13,15,2015-03-01,2,1,2,1,,5,9000,5000
554099,2017-09-12T21:12:47Z,71349,1986-12-16,2,2004-07-09,4,0,,5,1997-04-01,1997-04-01,13,16,2006-02-01,10,6,11,6,4,1,6000,2500
557606,2017-09-13T16:54:59Z,71621,1989-03-06,2,2006-04-11,4,0,,1,1989-03-01,1989-03-01,15,18,2010-05-01,8,1,3,4,,6,16000,4000
557228,2017-09-13T13:01:04Z,6557,1994-11-23,2,2010-12-25,4,0,,5,2010-07-10,1994-11-10,11,14,2015-09-10,4,1,3,2,6,2,6000,4000
557204,2017-09-13T12:41:43Z,71093,1987-05-03,2,2003-12-30,4,0,,1,2000-08-01,2000-08-01,3,4,2008-08-01,12,1,6,5,3,2,6500,2500
557687,2017-09-13T18:26:22Z,71636,1952-06-30,1,1999-06-29,3,2,41,1,1980-05-01,1980-05-01,2,3,,34,2,,,6,1,2800,500
557627,2017-09-13T17:09:32Z,71623,1993-11-01,1,2010-01-05,1,0,,5,2017-07-01,2000-09-01,5,2,2017-07-01,4,6,12,2,2,1,3500,2500
557103,2017-09-13T11:58:45Z,71503,1994-01-23,2,2010-10-01,3,0,,1,2010-02-01,2010-02-01,8,10,,0,5,,,10,1,7500,3000
552549,2017-09-12T04:14:54Z,70816,1987-08-25,1,2003-11-08,4,1,8,5,2004-07-01,1987-08-01,4,6,2013-08-01,10,1,7,5,6,2,6000,3500
552503,2017-09-12T01:38:17Z,71094,1992-12-02,2,2009-12-02,4,0,,5,1992-12-01,1992-12-01,9,11,2012-03-01,7,1,12,6,,6,12000,3000
552891,2017-09-12T09:01:48Z,10155,1977-04-10,1,1996-06-28,4,3,17,5,1996-06-01,1996-06-01,12,15,,10,5,,,10,2,4500,4400
553282,2017-09-12T12:27:19Z,71218,1984-12-08,2,2007-06-07,3,1,7,5,2017-06-01,2007-06-01,7,9,2016-02-01,6,1,11,3,4,1,9000,3000
553155,2017-09-12T11:27:37Z,57407,1992-08-04,1,2009-08-18,3,1,6,1,2017-04-01,2009-08-01,8,10,2017-07-01,5,1,7,3,6,1,10000,10
552755,2017-09-12T07:32:55Z,70972,1997-07-05,2,2013-08-14,4,0,,1,2016-09-01,2016-09-01,10,12,,0,4,,,4,2,3800,2000
553131,2017-09-12T11:19:02Z,2601,1987-02-09,2,2003-05-17,4,0,0,1,2010-03-10,2010-03-10,23,27,2016-03-10,2,1,6,3,11,1,6000,3000
553128,2017-09-12T11:18:43Z,71200,1994-05-20,1,2010-06-02,4,0,,5,2016-05-01,1994-05-01,9,17,2016-08-01,3,1,12,6,4,1,10000,4000
553026,2017-09-12T10:19:05Z,71172,1990-09-30,2,2007-06-01,4,0,,1,1990-10-01,1990-10-01,9,11,2016-08-01,4,1,11,2,10,1,7000,2000
550270,2017-09-11T21:11:39Z,51373,1982-11-25,2,1999-09-29,3,1,0,1,2005-11-10,2005-11-10,12,15,2014-01-10,12,1,6,6,4,1,7500,2500
552622,2017-09-12T05:45:00Z,71022,1994-10-23,2,2011-08-31,4,0,,1,2017-06-01,2017-06-01,14,17,2014-06-01,5,1,12,2,4,1,6700,3500
553971,2017-09-12T19:43:24Z,71340,1985-03-02,2,2012-10-26,4,0,,1,1990-01-01,1990-01-01,3,4,2015-09-01,8,3,3,6,,6,6000,3000
553475,2017-09-12T13:46:27Z,5567,1996-02-21,2,2012-05-12,4,0,0,4,2013-08-10,2013-08-10,9,11,2013-08-10,4,4,,,9,2,3200,800
553466,2017-09-12T13:36:52Z,71240,1976-04-06,1,2003-03-23,3,1,14,1,2001-02-01,2001-02-01,13,16,2016-08-01,20,1,12,6,6,1,8000,2500
553939,2017-09-12T19:13:28Z,71336,1990-05-20,1,2013-11-15,3,1,3,1,1990-05-01,1990-05-01,18,22,2016-02-01,4,1,7,3,4,1,7500,5500
553590,2017-09-12T14:59:13Z,24290,1992-04-05,1,2008-06-06,4,0,,5,2015-02-10,2015-02-10,8,10,2016-09-10,6,1,7,3,8,2,4500,4000
550297,2017-09-11T22:14:35Z,63883,1978-11-04,2,1995-09-28,4,0,,1,2017-02-01,1995-09-01,8,12,2002-02-01,20,1,3,3,,6,8000,3000
553284,2017-09-12T12:28:44Z,61723,1989-06-26,1,2016-01-15,3,2,8,1,1996-03-01,1996-03-01,3,4,2015-10-01,10,1,11,3,,6,7000,4000
553570,2017-09-12T14:44:38Z,71182,1997-01-12,1,2013-08-03,1,0,,5,2017-01-01,2016-03-01,3,4,2017-06-01,2,1,5,5,,6,6000,2500
554047,2017-09-12T20:25:14Z,71347,1962-05-08,2,2001-02-20,3,0,,4,2007-09-01,2007-09-01,11,14,2016-01-01,30,1,6,5,,6,10000,4000
554045,2017-09-12T20:23:49Z,71075,1998-01-01,1,2014-01-28,4,0,,5,2013-02-01,2013-02-01,15,18,2017-06-01,1,1,11,2,,3,3500,3000
552666,2017-09-12T06:33:56Z,13725,1996-09-13,1,2015-10-16,3,0,,5,2002-10-10,2002-10-10,18,22,2016-06-10,1,1,4,6,,6,2300,2000
553397,2017-09-12T13:09:15Z,71233,1996-09-17,1,2016-01-15,3,0,,1,2016-01-01,2016-01-01,3,4,2016-05-01,3,1,12,6,,6,6000,4500
552876,2017-09-12T08:55:59Z,10453,1977-09-15,1,2009-02-17,2,1,20,1,1977-09-10,1977-09-10,5,7,2016-07-10,15,1,12,6,,6,5800,1000
553929,2017-09-12T19:07:59Z,7995,1996-10-25,2,2012-11-15,4,0,0,1,2007-02-10,2007-02-10,1,2,2017-03-10,0,1,2,2,9,1,8000,1000
553833,2017-09-12T17:47:19Z,11308,1983-03-06,2,2000-04-29,3,0,,2,1983-03-01,1983-03-01,7,9,2007-12-01,13,1,13,5,4,2,7800,10
552797,2017-09-12T08:06:56Z,71132,1993-06-24,2,2009-07-28,4,0,,1,2017-02-01,1993-06-01,3,8,2016-05-01,2,1,6,4,,6,8000,5000
550230,2017-09-11T20:28:47Z,71067,1989-04-05,2,2005-12-14,3,1,4,5,2012-03-01,1993-02-01,8,2,2017-07-01,9,1,12,4,4,2,9000,5000
548836,2017-09-11T09:28:46Z,70724,1990-12-18,1,2007-01-29,4,0,,4,2013-05-01,2013-05-01,16,20,2014-06-01,2,6,9,2,2,1,4000,4000
545172,2017-09-10T05:24:59Z,70476,1986-05-24,2,2004-03-26,2,0,,1,1986-05-01,1986-05-01,6,8,2016-08-01,12,1,13,2,4,1,12500,3000
550341,2017-09-11T23:49:54Z,47953,1992-01-01,1,2008-02-02,4,0,,5,2014-11-10,2014-11-10,8,10,2014-10-10,5,1,12,1,9,2,6500,5000
553217,2017-09-12T11:52:16Z,71215,1991-02-26,1,2007-03-30,4,0,,5,2016-12-01,2004-01-01,8,10,2015-04-01,8,1,12,3,4,1,9600,3500
552920,2017-09-12T09:12:56Z,71154,1994-01-13,2,2010-03-20,4,0,,1,2012-01-01,2012-01-01,6,8,2016-02-01,1,1,6,4,4,2,6000,5000
553847,2017-09-12T17:58:29Z,71317,1987-12-09,1,2014-11-27,2,1,9,4,2016-07-01,2016-07-01,3,4,2016-07-01,5,3,11,6,11,1,10000,5000
552839,2017-09-12T08:40:03Z,71126,1997-04-07,2,2015-01-26,4,0,,1,1997-06-01,1997-06-01,13,16,2017-01-01,1,1,2,5,,6,7000,7000
553687,2017-09-12T15:43:42Z,71288,1995-10-03,2,2011-11-24,4,0,,1,1995-10-01,1995-10-01,17,21,2017-05-01,1,1,2,4,9,2,5700,2000
545747,2017-09-10T13:34:49Z,70599,1987-10-08,1,2016-03-22,1,2,12,5,2007-08-01,1990-01-01,18,22,2008-04-01,11,3,12,6,4,1,5000,1500
552712,2017-09-12T07:08:44Z,71008,1987-02-23,2,2003-12-15,3,2,3,1,1993-01-01,1993-01-01,7,9,2017-06-01,12,1,2,4,10,1,10400,4000
548551,2017-09-11T07:00:59Z,33133,1983-09-07,2,2000-08-18,4,0,,5,2013-09-10,2013-09-10,18,22,2017-04-10,17,3,3,3,,6,7000,4500
552698,2017-09-12T06:57:20Z,71117,1976-07-21,1,2000-06-26,3,0,,5,1998-04-01,1998-04-01,16,20,1998-08-01,19,1,6,5,9,7,8000,3000
553442,2017-09-12T13:27:14Z,71235,1992-08-10,2,2008-09-24,4,0,,1,1992-08-01,1992-08-01,22,26,2016-12-01,5,6,7,6,,6,5000,4000
549646,2017-09-11T13:51:26Z,70974,1990-08-07,2,2006-08-23,3,0,,5,1990-08-01,1990-08-01,18,22,2011-08-01,6,1,6,5,2,1,7000,3000
548870,2017-09-11T09:31:08Z,49666,1995-04-29,2,2011-07-14,4,0,,5,2015-04-10,2015-09-10,8,10,2016-02-10,5,1,11,5,,6,7000,6500
545394,2017-09-10T08:55:07Z,68706,1988-01-25,2,2005-02-18,4,0,,1,2011-08-10,2011-08-10,21,25,2012-02-10,7,1,7,1,11,1,6500,3500
545783,2017-09-10T13:54:42Z,49441,1993-03-05,2,2009-08-13,4,0,,1,2014-08-10,1993-03-10,9,25,2014-08-10,7,1,2,5,10,1,6200,4000
548573,2017-09-11T07:21:35Z,52017,1989-03-23,2,2005-10-11,3,1,1,1,2015-04-10,2007-01-10,9,25,2012-10-10,6,1,6,1,5,1,8000,6550
549365,2017-09-11T11:48:39Z,70828,1986-12-24,2,2015-08-13,4,0,,4,1987-01-01,1987-01-01,10,12,2014-05-01,10,1,6,5,11,1,6000,1500
548549,2017-09-11T06:59:40Z,52496,1990-09-08,1,2009-10-07,3,2,6,5,2013-08-01,2013-08-01,10,12,2015-04-01,5,6,8,1,,6,4500,10
549542,2017-09-11T12:57:04Z,70940,1989-05-12,1,2005-10-20,4,0,,5,1989-05-01,1989-05-01,15,18,2017-01-01,6,1,12,3,6,1,6000,3000
549253,2017-09-11T11:12:29Z,30344,1979-06-05,2,1996-05-07,4,0,,5,2013-02-10,2013-02-10,9,11,2006-09-10,17,1,10,5,4,4,11000,6000
548683,2017-09-11T08:23:04Z,70705,1979-03-09,1,2007-10-11,1,1,8,3,2004-07-01,2004-07-01,14,17,2017-05-01,15,1,11,6,4,1,3500,2600
549251,2017-09-11T11:12:22Z,46472,1949-09-16,2,2000-05-10,3,1,0,5,1980-08-10,1980-08-10,18,22,1970-01-01,48,2,,,11,1,3500,2000
548445,2017-09-11T04:57:32Z,70700,1970-06-20,2,2015-09-23,1,0,,3,2002-10-01,2011-03-01,8,11,2014-09-01,27,1,7,3,,6,7000,3000
549889,2017-09-11T15:43:42Z,71012,1982-09-23,1,2012-02-28,1,2,11,5,2012-01-01,2012-01-01,16,20,2016-11-01,16,3,7,3,,6,6800,3500
549003,2017-09-11T09:57:37Z,5708,1977-08-12,2,1996-07-18,3,1,7,5,2005-12-10,2005-12-10,21,25,1970-01-10,15,2,,,1,1,3500,2000
549054,2017-09-11T10:11:31Z,70808,1996-04-23,2,2012-07-18,4,0,,1,2012-01-01,2012-01-01,18,22,2016-12-01,1,1,1,5,,6,10000,5000
545176,2017-09-10T05:46:45Z,70511,1958-09-23,2,2012-08-03,1,0,,5,2010-09-01,2008-08-01,8,27,2016-08-01,20,1,4,1,6,1,10500,4500
549612,2017-09-11T13:36:03Z,46709,1999-02-18,2,2015-07-21,4,0,,3,2016-09-01,2016-09-01,5,7,2016-11-01,1,6,11,6,7,2,3000,2000
549285,2017-09-11T11:19:57Z,70875,1996-07-16,1,2012-08-23,4,0,,1,1996-07-01,1996-07-01,21,25,,0,4,,,6,1,4000,3000
549582,2017-09-11T13:21:47Z,70957,1992-09-21,2,2009-02-28,4,0,,5,1994-05-01,1994-05-01,21,25,2013-09-01,6,1,2,5,5,1,7600,2000
549397,2017-09-11T11:58:04Z,57823,1998-01-08,1,2014-07-15,1,1,2,1,2010-07-10,2010-07-10,1,2,1970-01-01,0,5,,,,6,5000,2000
546042,2017-09-10T17:47:15Z,69863,1972-04-04,1,1999-10-01,3,0,,5,2015-03-01,2007-08-01,23,10,2015-11-01,22,1,12,4,,6,9000,3000
549980,2017-09-11T16:29:26Z,64980,1985-03-27,1,2003-12-12,2,0,,1,2005-06-01,2005-06-01,3,4,2016-05-01,13,1,12,5,4,1,6500,2500
549155,2017-09-11T10:39:02Z,70757,1997-12-19,2,2014-02-19,4,0,,1,1997-12-01,1997-12-01,4,6,2016-09-01,2,3,5,5,10,2,5500,1500
548381,2017-09-11T00:02:50Z,60796,1990-04-27,2,2006-05-05,4,0,,5,1996-04-01,1996-04-01,6,8,2014-03-01,5,6,3,3,,6,6000,3500
548465,2017-09-11T05:23:17Z,64810,1988-08-30,2,2012-10-23,4,0,,5,2004-09-10,2004-09-10,2,3,2013-08-10,4,3,9,5,,6,7000,3000
549314,2017-09-11T11:34:32Z,70887,1989-01-06,1,2011-01-06,3,2,10,1,2007-01-01,2007-01-01,14,17,2016-09-01,10,3,3,3,,6,6000,3000
549733,2017-09-11T14:27:26Z,70986,1995-05-04,2,2015-01-16,2,0,,1,2017-03-01,1995-05-01,19,8,2012-08-01,5,1,2,5,9,1,7700,4700
549807,2017-09-11T15:00:18Z,70993,1974-11-01,1,2009-09-17,2,1,15,1,2003-05-01,2003-05-01,11,14,2016-09-01,15,1,11,6,7,1,7000,4500
548900,2017-09-11T09:34:39Z,63042,1997-06-29,2,2016-10-29,4,0,0,1,1997-06-10,1997-06-10,19,23,2016-11-10,0,6,11,3,10,7,3200,3000
549038,2017-09-11T10:05:35Z,52484,1979-03-30,2,2012-12-13,4,0,,5,1979-03-10,1979-03-10,6,8,2013-05-10,10,1,3,2,,5,3000,2000
549179,2017-09-11T10:45:45Z,55886,1992-03-01,1,2012-02-07,3,1,5,1,1992-04-01,1992-04-01,11,14,2011-10-01,4,1,11,3,11,1,6000,1000
549771,2017-09-11T14:41:00Z,70994,1989-06-24,2,2005-08-11,3,1,4,5,2017-04-01,2017-04-01,3,4,2013-01-01,5,1,12,3,6,1,10000,5000
549157,2017-09-11T10:39:19Z,70842,1993-01-23,2,2009-04-14,4,0,,1,1993-01-01,1993-01-01,17,21,,6,2,,,4,1,8000,3000
549598,2017-09-11T13:26:29Z,70952,1989-11-03,2,2005-12-07,3,0,,5,1995-01-01,1995-01-01,3,4,2016-11-01,7,1,6,5,,6,10000,7000
549596,2017-09-11T13:26:15Z,70961,1993-03-09,2,2010-01-20,4,0,,5,1993-03-01,1993-03-01,21,25,2013-08-01,3,1,6,4,,6,4500,2000
549243,2017-09-11T11:10:29Z,9870,1995-08-04,2,2011-08-25,4,0,,4,2011-08-10,2011-08-10,13,16,2016-10-10,3,1,12,5,4,2,8000,7000
545598,2017-09-10T11:36:41Z,70575,1993-06-25,2,2009-09-28,4,0,,1,2010-08-01,2010-08-01,13,16,2010-08-01,5,1,2,4,9,1,8000,3000
545762,2017-09-10T13:45:25Z,70541,1996-06-11,2,2012-07-23,4,0,,1,1996-06-01,1996-06-01,16,20,,0,5,,,,6,3500,2500
545620,2017-09-10T11:54:12Z,70576,1985-03-14,2,2014-07-03,4,0,,1,1985-05-01,1985-05-01,14,17,2016-09-01,5,1,3,3,4,1,6000,2000
546087,2017-09-10T18:31:09Z,70654,1972-10-29,2,1997-11-01,2,1,23,1,1997-11-01,1997-11-01,6,8,1998-02-01,25,1,8,1,,6,4100,1500
545291,2017-09-10T07:38:32Z,70521,1992-04-10,2,2008-05-01,3,1,2,4,2015-03-01,1994-06-01,18,22,2014-10-01,6,1,2,2,4,1,7000,1000
545544,2017-09-10T11:00:30Z,70498,1983-10-11,2,2000-04-14,3,2,9,3,2015-02-01,2015-02-01,6,8,2014-09-01,10,1,6,3,7,2,10000,5000
545871,2017-09-10T14:47:33Z,70624,1997-01-19,2,2013-02-19,4,0,,5,2007-01-01,2007-01-01,18,22,2017-04-01,3,6,4,3,,6,10000,6500
545372,2017-09-10T08:38:24Z,51385,1992-03-28,1,2008-09-01,4,0,,1,1994-02-01,1994-02-01,9,11,2015-01-01,3,1,6,1,11,2,5000,2000
545770,2017-09-10T13:49:36Z,8778,1994-08-30,2,2010-11-11,4,0,,5,2000-04-01,2000-04-01,3,4,2014-05-01,3,1,12,6,11,1,10000,3000
545636,2017-09-10T11:59:36Z,70580,1984-03-25,2,2000-07-27,4,0,,5,2015-11-01,2015-11-01,22,26,2013-01-01,6,6,4,6,10,2,6000,3000
542860,2017-09-09T19:05:36Z,70475,1970-04-08,1,2000-06-27,1,1,29,5,2003-03-01,2003-03-01,9,11,,20,5,,,,6,7000,2500
545420,2017-09-10T09:18:15Z,35248,1985-11-20,2,2009-12-24,1,1,1,5,2003-08-10,2003-08-10,21,25,2008-03-10,12,3,3,6,,6,3500,2000
545706,2017-09-10T13:03:53Z,70595,1980-07-22,2,1996-07-22,4,0,,5,2002-02-01,2002-02-01,3,4,2010-02-01,10,1,6,2,8,1,8000,5000
545327,2017-09-10T08:09:43Z,70527,1981-08-14,2,1998-04-07,4,0,,5,1985-08-01,1985-08-01,10,12,2016-08-01,1,1,12,4,,5,6500,3000
545754,2017-09-10T13:41:45Z,70605,1992-10-25,1,2014-05-08,1,0,,5,1998-12-01,1998-12-01,9,11,2012-01-01,5,1,11,6,4,1,7000,5000
545333,2017-09-10T08:18:17Z,70532,1987-06-19,1,2004-03-12,3,3,12,5,2012-08-01,2012-08-01,11,14,2015-12-01,10,1,6,5,,3,7000,4000
545552,2017-09-10T11:03:34Z,70557,1977-07-27,1,2012-12-12,2,1,16,4,2014-07-01,2014-07-01,9,11,2011-08-01,24,1,8,5,9,1,7000,4500
545547,2017-09-10T11:01:31Z,70562,1988-08-10,2,2005-10-17,4,0,,5,2010-04-01,2010-04-01,7,9,,5,5,,,,5,6000,3000
545261,2017-09-10T07:07:33Z,70520,1992-09-29,2,2008-11-18,1,0,,3,1999-05-01,1999-05-01,12,15,2013-02-01,4,1,11,3,6,1,6000,4000
545779,2017-09-10T13:53:37Z,70567,1973-03-17,2,1997-03-04,3,2,16,5,2010-03-01,2010-03-01,8,10,2013-04-01,4,6,11,1,11,1,3500,3000
545206,2017-09-10T06:26:30Z,70516,1987-07-08,2,2003-12-03,4,0,,1,2010-08-01,2010-08-01,18,22,2017-07-01,12,3,12,6,4,1,10000,6000
545431,2017-09-10T09:33:50Z,28625,1983-07-08,2,1999-09-08,3,1,5,1,1999-09-10,1999-09-10,6,8,2016-03-10,1,1,3,3,,5,5500,2500
542342,2017-09-09T12:32:21Z,70393,1977-09-15,2,2015-06-23,3,0,,5,2007-01-01,2007-01-01,11,14,2007-06-01,20,1,3,6,,5,15000,8000
542508,2017-09-09T14:45:51Z,70434,1996-10-03,1,2013-03-14,4,0,,1,2013-11-01,2013-11-01,3,4,2017-06-01,1,1,5,1,11,2,4200,2500
541908,2017-09-09T07:43:13Z,70306,1943-09-11,2,1996-12-13,3,1,36,5,1990-04-01,1990-04-01,6,8,,35,2,,,7,1,3000,1000
539557,2017-09-08T23:20:21Z,70273,1992-03-13,2,2008-06-10,3,1,3,5,2005-01-01,2005-01-01,5,7,2017-04-01,4,1,6,2,9,1,8000,4500
541927,2017-09-09T07:47:58Z,70332,1989-06-16,2,2010-10-30,1,0,,1,1989-06-01,1989-06-01,3,4,2012-12-01,5,1,6,5,,6,8000,8000
542700,2017-09-09T16:46:06Z,69858,1989-03-17,2,2005-09-28,4,0,,5,1989-03-01,1989-03-01,7,9,2015-10-01,8,1,9,3,,6,10000,5000
542031,2017-09-09T08:56:13Z,70353,1997-12-26,2,2014-02-17,4,0,,1,2000-08-01,2000-08-01,10,12,,1,4,,,10,2,3500,3000
542493,2017-09-09T14:37:40Z,63096,1994-09-24,2,2014-08-16,3,0,,1,2017-06-01,1998-05-01,10,12,2013-10-01,4,1,11,3,11,1,5300,2000
541869,2017-09-09T07:12:16Z,70316,1984-08-07,1,2010-02-04,2,0,,1,2015-11-01,2015-11-01,21,25,2015-06-01,15,1,3,3,6,1,8000,3000
542347,2017-09-09T12:34:32Z,58223,1983-01-30,1,2000-06-06,1,1,17,1,2011-03-01,1983-02-01,8,10,2011-04-01,7,1,11,6,10,1,10000,8000
542175,2017-09-09T10:23:42Z,70252,1999-06-22,2,2015-06-25,4,0,,3,2016-09-01,2016-09-01,18,22,,3,4,,,11,2,2500,1500
542276,2017-09-09T11:48:56Z,70388,1994-08-15,2,2010-12-28,4,0,,1,2011-10-01,2011-10-01,21,25,2017-03-01,1,3,12,6,10,2,4000,1250
542569,2017-09-09T15:27:56Z,70445,1994-01-08,1,2010-03-12,4,0,,5,1996-02-01,1996-02-01,21,25,2015-03-01,2,1,11,3,,6,7000,4000
542273,2017-09-09T11:47:35Z,70389,1997-12-09,2,2014-08-09,4,0,,1,2000-05-01,2000-05-01,10,12,2017-01-01,1,1,12,6,,6,5000,2000
539502,2017-09-08T21:35:39Z,70267,1983-05-14,2,1999-09-01,3,1,12,5,2004-03-01,1997-05-01,11,14,2010-04-01,14,3,3,6,11,2,8000,2000
539540,2017-09-08T22:07:59Z,70271,1993-04-03,2,2016-01-06,4,0,,5,2017-05-01,1993-04-01,8,10,2017-06-01,2,3,7,3,6,2,12000,6000
542295,2017-09-09T11:56:50Z,29305,1990-03-11,2,2006-05-25,4,0,0,3,1990-03-10,1990-03-10,11,14,1970-01-10,9,3,7,6,11,1,9100,7500
542692,2017-09-09T16:41:28Z,63006,1999-01-20,2,2015-08-20,4,0,,5,1999-01-01,1999-01-01,3,4,2016-06-01,1,1,12,5,4,2,4500,1000
539493,2017-09-08T21:22:43Z,70263,1970-11-25,1,2010-10-12,2,1,27,1,2008-09-01,1992-03-01,8,4,1999-09-01,18,1,12,5,4,1,20000,5200
539445,2017-09-08T20:28:22Z,70258,1987-11-08,2,2010-07-06,4,0,,3,2010-07-01,2010-07-01,3,4,2010-10-01,6,1,11,3,5,1,6000,3000
542585,2017-09-09T15:36:33Z,70437,1988-10-26,2,2005-02-03,3,2,8,5,1999-02-01,1999-02-01,2,3,2014-06-01,9,1,12,5,,6,6500,4000
542597,2017-09-09T15:49:24Z,10451,1991-11-06,2,2008-01-08,4,0,,1,2015-10-10,2015-10-10,3,4,2013-03-10,5,1,1,1,6,2,12000,300
539515,2017-09-08T21:46:03Z,67900,1985-04-20,2,2001-05-04,3,1,6,5,2001-05-01,2001-05-01,12,15,2015-10-01,13,1,2,3,6,1,4000,2000
539178,2017-09-08T16:40:52Z,70216,1987-11-25,1,2004-12-24,4,0,,1,2016-09-01,1987-11-01,8,27,2015-12-01,7,1,11,2,11,1,8000,3000
538872,2017-09-08T13:30:49Z,70169,1995-11-03,1,2016-08-19,3,1,2,5,2015-03-01,2001-07-01,18,22,2014-06-01,3,1,5,3,4,1,6500,1000
537734,2017-09-08T00:56:50Z,70030,1993-03-04,1,2009-04-02,4,0,,5,2012-08-01,2012-08-01,8,10,2014-04-01,3,1,5,1,4,1,13000,7000
538822,2017-09-08T13:08:12Z,70163,1991-04-16,1,2007-05-21,4,1,3,1,2012-12-01,2012-12-01,3,4,2013-01-01,4,1,10,2,6,1,4200,4000
538957,2017-09-08T14:08:51Z,70179,1995-11-15,2,2011-11-14,4,0,,5,2014-12-01,2014-12-01,18,22,,1,4,,,9,2,3000,3000
539415,2017-09-08T20:01:11Z,70244,1993-08-10,1,2010-05-07,2,0,,1,2015-04-01,2015-04-01,8,10,2017-09-01,5,6,10,2,10,2,7500,3000
539293,2017-09-08T18:30:15Z,60988,1992-07-23,1,2015-04-01,3,1,3,1,2000-08-01,2000-08-01,3,4,2012-08-01,5,1,8,3,,6,5000,10
538811,2017-09-08T13:03:14Z,70158,1996-05-21,2,2012-07-17,4,0,,5,2012-08-01,2012-08-01,12,15,2016-02-01,0,1,11,3,,6,5400,4700
538712,2017-09-08T12:24:25Z,70125,1984-08-07,1,2002-07-31,1,0,,1,2017-04-01,2002-08-01,12,15,2011-04-01,12,1,11,3,8,1,5000,1000
538413,2017-09-08T10:04:36Z,70104,1977-03-30,2,1996-10-17,3,1,9,5,1977-04-01,1977-04-01,6,8,2012-01-01,21,1,12,6,4,1,7000,3000
537982,2017-09-08T06:32:35Z,59527,1986-12-02,2,2003-03-13,3,1,5,5,1986-12-10,1986-12-10,8,10,2016-05-10,11,1,13,2,,6,8500,3500
538774,2017-09-08T12:46:46Z,70159,1994-02-20,2,2011-11-21,4,0,,1,2014-01-01,2013-01-01,18,22,,0,2,,,6,2,6000,3300
538632,2017-09-08T11:54:40Z,70144,1988-07-22,1,2008-10-16,3,1,9,1,1994-01-01,1994-01-01,11,14,2017-07-01,5,1,3,3,9,1,6000,4000
539216,2017-09-08T17:05:24Z,70210,1997-02-18,2,2013-03-28,1,0,,5,1997-02-01,1997-02-01,3,4,2017-08-01,0,3,3,3,,6,5000,4000
538334,2017-09-08T09:43:46Z,30909,1981-10-03,1,2011-02-15,3,2,10,5,2009-09-01,2009-09-01,14,17,2010-12-01,15,1,2,3,,6,7500,7500
539212,2017-09-08T17:03:05Z,70222,1991-01-15,2,2016-10-11,4,0,,1,2015-08-01,1991-01-01,14,25,,3,4,,,7,1,3500,2300
538515,2017-09-08T10:50:01Z,70121,1988-02-07,2,2004-08-10,4,0,,5,2015-01-01,2015-01-01,3,4,2015-05-01,0,3,3,6,7,1,25000,15000
538317,2017-09-08T09:36:45Z,70098,1983-08-12,1,2000-06-29,4,1,14,5,2004-03-01,2004-03-01,21,25,2013-01-01,12,1,12,5,,6,8200,2500
539382,2017-09-08T19:30:52Z,70243,1954-11-26,1,1997-11-19,5,2,35,5,1997-07-01,1997-07-01,3,4,,22,2,,,,6,4300,3200
537746,2017-09-08T01:11:14Z,70031,1981-06-22,1,2002-10-18,2,2,14,1,1998-10-01,1998-10-01,5,7,2010-01-01,7,3,12,6,,6,11000,3000
538249,2017-09-08T09:14:45Z,70087,1995-08-24,1,1995-08-31,4,0,,5,1995-10-01,1995-10-01,11,14,2016-08-01,5,1,11,3,,6,6000,3500
535547,2017-09-07T21:41:55Z,57033,1991-02-06,2,2007-06-22,4,0,,1,2012-12-10,2012-12-10,15,18,2016-09-10,3,1,12,3,9,1,8000,3000
538451,2017-09-08T10:24:04Z,70111,1993-05-26,1,2009-09-23,4,1,7,1,2000-06-01,2000-06-01,12,15,2014-08-01,4,1,12,6,4,1,7000,4000
536924,2017-09-08T00:02:03Z,45869,1997-04-02,2,2013-11-13,4,0,,4,2013-11-01,2013-11-01,10,12,2015-05-01,2,1,11,3,9,1,7000,4500
537817,2017-09-08T03:28:07Z,30049,1979-09-05,2,1996-04-16,2,2,13,5,2007-10-10,2007-10-10,3,4,2017-05-10,13,1,5,2,4,1,4000,2000
538092,2017-09-08T07:42:58Z,69724,1975-07-14,1,2010-08-12,4,1,9,1,2004-11-01,2004-11-01,15,18,2013-02-01,23,1,2,2,4,1,6000,2000
538606,2017-09-08T11:43:56Z,70140,1992-01-21,2,2008-02-21,4,0,,5,1997-06-01,1997-06-01,8,10,2013-07-01,4,1,2,5,9,1,13000,4000
534461,2017-09-07T10:59:40Z,69848,1999-05-17,2,2015-06-10,4,0,,4,2000-02-01,2000-02-01,21,25,2017-06-01,0,6,12,2,3,2,7000,4000
533871,2017-09-07T05:05:18Z,48553,1994-11-03,2,2010-12-10,2,0,0,1,2008-01-10,2008-01-10,20,24,1970-01-10,3,5,,,,6,6000,1000
534302,2017-09-07T09:58:03Z,56174,1995-06-18,1,2011-08-12,1,0,,1,2015-10-01,1995-06-01,8,6,2016-08-01,2,1,5,5,9,2,6500,2000
535129,2017-09-07T15:56:11Z,69967,1990-03-10,2,2006-06-21,3,1,4,4,1990-03-01,1990-03-01,7,9,,8,5,,,,6,18000,10000
533844,2017-09-07T04:11:17Z,69765,1990-08-14,2,2015-12-07,4,0,,5,2009-05-01,2009-05-01,9,11,2009-09-01,6,1,11,6,4,1,12000,10000
534146,2017-09-07T08:46:39Z,59473,1993-12-23,2,2010-03-16,4,0,,1,2016-05-01,2013-09-01,3,8,2016-05-01,2,1,6,4,,6,4000,10
534626,2017-09-07T12:17:39Z,69873,1997-06-26,1,2015-04-15,4,0,,1,1997-06-01,1997-06-01,9,11,2017-07-01,3,1,8,5,,6,8000,1500
535444,2017-09-07T19:39:27Z,70007,1994-05-21,2,2011-11-18,4,0,,1,2015-07-01,2015-07-01,10,12,2015-11-01,2,1,3,2,11,1,3000,1000
534762,2017-09-07T13:06:37Z,69886,1994-06-28,2,2017-07-05,4,0,,5,1994-07-01,1994-07-01,3,4,2013-03-01,5,1,5,2,9,1,7000,4000
533922,2017-09-07T06:14:47Z,69773,1995-01-05,2,2011-03-29,4,0,,5,2012-09-01,2012-09-01,11,14,2017-03-01,3,1,3,3,4,2,8000,6000
534428,2017-09-07T10:51:12Z,69846,1987-07-13,1,2013-03-26,2,1,4,1,2014-10-01,2003-03-01,8,13,2016-05-01,10,1,10,1,4,7,7500,3000
534212,2017-09-07T09:16:02Z,69813,1983-03-09,2,1999-03-13,3,1,8,5,1991-11-01,1991-11-01,5,7,2009-12-01,8,1,12,6,3,1,35000,7500
531674,2017-09-06T22:54:29Z,67978,1990-05-15,2,2006-08-02,3,1,4,3,2006-04-01,2006-04-01,6,8,2009-09-01,8,3,13,6,,6,12000,4500
533965,2017-09-07T07:02:16Z,69600,1991-01-08,2,2012-05-24,4,0,,4,2012-06-01,2012-06-01,4,6,2016-09-01,5,1,6,1,3,1,8500,3000
534348,2017-09-07T10:23:18Z,69835,1994-09-29,2,2010-11-02,3,0,,1,2000-01-01,2000-01-01,6,8,,3,5,,,4,1,5000,3500
534086,2017-09-07T08:16:09Z,69774,1989-09-20,2,2005-10-14,4,0,,5,1990-08-01,1990-08-01,6,8,2016-08-01,10,1,12,3,4,1,8000,3000
535503,2017-09-07T20:34:53Z,69995,1989-07-19,1,2005-08-01,1,0,,5,2004-08-01,2004-08-01,19,23,,5,5,,,11,1,4000,2000
534972,2017-09-07T14:40:40Z,69946,1998-04-14,2,2015-08-14,4,0,,1,1998-04-01,1998-04-01,14,17,2017-08-01,1,1,9,5,,6,7000,2100
534487,2017-09-07T11:07:17Z,69851,1993-07-13,1,2011-12-07,3,1,4,2,1996-01-01,1996-01-01,19,23,2013-08-01,4,1,10,3,8,1,5600,900
535248,2017-09-07T17:08:17Z,69732,1989-09-19,1,2012-01-10,2,1,5,5,1991-12-01,1991-12-01,3,4,2016-09-01,7,6,7,5,,6,4000,3500
534131,2017-09-07T08:37:48Z,69807,1996-11-26,2,2014-12-27,4,0,,4,2016-06-01,2013-11-01,8,17,2015-03-01,2,3,13,4,4,2,7000,4500
534788,2017-09-07T13:19:46Z,38856,1994-11-20,2,2011-07-12,4,0,,5,2005-08-01,2005-08-01,6,8,2013-04-01,4,3,7,4,11,1,8000,10
535266,2017-09-07T17:14:43Z,69981,1989-03-12,2,2005-04-14,4,0,,4,2005-05-01,2005-05-01,3,4,2017-02-01,8,1,6,5,11,1,5200,2000
531001,2017-09-06T14:30:05Z,69654,1993-06-02,1,2009-07-15,4,0,,1,2006-07-01,2006-07-01,9,11,2012-02-01,5,1,1,5,6,1,8500,2000
535357,2017-09-07T18:31:34Z,51472,1982-05-31,1,2010-12-10,3,1,10,1,2006-05-01,2006-05-01,18,22,2013-06-01,10,1,13,4,4,1,6500,10
534240,2017-09-07T09:34:40Z,69820,1980-09-17,2,2009-08-08,1,0,,5,1980-09-01,1980-09-01,10,12,2009-05-01,8,1,11,1,4,1,8000,4000
534872,2017-09-07T14:05:02Z,69905,1965-10-17,2,2002-02-21,3,2,23,5,2016-03-01,2016-03-01,11,14,2017-06-01,28,1,6,4,,6,7500,2500
533827,2017-09-07T02:20:17Z,15989,1981-05-30,2,1998-06-25,4,0,,5,1989-10-10,1989-10-10,8,10,1970-01-01,10,5,,,11,1,8000,8000
535460,2017-09-07T19:43:19Z,70002,1982-11-03,1,2013-12-11,3,1,3,5,1985-01-01,1985-01-01,5,7,2017-03-01,12,1,7,6,4,1,4400,2000
530592,2017-09-06T10:32:39Z,21546,1970-02-06,1,1998-03-04,3,2,18,5,2014-04-10,2014-04-10,13,16,2006-03-10,25,1,7,3,11,1,5800,4000
531021,2017-09-06T14:37:10Z,69425,1980-11-15,2,1998-09-24,3,1,7,4,1982-06-01,1982-06-01,18,22,2016-12-01,15,1,4,6,,6,5000,2000
530160,2017-09-06T04:32:50Z,69506,1993-07-26,2,2009-12-09,3,1,4,1,2011-05-01,2010-03-01,19,23,2013-02-01,4,1,6,1,,6,5000,3400
530197,2017-09-06T05:33:27Z,67133,1987-11-23,2,2003-12-23,4,0,,1,1987-11-01,1987-11-01,3,4,2006-04-01,11,1,11,2,,6,6000,4000
530384,2017-09-06T08:26:01Z,69445,1994-06-26,1,2013-07-25,3,0,,1,1994-06-01,1994-06-01,3,4,2017-09-01,3,1,6,6,6,1,4000,2000
531335,2017-09-06T17:00:41Z,69697,1995-06-17,2,2011-08-05,4,0,,1,1997-04-01,1997-04-01,18,22,2017-05-01,2,3,12,3,4,2,10000,3500
531390,2017-09-06T17:48:27Z,69702,1968-10-13,2,2000-10-01,3,2,17,3,2000-03-01,2000-03-01,3,4,2006-04-01,25,3,12,6,11,1,8000,5000
531366,2017-09-06T17:33:33Z,69687,1986-03-07,2,2011-03-07,4,0,,1,1986-03-01,1986-03-01,8,10,2013-04-01,13,3,4,6,11,2,8000,8000
530292,2017-09-06T07:05:26Z,41232,1992-04-07,1,2015-03-25,3,0,,5,2012-06-10,2012-06-10,16,20,2014-04-10,7,1,6,5,,6,4000,1000
530315,2017-09-06T07:29:00Z,27548,1989-08-11,1,2005-09-27,1,0,3,5,2013-10-10,2013-10-10,3,4,2014-02-10,7,1,11,3,4,1,2850,2500
530636,2017-09-06T10:57:04Z,49327,1987-09-20,1,2005-07-04,2,1,12,1,2007-06-10,2007-06-10,3,4,2017-05-10,8,3,11,6,4,1,8500,3000
530807,2017-09-06T12:34:24Z,62430,1991-09-02,2,2007-11-05,3,0,,5,1991-09-01,1991-09-01,7,9,2015-09-01,7,1,12,1,4,1,12000,1000
531596,2017-09-06T20:30:06Z,57932,1949-02-03,1,2002-01-11,5,0,,5,1999-08-01,1999-08-01,13,16,,13,2,,,4,1,5300,2400
531451,2017-09-06T18:22:19Z,69714,1990-10-14,1,2007-07-28,4,1,4,5,1995-03-01,1995-03-01,11,14,,6,5,,,,6,3000,2000
531543,2017-09-06T19:37:34Z,66223,1997-01-08,2,2014-03-03,3,1,1,2,2002-01-01,2002-01-01,2,3,2015-05-01,2,1,12,4,4,1,7000,4000
531529,2017-09-06T19:21:33Z,69727,1992-10-22,2,2008-12-18,3,0,,1,1992-11-01,1992-11-01,11,14,2016-08-01,1,1,7,5,11,7,10000,1500
531505,2017-09-06T19:07:19Z,69578,1977-07-13,2,1996-08-16,3,2,14,5,2002-07-01,2002-07-01,13,16,2014-08-01,0,3,7,6,11,1,8000,5000
527397,2017-09-05T15:05:26Z,69411,1978-12-21,1,1995-12-15,4,1,14,5,2009-01-01,2009-01-01,8,10,,0,5,,,9,7,70000,30000
530537,2017-09-06T09:57:22Z,13402,1970-07-11,2,1996-05-05,3,2,23,5,2011-12-10,2011-12-10,3,4,2009-11-01,25,3,9,5,11,1,12000,2000
530972,2017-09-06T14:18:25Z,69638,1986-03-15,2,2003-11-25,4,0,,5,2015-08-01,2015-08-01,9,11,,3,2,,,,6,5000,1300
530526,2017-09-06T09:53:40Z,69572,1993-09-16,1,2015-12-11,3,0,,5,1993-09-01,1993-09-01,13,16,2011-07-01,6,1,11,3,4,1,8000,5000
530948,2017-09-06T13:47:46Z,69647,1995-05-14,1,2011-06-09,4,0,,1,2015-05-01,2015-05-01,5,7,2015-03-01,2,3,12,6,9,1,15000,4000
530959,2017-09-06T13:55:05Z,69625,1985-10-23,2,2002-02-25,4,0,,5,1997-02-01,1997-02-01,11,14,2007-01-01,10,1,12,6,9,1,9000,7000
530914,2017-09-06T13:25:50Z,67731,1987-06-07,2,2003-07-30,2,1,7,1,2016-05-10,2016-05-10,16,20,2006-09-10,11,1,13,1,4,1,5400,1500
530643,2017-09-06T11:02:08Z,20276,1963-10-06,1,1997-05-13,1,0,,5,1997-05-01,1997-05-01,8,10,2011-02-01,35,1,12,6,6,1,7500,10
530476,2017-09-06T09:34:14Z,68139,1984-11-24,2,2001-01-12,4,0,,5,2015-08-10,2015-08-10,14,17,2007-08-10,10,1,6,5,4,7,8500,6000
530942,2017-09-06T13:41:44Z,69611,1992-04-04,1,2017-04-04,1,1,6,1,2011-02-01,2011-02-01,11,14,2011-11-01,5,3,12,6,10,2,4500,2000
526975,2017-09-05T10:14:54Z,20127,1996-05-11,2,2012-05-31,4,0,,5,2016-06-10,1996-05-10,6,26,2016-06-10,2,1,1,5,4,2,9000,10000
530828,2017-09-06T12:44:22Z,69626,1985-10-28,1,2008-06-20,3,1,8,1,2010-10-01,1985-10-01,3,4,2013-06-01,12,1,10,2,,6,9000,3500
530074,2017-09-06T00:31:24Z,66725,1966-02-26,1,1998-12-25,2,1,29,5,1992-07-10,1992-07-10,10,12,1987-12-10,30,1,6,5,,6,3200,2500
530365,2017-09-06T08:05:03Z,69546,1993-01-21,2,2009-09-29,3,1,2,4,2005-05-01,2005-05-01,3,4,2013-11-01,5,1,12,6,,6,14000,5500
530184,2017-09-06T05:11:23Z,69492,1994-03-15,2,2010-06-10,4,0,,5,2003-05-01,2003-05-01,8,10,2014-02-01,5,1,7,5,4,1,30000,25000
527073,2017-09-05T10:53:44Z,69354,1999-06-28,2,2016-12-15,4,0,,1,2014-05-10,2014-05-10,14,17,2017-06-10,0,1,12,1,,5,5000,2000
526558,2017-09-05T05:02:32Z,69276,1992-01-15,1,2016-01-23,3,0,,1,2015-10-10,2015-10-10,18,22,2014-09-10,3,1,4,2,10,2,9000,2500
527112,2017-09-05T11:18:23Z,47645,1995-06-09,1,2013-09-04,3,2,1,1,1995-06-10,1995-06-10,2,3,1970-01-01,4,5,,,4,1,3500,3000
523975,2017-09-04T16:37:28Z,69211,1986-07-31,1,2014-06-04,3,0,,1,2011-01-10,1986-07-10,3,4,2017-05-10,10,1,12,3,7,2,3200,1000
526527,2017-09-05T03:36:34Z,69157,1997-11-01,1,2016-07-29,3,1,0,5,2011-03-10,2011-03-10,3,4,2012-04-10,0,3,4,3,7,1,7000,1200
526732,2017-09-05T07:32:51Z,56608,1995-12-14,2,2014-07-24,4,0,,1,1970-01-01,1970-01-01,20,24,2016-10-10,0,1,1,,,6,12300,5400
526569,2017-09-05T05:16:34Z,69277,1984-01-25,2,2001-03-15,3,2,0,4,2012-05-10,2006-06-10,6,8,2008-01-10,16,1,6,5,11,1,12600,3200
527850,2017-09-05T20:24:34Z,54908,1995-01-05,2,2011-06-08,4,0,,1,2017-03-10,2010-10-10,2,3,2016-05-10,3,1,12,5,11,2,13000,6500
526807,2017-09-05T08:26:12Z,69302,1997-04-02,1,2013-04-24,4,0,,5,2016-04-10,2010-01-10,13,16,2015-01-10,3,3,4,6,6,2,10000,3000
524378,2017-09-04T23:52:46Z,69258,1964-01-06,1,2002-06-17,2,2,0,5,2008-05-10,2008-05-10,14,17,2006-10-10,24,3,12,6,6,1,5800,2000
527556,2017-09-05T16:40:55Z,69443,1995-08-09,2,2011-09-26,4,0,,1,2014-03-01,2014-03-01,8,10,2017-06-01,5,1,12,2,,6,8000,8000
523854,2017-09-04T15:16:12Z,68930,1987-05-07,2,1987-05-07,4,0,,3,1993-06-10,1993-06-10,8,10,2016-05-10,10,1,3,6,4,1,15000,15000
527725,2017-09-05T18:36:34Z,44384,1982-12-28,2,2007-07-18,3,2,0,1,2008-01-10,1998-01-10,13,16,2016-05-10,15,3,11,6,11,1,12000,4000
524328,2017-09-04T22:18:58Z,69253,1994-06-07,2,2010-11-16,4,0,,5,2017-06-10,2017-06-10,8,10,1970-01-01,1,4,,,4,1,10000,5000
526980,2017-09-05T10:15:12Z,67413,1993-04-07,2,2009-08-31,4,0,,2,2016-04-10,1996-04-10,11,7,2010-08-10,6,1,2,5,1,1,13200,5500
527553,2017-09-05T16:40:17Z,69444,1994-06-26,2,2010-07-28,4,0,,5,2014-07-01,2014-07-01,20,24,2017-04-01,3,1,3,3,,6,15000,10000
526683,2017-09-05T06:53:46Z,69289,1987-08-01,1,2005-06-10,3,2,12,1,1989-11-10,1989-11-10,4,6,1970-01-01,5,5,,,4,2,7500,300
526960,2017-09-05T10:04:01Z,42536,1941-11-20,1,2001-12-27,3,2,0,5,1985-07-10,1985-07-10,3,4,1970-01-10,36,2,,,11,1,1800,500
527262,2017-09-05T13:57:14Z,69403,1950-06-30,1,2001-07-19,2,1,44,5,2013-09-01,2013-09-01,13,16,,25,2,,,6,1,4356,2500
526815,2017-09-05T08:33:00Z,54633,1982-11-23,1,1999-08-02,4,1,0,1,1987-07-10,1987-07-10,11,14,2002-08-10,15,1,13,1,4,1,5000,3500
527467,2017-09-05T15:49:15Z,69347,1982-04-30,2,1998-05-20,3,1,1,4,2012-02-10,1990-04-10,3,5,2012-02-10,18,1,12,5,4,1,12000,4000
526582,2017-09-05T05:22:35Z,69280,1995-04-19,1,2015-03-11,3,2,0,1,1995-04-10,1995-04-10,12,15,1970-01-01,0,5,,,,5,600,600
526755,2017-09-05T07:48:09Z,69296,1988-12-07,1,2016-10-06,3,2,0,1,2014-10-10,2005-07-10,3,4,1970-01-01,9,5,,,,6,2000,1500
526839,2017-09-05T08:53:21Z,61466,1993-06-23,2,2009-10-29,4,0,,4,2009-10-10,2009-10-10,7,9,1970-01-01,2,4,,,11,7,6000,3500
527271,2017-09-05T14:01:12Z,69405,1975-03-10,2,1997-01-21,3,0,,5,2006-10-01,2006-10-01,23,27,2002-04-01,20,1,2,1,1,1,7500,2000
526929,2017-09-05T09:45:35Z,69333,1998-05-30,2,2014-07-22,4,0,,4,1998-05-10,1998-05-10,19,23,1970-01-01,0,4,,,4,2,7000,3000
527082,2017-09-05T10:59:46Z,69353,1983-02-08,2,1999-03-24,3,0,,1,1983-02-10,1983-02-10,18,22,2016-06-10,0,3,4,6,3,1,6800,3000
527757,2017-09-05T19:05:51Z,69468,1993-01-31,1,2009-04-01,1,0,,5,2016-06-01,2016-06-01,18,22,2014-03-01,3,3,12,3,5,1,7800,3000
526501,2017-09-05T02:21:11Z,69267,1987-06-07,2,2003-08-22,4,0,,1,2016-01-10,2016-01-10,3,4,2007-07-10,10,1,6,5,10,1,7000,5000
527001,2017-09-05T10:24:31Z,69346,1967-01-18,2,2001-05-31,2,0,0,5,1988-01-10,1988-01-10,8,10,2016-08-10,33,6,8,5,11,1,25000,3000
526508,2017-09-05T02:31:15Z,69269,1985-08-07,2,2002-03-19,3,0,,5,2015-12-10,2015-12-10,13,16,2016-08-10,12,3,13,1,4,1,10000,8000
526662,2017-09-05T06:37:39Z,69286,1980-02-23,1,2001-04-04,2,0,,5,2007-09-10,1985-07-10,12,16,2014-03-10,3,6,13,3,11,2,6500,3500
527569,2017-09-05T16:50:15Z,69449,1989-04-28,2,2005-12-29,4,0,,3,2000-02-01,2000-02-01,8,10,2014-09-01,3,3,12,3,4,1,15000,2000
527472,2017-09-05T15:52:12Z,1282,1993-06-30,2,2009-08-25,4,0,,1,2015-07-10,2015-07-10,17,21,2015-07-10,2,1,2,3,9,1,9000,6000
527809,2017-09-05T19:39:16Z,69474,1969-08-29,1,1998-01-04,3,2,26,1,1990-08-01,1990-08-01,1,2,2000-04-01,15,1,11,3,6,1,8000,3000
524345,2017-09-04T22:52:23Z,69254,1991-01-17,2,2007-12-08,3,1,3,1,2009-10-10,2009-10-10,23,27,2014-09-10,6,1,6,5,4,2,6000,4500
526606,2017-09-05T05:49:42Z,21325,1993-07-12,2,2013-08-09,3,0,,1,1996-10-10,1996-10-10,4,6,2016-02-10,1,1,1,5,,6,7160,3000
523232,2017-09-04T09:25:54Z,68879,1989-12-08,1,2007-07-11,4,0,,5,1992-10-10,1992-10-10,23,27,2014-05-10,7,1,12,3,6,1,5000,3300
523499,2017-09-04T11:56:19Z,69107,1993-10-15,2,2010-02-26,4,0,,1,2010-02-10,2010-02-10,20,24,1970-01-01,0,5,,,11,1,2000,1500
523069,2017-09-04T08:15:32Z,69044,1986-08-03,1,2003-02-28,1,2,0,5,2005-12-10,2005-12-10,9,11,2013-01-10,9,1,8,4,,6,4500,3000
523745,2017-09-04T14:18:12Z,69164,1996-03-05,2,2012-03-30,4,0,,5,2015-09-10,1996-03-10,3,4,2017-05-10,3,3,7,1,11,2,5000,2500
523051,2017-09-04T07:55:18Z,69049,1963-12-18,1,2014-05-14,3,2,0,5,2011-04-10,2011-04-10,9,11,2000-06-10,25,1,12,6,6,1,13000,6000
523997,2017-09-04T16:56:13Z,69210,1949-08-25,2,1999-03-09,3,0,0,2,1999-03-10,1999-03-10,3,4,2005-05-10,45,6,6,1,5,1,9600,4000
523197,2017-09-04T09:03:15Z,69058,1990-04-20,2,2006-12-14,4,0,0,1,2012-07-10,2002-06-10,1,2,2015-02-10,2,1,12,2,6,1,8000,4500
523622,2017-09-04T13:17:19Z,68520,1976-08-24,1,2000-12-02,3,0,1,4,2000-12-10,2000-12-10,4,6,2005-03-10,15,1,6,4,5,1,8000,3100
523472,2017-09-04T11:43:33Z,34277,1986-04-16,2,1986-04-16,4,0,,1,1994-07-10,1994-07-10,10,12,2008-03-10,14,1,12,2,,6,8000,3500
523657,2017-09-04T13:28:55Z,69136,1986-08-02,2,2002-12-27,3,2,1,5,2010-07-10,2010-07-10,7,9,2015-06-10,15,1,1,5,4,2,10500,6000
520364,2017-09-03T14:05:45Z,32252,1987-07-14,2,2004-10-13,2,1,3,1,2014-02-10,2004-12-10,4,6,2017-02-10,5,1,12,6,4,1,7000,2000
523118,2017-09-04T08:40:18Z,64211,1984-11-07,2,2007-01-19,2,0,,1,2013-04-10,2013-04-10,2,3,2013-03-10,10,3,3,6,2,1,8000,3000
520534,2017-09-03T16:18:45Z,50761,1988-04-17,2,2005-06-25,4,0,,1,1988-04-10,1988-04-10,3,4,2007-09-10,11,1,7,3,11,2,9000,3000
522893,2017-09-04T04:58:00Z,69023,1997-05-29,2,2013-08-13,4,0,,2,1997-06-10,1997-06-10,14,17,2015-03-10,2,1,7,5,4,2,5000,4000
522898,2017-09-04T04:59:28Z,69020,1977-03-21,2,1996-07-15,3,2,0,5,2017-03-10,1993-08-10,13,16,2008-03-10,17,1,6,6,11,1,17000,14000
523641,2017-09-04T13:24:44Z,69135,1996-03-27,2,2012-04-12,4,0,,1,2013-09-10,2013-09-10,8,10,1970-01-01,0,4,,,11,2,3500,3000
523172,2017-09-04T08:52:01Z,32542,1989-03-01,1,2005-09-29,4,1,10,1,2010-04-10,2010-04-10,19,23,2015-11-10,5,1,12,6,,6,6000,2500
524126,2017-09-04T18:19:20Z,68100,1994-06-04,2,2010-10-25,4,0,,5,1994-06-10,1994-06-10,19,23,2016-09-10,1,1,1,4,6,1,7500,3400
522952,2017-09-04T06:26:35Z,69032,1997-05-14,2,2013-05-28,3,0,,1,2013-05-10,2013-05-10,10,12,2016-03-10,2,1,2,5,,6,7000,2000
522970,2017-09-04T06:47:29Z,69034,1991-11-06,1,2011-04-18,3,1,6,1,2012-03-10,1991-11-10,3,4,2015-12-10,2,1,2,2,9,2,15000,5000
523701,2017-09-04T13:54:40Z,61284,1990-11-12,1,2008-11-28,3,2,0,5,1990-11-10,1990-11-10,6,8,2012-06-10,5,3,12,6,,6,5000,3000
524190,2017-09-04T19:15:50Z,45423,1980-11-21,2,2015-01-27,4,0,,5,1996-11-10,1996-11-10,15,18,2017-06-10,11,1,8,2,,6,8000,1000
523719,2017-09-04T14:01:41Z,69146,1994-09-26,2,2010-12-27,4,0,,5,2001-08-10,2001-08-10,18,22,2015-11-10,47,1,2,4,,6,7000,6000
523274,2017-09-04T09:52:19Z,69082,1990-08-02,2,2006-08-10,4,0,,1,2013-03-10,2013-03-10,3,4,2013-08-10,4,1,13,5,10,2,6000,4500
523286,2017-09-04T09:57:28Z,68966,1990-09-26,1,2015-07-16,1,1,0,1,2016-04-10,1990-09-10,19,23,2016-08-10,7,1,11,3,4,1,5500,1500
523813,2017-09-04T14:48:01Z,69167,1961-04-12,1,1997-08-01,2,1,0,5,2016-05-10,1984-08-10,8,24,2016-05-10,25,1,11,6,6,1,15000,7000
524270,2017-09-04T20:33:24Z,63427,1996-05-02,1,2012-09-26,4,1,0,1,2012-09-10,2012-09-10,14,17,2017-09-10,0,3,4,3,,5,4500,2000
523933,2017-09-04T16:04:44Z,69060,1997-12-30,2,2014-02-05,4,0,,1,2015-02-10,2015-02-10,9,11,2015-07-10,15,1,6,1,5,2,7000,3000
523944,2017-09-04T16:13:05Z,69202,1995-03-12,2,2017-06-06,3,1,1,5,1996-04-10,1996-04-10,1,2,2013-04-10,4,1,11,6,11,1,12000,6000
523976,2017-09-04T16:40:41Z,62796,1990-12-24,1,2016-02-15,1,2,0,5,2007-03-10,2007-03-10,3,4,2017-01-10,5,1,11,2,,6,4500,3400
524018,2017-09-04T17:03:57Z,69216,1976-12-05,2,2010-08-25,2,1,1,5,2017-05-10,2017-05-10,15,18,2015-04-10,17,3,12,6,9,1,6000,2599
520569,2017-09-03T17:20:20Z,68950,1990-10-14,2,2008-01-21,4,0,,1,1995-04-10,1995-04-10,18,22,2011-11-10,6,1,1,5,,6,8500,4000
520598,2017-09-03T18:00:56Z,68951,1986-08-29,2,2010-08-29,3,1,0,5,1986-08-10,1986-08-10,11,14,2006-11-10,11,1,1,1,5,1,9500,3500
520719,2017-09-03T21:11:51Z,68994,1989-07-02,2,2006-05-16,3,2,0,2,2017-07-10,2007-06-10,2,3,2010-06-10,7,3,3,3,6,2,30000,15000
520736,2017-09-03T22:00:57Z,68998,1980-09-18,2,1997-01-21,4,0,,5,1980-09-10,1980-09-10,8,10,2012-09-10,15,1,5,5,11,1,15000,9000
520755,2017-09-03T22:39:04Z,67276,1994-11-21,2,2012-06-22,4,0,,1,2001-11-10,2001-11-10,18,22,2016-06-10,1,1,1,4,,6,12000,4800
520762,2017-09-03T23:03:34Z,69004,1996-10-29,2,2012-12-12,4,0,,5,2012-12-10,2012-12-10,13,16,1970-01-01,0,4,,,1,2,1100,450
523643,2017-09-04T13:25:25Z,69118,1997-04-09,2,2013-06-20,4,0,,3,2010-01-10,2010-01-10,3,4,2015-03-10,2,3,13,6,11,2,7500,3000
523880,2017-09-04T15:27:15Z,62655,1985-09-12,1,2005-10-28,1,2,11,5,1985-09-10,1985-09-10,19,23,2008-01-10,9,3,12,6,,6,7200,2500
523363,2017-09-04T10:53:05Z,64045,1996-02-27,2,2012-05-17,4,0,,1,2008-01-10,2008-01-10,16,20,1970-01-01,0,4,,,9,1,4000,1500
520061,2017-09-03T10:43:38Z,33275,1989-04-26,1,2014-03-15,3,1,3,5,2013-05-10,2013-05-10,21,25,2012-02-10,9,1,2,5,9,1,5200,2500
519803,2017-09-03T07:38:14Z,68765,1956-10-08,1,1998-11-11,5,0,,4,1999-01-10,1999-01-10,14,17,1986-09-10,35,1,8,1,7,1,8000,3500
512655,2017-09-01T07:18:19Z,68106,1993-10-31,2,2010-08-18,3,1,2,1,2005-09-10,2005-09-10,20,24,2016-06-10,2,1,2,1,9,1,10300,3500
520482,2017-09-03T15:29:53Z,68928,1990-11-21,2,2006-12-27,4,0,,1,2007-02-10,2007-02-10,3,4,2015-10-10,9,1,1,1,,6,7100,3500
519904,2017-09-03T08:56:15Z,68788,1976-10-30,2,1996-08-20,3,2,0,1,2002-11-10,2002-11-10,6,8,2013-11-10,22,1,6,5,4,1,5000,4000
517116,2017-09-02T15:17:07Z,68623,1985-10-19,2,2001-11-16,4,0,0,5,2001-11-10,2001-11-10,9,11,2016-02-10,10,1,6,1,3,2,7000,4000
520112,2017-09-03T11:12:13Z,68818,1988-07-19,2,2005-02-16,4,0,,1,2000-02-10,2000-02-10,15,18,2014-02-10,8,1,6,2,,6,4700,3000
520608,2017-09-03T18:07:59Z,68952,1985-02-03,2,2001-03-14,4,0,,4,2001-03-10,2001-03-10,4,6,2009-08-10,10,1,3,2,11,1,7000,5000
513775,2017-09-01T17:04:52Z,16259,1994-10-12,2,2010-11-26,3,0,,3,2016-10-10,2010-11-10,5,7,2015-10-10,3,3,6,3,9,2,13400,6000
513773,2017-09-01T17:04:14Z,50972,1993-09-11,1,2013-10-09,2,1,3,1,2014-02-10,2013-12-10,12,15,2013-06-10,4,1,2,1,,6,5000,3000
520632,2017-09-03T18:57:09Z,68963,1977-10-12,1,2001-09-06,2,1,12,5,2006-10-10,2006-10-10,19,23,2010-08-10,15,3,12,6,4,1,10000,4000
520642,2017-09-03T19:05:12Z,68971,1990-08-03,1,2006-11-14,1,0,,1,2016-11-10,2006-12-10,2,3,2016-07-10,5,1,11,5,9,1,6000,500
519595,2017-09-03T01:31:09Z,68725,1988-09-02,2,2005-02-08,4,0,,5,2015-05-10,2000-07-10,18,22,2015-09-10,9,3,7,6,4,1,6000,4200
519894,2017-09-03T08:51:53Z,68786,1981-05-26,2,1998-03-05,3,3,15,3,1981-05-10,1981-05-10,18,22,2008-03-10,8,1,13,5,2,2,7000,2000
520610,2017-09-03T18:08:50Z,68888,1987-10-21,2,2012-04-12,4,0,,4,1987-10-10,1987-10-10,13,16,2016-05-10,12,1,3,1,,5,8500,4000
519973,2017-09-03T09:41:23Z,63012,1978-12-17,2,1997-01-28,2,1,0,1,1986-05-10,1986-05-10,3,4,2016-12-10,8,1,6,2,,6,8000,5000
520242,2017-09-03T12:24:30Z,68855,1989-06-29,2,2015-05-19,4,0,,5,1989-06-10,1989-06-10,13,16,2014-05-10,3,1,3,2,,5,5000,1500
520631,2017-09-03T18:57:04Z,68970,1987-12-11,1,2011-01-05,3,2,2,5,1992-12-10,1992-12-10,14,17,2016-05-10,9,1,11,2,11,2,4800,4000
520452,2017-09-03T15:12:58Z,68916,1989-05-29,1,2013-01-26,2,1,6,5,2017-05-10,2017-05-10,21,25,2017-02-10,1,1,12,5,,6,5200,2000
517226,2017-09-02T16:59:26Z,68603,1972-01-22,2,1996-05-31,2,1,20,1,1972-01-10,1972-01-10,3,4,2016-12-10,20,1,12,5,6,1,10000,3000
520383,2017-09-03T14:22:58Z,68899,1994-02-20,2,2011-01-28,4,0,,1,2014-08-10,2014-08-10,13,16,2014-08-10,4,1,2,1,9,1,7000,3000
520271,2017-09-03T12:47:48Z,68871,1993-03-14,2,2009-07-22,3,1,1,1,1993-03-10,1993-03-10,18,22,2014-06-10,3,1,3,6,,6,7000,3000
519872,2017-09-03T08:32:37Z,68780,1990-09-15,1,2013-11-08,3,2,0,5,2012-03-10,1990-09-10,10,12,2010-03-10,7,1,8,2,,6,3600,1000
520500,2017-09-03T15:48:45Z,68937,1994-03-16,2,2010-12-17,4,0,,5,2013-09-10,2013-09-10,8,10,2016-09-10,2,1,11,5,4,7,8000,5000
519741,2017-09-03T07:01:42Z,49663,1994-09-06,1,2010-12-25,4,0,,5,2015-09-10,1994-09-10,6,8,2015-09-10,3,1,4,2,6,1,4700,1000
516339,2017-09-02T08:14:05Z,68433,1985-03-21,2,2003-12-29,4,1,0,1,2000-02-10,2000-02-10,3,4,2004-02-10,13,1,6,5,,6,6500,3700
512606,2017-09-01T06:36:30Z,68028,1991-07-21,2,2008-02-13,3,1,2,1,1995-03-10,1995-03-10,12,15,2015-08-10,2,1,12,4,,6,12000,5000
520321,2017-09-03T13:30:46Z,27211,1988-06-21,2,2005-01-27,4,1,3,1,2009-01-10,2009-01-10,12,15,2013-10-10,6,1,2,5,,5,9000,5000
520121,2017-09-03T11:14:56Z,68833,1995-07-19,1,2011-08-26,4,0,,1,2017-02-10,2017-02-10,3,4,2014-07-10,3,1,5,5,4,2,7000,6500
520223,2017-09-03T12:17:36Z,68856,1987-08-28,2,2003-12-18,3,1,0,5,2016-12-10,2006-06-10,3,8,2016-03-10,1,1,6,2,,6,8000,4000
519609,2017-09-03T02:44:33Z,68727,1988-01-08,2,2004-06-17,4,0,,5,1989-02-10,1989-02-10,8,10,1970-01-01,9,2,,,11,2,2000,1600
520580,2017-09-03T17:34:26Z,68953,1983-07-09,2,1999-09-28,3,0,,2,2006-10-10,2006-10-10,15,18,2008-09-10,9,1,7,6,11,1,7500,5000
516842,2017-09-02T12:43:52Z,68525,1996-01-10,2,2012-02-27,4,0,,4,1997-01-10,1997-01-10,16,20,2016-07-10,4,1,2,4,9,1,8000,3500
516811,2017-09-02T12:31:37Z,68551,1994-09-15,2,2010-10-26,4,0,,5,1997-05-10,1997-05-10,23,27,2015-07-10,7,1,13,3,2,2,10000,6000
516407,2017-09-02T08:51:05Z,68455,1988-05-08,2,2004-05-20,4,0,,1,2009-10-10,2009-10-10,10,12,2017-07-10,0,1,6,1,11,1,3200,1500
516934,2017-09-02T13:27:37Z,68583,1998-03-13,2,2015-01-05,4,0,,1,2000-03-10,2000-03-10,9,11,1970-01-01,1,4,,,10,2,5000,3000
516915,2017-09-02T13:19:17Z,68580,1996-10-20,1,2012-11-06,4,1,2,1,2004-01-10,2004-01-10,6,8,1970-01-01,0,5,,,,6,5000,4000
516282,2017-09-02T07:24:06Z,68338,1984-06-08,1,2000-07-06,5,2,0,1,2016-01-10,1984-07-10,12,15,1970-01-01,0,5,,,6,2,2500,2000
516710,2017-09-02T11:53:00Z,55544,1995-03-19,2,2011-04-22,4,0,,1,2015-03-10,1995-03-10,13,12,2017-03-10,1,1,13,1,11,2,9000,3000
517172,2017-09-02T16:09:35Z,49953,1988-01-03,1,2010-10-22,3,1,0,1,2010-07-10,2010-07-10,15,18,2017-05-10,7,1,12,3,6,1,5000,4000
516402,2017-09-02T08:49:01Z,68457,1953-03-06,1,1998-07-29,3,2,0,1,2016-04-10,2007-01-10,8,11,1970-01-01,45,2,,,11,1,2600,500
516343,2017-09-02T08:15:39Z,68444,1995-09-23,2,2011-10-11,4,0,,2,2000-01-10,2000-01-10,15,18,2016-11-10,1,1,10,3,6,1,6000,2000
517057,2017-09-02T14:36:41Z,49103,1990-06-15,1,2014-03-24,3,1,0,5,1990-06-10,1990-06-10,3,4,2016-11-10,9,1,5,1,9,1,6000,6000
517316,2017-09-02T18:17:37Z,68678,1994-08-26,1,2015-08-17,3,1,0,1,2015-04-10,2015-04-10,3,4,2017-02-10,5,1,11,6,,6,4500,2000
516881,2017-09-02T13:06:32Z,68571,1994-01-29,2,2010-02-20,4,0,,5,2017-05-10,1994-01-10,11,21,2015-03-10,8,3,12,6,10,1,23000,2100
516507,2017-09-02T09:39:40Z,68475,1998-03-09,1,2017-03-15,4,1,2,1,2006-07-10,2006-07-10,6,8,1970-01-01,3,5,,,,6,3700,1368
516418,2017-09-02T08:56:34Z,57045,1996-09-10,2,2012-10-11,4,0,,5,1996-09-10,1996-09-10,13,16,2015-05-10,2,1,12,4,,6,6000,1500
517252,2017-09-02T17:26:01Z,68659,1994-09-20,2,2011-01-04,4,0,,1,2014-06-10,2010-08-10,10,12,2017-05-10,0,3,9,3,11,1,6000,3000
512969,2017-09-01T10:17:55Z,62001,1990-06-18,1,2014-07-11,3,1,2,5,2000-03-10,2000-03-10,6,8,2016-05-10,2,1,12,6,,6,5000,3000
517009,2017-09-02T13:59:57Z,68591,1991-06-01,1,2015-12-31,3,0,,1,1997-03-10,1997-03-10,13,16,2016-11-10,5,1,12,3,9,1,4500,2000
517308,2017-09-02T18:13:48Z,68673,1979-04-29,2,1995-09-19,2,0,,4,2014-05-10,2014-05-10,8,10,2003-03-10,17,3,11,6,9,1,8000,7000
516734,2017-09-02T12:04:10Z,68533,1988-08-07,2,2004-08-19,3,1,5,1,2013-09-10,1999-01-10,8,17,2007-09-10,10,1,7,3,11,1,10000,9000
516910,2017-09-02T13:16:40Z,68574,1968-01-16,2,2004-01-30,2,1,23,1,2002-07-10,2002-07-10,3,4,1970-01-01,15,2,,,,5,2200,2200
516355,2017-09-02T08:19:33Z,68436,1997-12-22,1,2014-10-09,4,1,1,1,2016-06-10,1997-12-10,12,15,2016-09-10,1,1,11,6,,5,5000,3500
516274,2017-09-02T07:11:44Z,64189,1977-01-28,2,2004-11-24,4,0,,1,1977-01-10,1977-01-10,21,25,1970-01-01,12,5,,,4,1,12000,5000
516963,2017-09-02T13:32:36Z,68587,1998-04-28,2,2015-04-14,1,0,,5,1998-04-10,1998-04-10,3,4,2017-03-10,1,1,6,5,,6,6000,6000
516446,2017-09-02T09:07:57Z,68452,1992-05-12,1,2012-12-27,3,1,0,1,1990-12-10,1990-12-10,8,10,2016-02-10,2,1,12,3,9,2,6000,4000
516891,2017-09-02T13:08:11Z,50269,1988-08-20,1,2011-03-03,3,5,0,5,2010-12-10,2010-12-10,16,20,2017-03-10,4,1,12,6,,6,5000,3000
517271,2017-09-02T17:37:03Z,68663,1995-12-04,2,2012-01-18,4,0,,5,1995-12-10,1995-12-10,10,12,1970-01-01,2,4,,,10,1,3500,3000
516536,2017-09-02T10:02:33Z,68483,1978-03-11,1,2004-08-10,3,2,12,5,2014-07-10,2014-07-10,8,10,2017-06-10,16,1,2,5,6,1,8000,2500
516435,2017-09-02T09:05:12Z,68458,1993-06-25,2,2009-11-20,4,0,,1,2016-11-10,2017-08-10,10,12,2016-07-10,6,1,2,4,1,1,5900,2500
516777,2017-09-02T12:23:21Z,68085,1991-01-31,2,2007-02-09,4,0,,5,1991-01-10,1991-01-10,21,25,1970-01-01,5,5,,,11,2,5000,2000
517053,2017-09-02T14:33:47Z,68607,1988-09-27,1,2005-03-17,4,0,,5,2006-02-10,2006-02-10,1,2,2016-04-10,8,1,2,1,9,1,5000,4200
517287,2017-09-02T17:55:00Z,68664,1985-04-27,2,2007-03-20,4,0,,5,2004-05-10,2004-05-10,11,14,2014-08-10,10,1,1,5,11,1,10000,7000
516437,2017-09-02T09:05:45Z,68463,1995-02-06,2,2011-05-20,4,0,,4,1995-02-10,1995-02-10,6,8,2015-01-10,5,1,1,1,9,1,11000,3000
517207,2017-09-02T16:42:15Z,68646,1996-07-21,2,2012-08-03,4,0,,5,1996-07-10,1996-07-10,11,14,2015-02-10,3,3,12,6,10,1,19000,1200
516862,2017-09-02T12:51:53Z,54111,1994-12-17,2,2014-01-17,1,0,,1,2016-02-10,2016-02-10,12,15,2016-05-10,4,1,6,4,,6,5400,2700
516730,2017-09-02T12:03:44Z,68523,1978-11-16,2,1995-07-20,1,0,,5,1978-11-10,1978-11-10,6,8,2000-05-10,20,1,12,6,4,1,10000,5000
517236,2017-09-02T17:17:09Z,20486,1984-06-18,2,2006-08-02,3,3,8,1,2010-12-10,2010-12-10,21,25,2016-07-10,12,1,13,1,,6,10000,1000
517392,2017-09-02T19:47:19Z,21070,1982-01-12,2,1998-03-03,2,1,0,4,2007-01-10,2007-01-10,11,14,2013-10-10,15,1,4,3,,6,11000,6000
513287,2017-09-01T12:55:38Z,34325,1996-06-12,1,2013-02-19,4,0,,1,1996-06-10,1996-06-10,21,25,2016-09-10,2,1,4,6,4,1,5500,2500
513393,2017-09-01T14:07:21Z,68261,1977-08-17,2,1995-06-09,4,1,0,4,1977-08-10,1977-08-10,8,10,2012-03-10,15,1,13,1,,6,12000,6000
510186,2017-08-31T17:43:17Z,68004,1980-03-24,2,1998-02-03,4,0,,1,1980-03-10,1980-03-10,6,8,2010-07-10,7,3,12,6,,6,8500,5100
513013,2017-09-01T10:53:56Z,51025,1991-10-10,2,2008-01-04,4,0,,1,1991-01-10,1991-01-10,9,11,2016-02-10,4,1,2,5,,6,8000,3000
514039,2017-09-01T20:11:02Z,68363,1982-06-01,2,1999-12-14,3,0,,5,1988-03-10,1988-03-10,23,27,2008-02-10,15,1,7,2,11,1,12000,3000
513184,2017-09-01T12:17:02Z,68221,1995-08-15,2,2014-02-22,4,0,,5,1995-08-10,1995-08-10,7,9,2015-05-10,2,1,3,2,,5,12000,12000
513250,2017-09-01T12:41:37Z,68229,1991-10-17,1,2007-12-17,4,1,1,5,2007-01-10,2007-01-10,3,4,2013-03-10,7,1,2,1,4,1,5000,4000
513848,2017-09-01T17:41:33Z,59026,1965-02-09,1,1996-10-16,3,1,0,1,1990-07-10,1990-07-10,13,16,2015-02-10,20,6,12,6,4,7,5000,1500
513131,2017-09-01T11:55:13Z,68212,1988-08-28,2,2011-02-11,3,1,1,5,1988-08-10,1988-08-10,10,12,2016-04-10,10,1,12,4,,6,6000,4500
513087,2017-09-01T11:33:48Z,68174,1978-12-13,1,2002-08-08,4,0,,5,2017-06-10,2000-11-10,8,5,2017-06-10,20,6,12,3,,6,7,7
513473,2017-09-01T14:39:55Z,68285,1994-02-24,2,2003-04-26,4,0,,4,2011-02-10,2011-02-10,21,25,1970-01-01,4,5,,,,5,1200,1200
512697,2017-09-01T07:43:22Z,40226,1984-11-26,2,2006-10-12,3,1,0,5,2008-12-10,2008-12-10,3,4,1999-07-10,13,1,6,4,,5,5440,4600
512492,2017-09-01T02:45:20Z,67950,1982-12-07,1,2000-03-20,1,2,0,4,2012-07-10,2012-07-10,2,3,2012-08-10,15,3,12,6,,6,10000,3500
513928,2017-09-01T18:20:19Z,68347,1994-08-16,1,2010-10-13,4,0,,5,1994-08-10,1994-08-10,6,8,2017-04-10,1,1,4,6,4,1,4500,2000
512682,2017-09-01T07:38:09Z,68112,1988-02-23,2,2005-06-02,4,0,,5,1994-06-10,1994-06-10,8,10,2008-09-10,10,1,13,5,11,2,8000,6000
512950,2017-09-01T10:11:12Z,66067,1983-09-09,1,2000-07-12,2,1,8,5,2008-08-10,2008-08-10,8,10,2013-06-10,13,1,11,1,9,1,12000,4000
513316,2017-09-01T13:11:02Z,68187,1994-04-25,2,2010-12-21,4,0,,1,2017-01-10,1994-05-10,13,25,2013-11-10,5,1,2,1,,6,7300,3500
513334,2017-09-01T13:25:40Z,68252,1983-02-03,2,1999-05-12,2,1,0,5,2005-08-10,2005-08-10,14,17,2011-11-10,14,1,6,5,4,7,6000,5000
513998,2017-09-01T19:23:40Z,68358,1993-06-15,1,2009-08-18,4,0,,1,1993-06-10,1993-06-10,11,14,2012-03-10,6,1,6,4,,6,3500,300
512648,2017-09-01T07:15:57Z,68104,1986-06-04,1,2014-08-09,4,3,0,1,2007-05-10,2007-05-10,12,15,2017-05-10,3,1,12,3,,5,6700,3000
512631,2017-09-01T06:53:17Z,66282,1984-02-26,1,2016-06-08,3,0,,5,2010-01-10,2010-01-10,11,14,2016-09-10,13,1,12,6,8,1,7000,3000
510254,2017-08-31T18:32:41Z,21924,1980-01-27,1,2005-07-29,3,3,14,5,2002-04-10,2002-04-10,11,14,2015-01-10,7,5,,,,6,4000,2000
513666,2017-09-01T16:09:43Z,67026,1985-10-01,2,2001-10-21,4,0,,5,2003-06-10,2003-06-10,6,8,2013-05-10,4,1,1,1,6,2,7000,5000
510534,2017-08-31T23:42:05Z,68072,1996-10-10,2,2012-11-15,4,0,,1,1996-10-10,1996-10-10,6,8,2014-09-10,3,1,7,1,11,2,8000,3000
510521,2017-08-31T22:41:54Z,68063,1986-12-29,1,2006-05-26,3,1,11,5,2003-12-10,2003-12-10,14,17,2017-03-10,15,1,13,2,10,2,6400,2000
513444,2017-09-01T14:25:18Z,68283,1986-02-21,2,2002-06-06,3,1,3,5,1986-02-10,1986-02-10,11,14,2014-02-10,10,1,7,6,11,1,28000,5000
512873,2017-09-01T09:26:38Z,67997,1997-11-22,2,2014-05-24,4,0,,1,1997-11-10,1997-11-10,6,8,2017-05-10,2,6,12,2,,6,2900,2000
512875,2017-09-01T09:27:32Z,68154,1994-08-03,2,2010-11-10,4,0,,1,2011-01-10,1994-08-10,9,5,2013-10-10,4,1,6,1,,5,8000,8000
512678,2017-09-01T07:34:57Z,68087,1977-03-04,2,2003-12-04,4,0,,5,2015-06-10,1977-03-10,14,17,1977-10-10,7,1,7,5,,6,7000,2000
513137,2017-09-01T11:57:47Z,68213,1996-06-14,1,2016-09-08,1,0,,1,2016-12-10,2016-12-10,6,8,2016-12-10,1,1,6,5,,6,5000,3600
513424,2017-09-01T14:17:51Z,64415,1967-08-04,1,2002-04-30,5,1,0,5,2002-01-10,2002-01-10,19,23,2017-06-10,26,1,8,6,10,1,4500,3500
513170,2017-09-01T12:12:30Z,66467,1983-01-09,2,2000-06-08,4,2,1,5,2005-09-10,2005-09-10,3,4,2016-11-10,12,3,12,6,11,1,10000,8500
510496,2017-08-31T22:12:42Z,68062,1987-06-03,2,2003-12-10,3,0,,5,2013-11-10,2013-11-10,18,22,2014-01-10,5,1,6,1,,6,4800,1500
512470,2017-09-01T01:34:26Z,68078,1994-01-27,2,2010-05-30,4,0,,1,1994-01-10,1994-01-10,16,20,2015-01-10,4,3,7,6,,6,10000,5000
513561,2017-09-01T15:22:03Z,34204,1994-09-02,2,2011-12-27,4,0,,3,1994-09-10,1994-09-10,9,11,2017-04-10,3,1,6,3,11,1,5000,2000
513039,2017-09-01T11:07:12Z,68196,1996-03-22,1,2015-05-13,3,1,1,1,2016-09-10,1996-03-10,21,25,1970-01-01,1,4,,,6,2,7000,3000
512792,2017-09-01T08:28:45Z,30025,1991-07-19,2,2008-01-10,3,0,,5,1991-07-10,1991-07-10,21,25,2014-03-10,5,1,7,2,6,1,6000,2950
513403,2017-09-01T14:11:46Z,68265,1994-09-01,1,2015-12-24,3,1,2,1,1994-09-10,1994-09-10,19,23,2016-02-10,3,3,6,6,6,1,5500,2500
513360,2017-09-01T13:38:13Z,68256,1988-12-12,1,2007-05-17,2,1,10,5,2005-07-10,2005-07-10,16,20,2017-02-10,8,1,12,6,,6,7500,3000
512667,2017-09-01T07:22:02Z,56087,1994-10-04,1,2011-01-27,4,0,,1,1999-03-10,1999-03-10,8,10,2013-10-10,5,1,8,5,8,2,3000,3000
508586,2017-08-31T04:49:51Z,67636,1982-01-11,1,2005-03-18,3,1,0,5,2007-04-10,2007-04-10,5,7,2006-06-10,14,6,12,5,,6,6000,2500
509983,2017-08-31T15:58:03Z,67944,1988-08-23,2,2004-11-17,3,1,0,1,1996-08-10,1996-08-10,4,6,1970-01-01,7,5,,,10,1,10000,5000
510040,2017-08-31T16:31:32Z,67984,1987-04-03,2,2013-11-15,3,0,,4,1993-09-10,1993-09-10,1,2,2013-01-10,10,1,6,3,9,2,8000,2500
509479,2017-08-31T11:55:34Z,27868,1974-11-09,1,1999-11-23,1,1,0,1,2010-09-10,2010-09-10,18,22,2016-11-10,22,1,10,1,6,1,3200,1000
508639,2017-08-31T05:47:20Z,43702,1966-07-17,2,1998-08-01,3,2,0,3,1991-06-10,1991-06-10,17,21,2001-05-10,30,1,12,6,4,1,4500,2500
510328,2017-08-31T19:32:23Z,68035,1991-05-10,1,2014-07-02,4,0,,1,2013-01-10,2000-05-10,8,2,2013-07-10,5,3,11,6,6,1,9000,4000
510289,2017-08-31T18:56:22Z,68027,1995-03-29,2,2011-04-04,4,0,,1,2015-03-10,2015-03-10,13,16,2015-06-10,5,1,1,5,,6,11000,5000
510279,2017-08-31T18:53:30Z,68022,1996-11-27,2,2013-02-12,1,1,0,1,1999-07-10,1999-07-10,8,10,2016-11-10,2,1,12,2,,6,6000,6000
510278,2017-08-31T18:53:26Z,57445,1988-02-07,2,2004-12-15,4,0,,5,1988-06-10,1988-06-10,15,18,2010-12-10,9,3,13,6,10,1,12000,5000
509856,2017-08-31T14:39:05Z,67919,1971-07-10,2,1997-12-05,4,0,,5,2012-08-10,2012-08-10,22,26,2005-10-10,10,3,6,6,11,1,4000,2500
509259,2017-08-31T10:52:13Z,67792,1997-01-03,1,2013-01-19,4,0,,4,2015-03-10,1997-01-10,14,17,2015-03-10,4,1,12,4,4,1,5500,2000
510021,2017-08-31T16:23:45Z,67980,1985-08-15,2,2001-12-04,4,0,,1,2014-12-10,1985-08-10,8,22,2017-05-10,12,1,11,2,4,1,20000,12000
508987,2017-08-31T08:58:30Z,30642,1983-12-04,2,2008-04-19,3,1,1,1,1987-04-10,1987-04-10,8,10,2016-06-10,10,1,12,5,,3,6000,3500
508953,2017-08-31T08:51:50Z,67704,1990-05-14,2,1996-08-16,4,0,,1,1990-06-10,1990-06-10,3,4,2016-11-10,5,1,11,2,4,1,7000,2000
508490,2017-08-31T00:11:32Z,67617,1959-08-08,2,2005-10-12,3,0,,4,1990-04-10,1990-04-10,9,11,2017-07-10,23,1,3,3,2,1,7000,7000
510344,2017-08-31T19:42:14Z,68038,1991-05-19,1,2012-03-23,3,1,0,5,2013-07-10,2013-07-10,3,4,2013-10-10,8,1,7,3,4,1,6740,2000
508647,2017-08-31T05:53:10Z,67642,1990-10-24,2,2006-12-15,3,1,3,5,2016-01-10,2011-09-10,18,22,2016-09-10,8,1,6,5,,6,10000,5000
509681,2017-08-31T13:22:29Z,67842,1995-03-30,1,2011-05-10,4,1,0,5,2015-07-10,2015-07-10,18,22,2012-12-10,5,6,6,4,,6,6000,3500
506255,2017-08-30T21:04:02Z,67588,1991-06-05,2,2007-08-13,4,0,,1,2007-08-10,2007-08-10,18,22,2016-02-10,2,1,11,3,10,1,7500,2500
509974,2017-08-31T15:50:12Z,67511,1977-05-29,2,2006-02-13,1,3,0,5,1977-05-10,1977-05-10,4,6,1970-01-01,10,2,,,,6,5200,1000
508762,2017-08-31T07:12:59Z,55740,1977-06-20,2,1997-02-27,3,1,16,5,1995-06-10,1995-06-10,18,22,2008-09-10,9,1,12,3,,6,5000,2500
509320,2017-08-31T11:09:37Z,67402,1986-09-03,1,2014-12-26,3,1,0,1,2014-09-10,1993-08-10,5,7,2014-09-10,12,6,12,6,,6,7000,5000
509337,2017-08-31T11:12:45Z,7961,1993-04-12,1,2010-06-24,4,0,,1,2002-02-10,2002-02-10,16,20,2013-03-10,4,1,13,6,,6,5000,2500
506292,2017-08-30T21:34:12Z,67593,1998-01-27,2,2014-02-20,4,0,,1,1998-01-10,1998-01-10,14,17,2016-03-10,3,1,11,5,,6,5000,2000
509154,2017-08-31T10:10:13Z,67766,1985-08-04,1,2012-01-12,2,1,10,1,2005-02-10,2005-02-10,8,10,2015-05-10,13,1,12,1,,6,5000,1500
509592,2017-08-31T12:37:55Z,67836,1981-08-21,2,1997-12-11,1,3,1,5,1997-12-10,1997-12-10,7,9,2017-01-10,6,1,13,3,,5,6000,3000
508595,2017-08-31T04:53:07Z,67560,1989-02-07,1,2010-11-18,3,2,1,5,2012-08-10,2012-08-10,10,12,2015-05-10,5,6,12,6,,6,3700,3000
509597,2017-08-31T12:39:33Z,67399,1983-01-25,1,2001-10-16,2,1,0,3,2003-07-10,2003-07-10,13,16,2017-04-10,14,3,11,3,4,2,10000,5000
509038,2017-08-31T09:26:50Z,66970,1980-03-05,2,1997-05-29,2,1,11,5,1987-04-10,1987-04-10,20,24,2007-04-10,20,3,11,6,9,1,7000,6000
509119,2017-08-31T09:55:19Z,67746,1990-05-13,2,2013-10-31,4,0,,5,1990-05-10,1990-05-10,9,11,2016-06-10,4,1,1,1,,6,8300,4000
509715,2017-08-31T13:38:04Z,67885,1997-01-23,2,2013-02-20,4,0,,5,2009-09-10,2009-09-10,3,4,2016-05-10,1,1,1,1,,6,7200,3500
509700,2017-08-31T13:35:14Z,67893,1978-04-20,1,2007-01-19,2,1,9,5,2008-06-10,2008-06-10,16,20,1970-01-01,14,5,,,4,1,5000,3000
509377,2017-08-31T11:30:08Z,67803,1984-04-07,2,2011-02-04,2,0,,4,2016-10-10,2015-05-10,13,16,2001-06-10,16,1,1,5,1,1,12160,9000
509994,2017-08-31T16:03:36Z,67955,1989-03-24,2,2005-05-30,4,0,,4,1989-03-10,1989-03-10,15,18,2012-09-10,4,1,10,2,3,1,5500,3000
509383,2017-08-31T11:30:40Z,66504,1995-04-27,1,2011-05-25,4,0,,1,1995-05-10,1995-05-10,14,17,2016-05-10,3,1,11,6,4,1,8000,2500
508853,2017-08-31T08:00:52Z,19182,1988-01-24,1,2009-06-24,2,1,7,1,2014-09-10,2014-09-10,11,14,2009-07-10,7,1,2,2,1,1,6000,2000
509399,2017-08-31T11:38:42Z,67824,1984-05-06,2,2000-05-12,4,0,,5,2016-06-10,1984-05-10,9,4,2016-02-10,15,1,2,5,9,7,10000,6000
508860,2017-08-31T08:04:12Z,67671,1986-08-15,1,2014-09-17,3,2,8,1,2015-09-10,2015-09-10,3,4,1970-01-01,10,5,,,,6,7000,6400
509244,2017-08-31T10:47:05Z,38198,1983-10-27,2,2000-06-16,3,1,0,1,1983-12-10,1983-12-10,9,11,2015-10-10,13,1,10,2,,6,4900,2000
509624,2017-08-31T12:50:48Z,67806,1992-08-14,2,2015-06-03,4,0,,1,1992-08-10,1992-08-10,4,6,2017-01-10,6,1,1,5,,6,9000,5000
509431,2017-08-31T11:48:35Z,67826,1992-05-16,2,2008-10-02,3,1,1,1,1992-05-10,1992-05-10,12,15,2013-05-10,4,6,12,4,,6,3500,4000
508880,2017-08-31T08:10:09Z,67678,1990-07-08,1,2006-07-13,4,0,,5,1995-11-10,1995-11-10,8,10,2010-05-10,10,1,13,3,4,2,6000,2000
510147,2017-08-31T17:22:29Z,68000,1986-08-10,2,2003-01-23,3,1,1,1,2011-06-10,1986-08-10,11,14,2005-04-10,10,3,3,6,4,1,12000,6500
508719,2017-08-31T06:54:48Z,67590,1990-03-11,2,2006-04-13,3,1,5,5,1993-03-10,1993-03-10,8,10,2016-03-10,1,1,11,1,4,1,10000,50000
509641,2017-08-31T13:03:47Z,38722,1994-11-08,2,2012-09-08,3,0,0,1,2000-01-10,2000-01-10,21,25,2017-03-10,3,1,1,5,,5,7000,2000
501783,2017-08-29T16:16:23Z,55969,1976-05-04,1,2003-02-21,2,1,23,5,2003-07-10,2003-07-10,3,4,2012-10-10,23,1,12,2,11,1,6000,1200
504994,2017-08-30T09:57:24Z,67271,1990-04-22,1,2015-05-08,3,0,,5,1994-08-10,1994-08-10,4,6,2015-09-10,5,1,11,3,6,1,17000,3000
504770,2017-08-30T08:39:58Z,67233,1991-12-22,2,1991-12-27,4,0,,1,2013-10-10,2013-10-10,13,16,2013-07-10,4,1,2,5,1,1,12000,4500
504794,2017-08-30T08:49:13Z,67230,1986-01-07,2,2002-02-16,3,1,1,1,2016-09-10,2016-09-10,21,25,2014-09-10,3,1,6,4,,6,7000,2500
506198,2017-08-30T20:09:19Z,67580,1994-11-17,2,2011-07-18,4,0,,1,2012-10-10,2012-10-10,3,4,2017-03-10,4,1,3,4,2,1,8000,3000
504638,2017-08-30T07:25:40Z,67202,1994-01-30,2,2010-03-12,4,0,,2,1994-01-10,1994-01-10,3,4,2015-10-10,3,1,6,3,2,2,6700,2200
505019,2017-08-30T10:05:53Z,67269,1990-11-19,2,2006-11-22,4,0,,1,1998-12-10,1998-12-10,3,4,2010-07-10,7,1,7,1,,6,7000,2000
505014,2017-08-30T10:02:34Z,62196,1993-06-26,1,2014-09-03,3,1,3,5,2013-04-10,1993-06-10,3,4,2013-08-10,4,1,8,1,,6,3200,1200
504844,2017-08-30T09:08:00Z,67185,1994-12-04,2,2011-01-21,4,0,,5,1994-01-10,1994-01-10,3,4,2016-05-10,6,1,12,6,,6,7500,2000
505503,2017-08-30T13:29:40Z,67376,1982-11-25,2,2009-02-02,4,0,,1,2014-11-10,2014-11-10,6,8,2017-03-10,16,1,11,3,,6,6500,4000
505078,2017-08-30T10:34:56Z,67291,1987-09-03,1,2004-07-28,4,0,,5,2000-01-10,1990-01-10,8,6,2016-08-10,12,1,5,4,4,1,18000,8000
504589,2017-08-30T06:55:49Z,67191,1987-12-17,2,2004-04-07,4,0,,5,2004-04-10,2004-04-10,14,17,2016-06-10,6,1,7,1,3,1,10000,6000
506226,2017-08-30T20:40:57Z,67583,1995-04-21,1,2015-09-17,3,1,0,3,2015-03-10,2015-03-10,11,14,2014-07-10,2,1,7,2,,6,10000,5000
506231,2017-08-30T20:42:57Z,67571,1988-10-22,1,2010-01-04,4,0,,5,2015-12-10,1988-10-10,8,15,2017-03-10,10,1,12,6,,6,6500,3000
505220,2017-08-30T11:33:03Z,67322,1994-05-10,2,2010-06-21,3,1,2,5,2004-09-10,2004-09-10,13,16,2015-09-10,7,1,12,2,,6,9000,3000
505214,2017-08-30T11:31:49Z,67295,1987-01-27,2,2003-04-03,1,0,,5,1992-09-10,1992-09-10,8,10,2007-01-10,10,3,12,6,,6,7000,1500
504489,2017-08-30T05:48:25Z,4066,1994-05-25,1,2010-12-03,4,0,0,1,2016-11-10,2016-11-10,13,16,2016-12-10,2,1,8,1,7,2,7000,1000
505099,2017-08-30T10:43:46Z,55557,1989-05-27,1,2015-04-04,4,0,,1,2015-04-10,2015-04-10,18,22,2014-04-10,3,1,12,6,,5,5000,5000
504929,2017-08-30T09:34:43Z,61808,1997-03-29,2,2013-05-13,4,0,,2,1997-03-10,1997-03-10,9,11,2016-09-10,1,1,12,2,,6,12000,5000
505058,2017-08-30T10:23:18Z,52209,1998-12-15,1,2015-03-10,4,0,,1,2015-08-10,1998-12-10,3,4,2016-09-10,2,1,7,2,10,2,4500,2500
505680,2017-08-30T14:59:06Z,67446,1992-08-10,1,2015-10-30,2,1,2,1,2004-11-10,2004-11-10,10,12,2015-08-10,3,3,11,6,8,1,6000,700
505948,2017-08-30T17:10:11Z,1845,1984-01-09,1,2006-11-06,1,2,14,5,2013-09-10,2006-09-10,3,4,2008-03-10,9,6,12,6,,6,6000,2000
505179,2017-08-30T11:21:50Z,67317,1985-07-18,1,2013-09-18,3,1,0,1,1985-07-10,1985-07-10,23,27,2011-10-10,8,1,5,6,4,1,6000,4500
504896,2017-08-30T09:15:59Z,67243,1991-05-07,1,2009-12-29,4,1,8,1,2013-09-10,1991-05-10,12,15,2014-08-10,3,1,10,2,6,1,3200,2000
505717,2017-08-30T15:13:01Z,67463,1991-02-21,2,2007-05-24,2,0,,1,2014-09-10,2014-09-10,3,4,2016-05-10,8,1,12,3,3,1,9000,4500
506172,2017-08-30T19:36:17Z,55432,1989-05-21,1,2016-07-08,3,0,,1,1989-06-10,1989-06-10,8,10,2015-09-10,2,1,5,2,4,1,6000,3000
505176,2017-08-30T11:20:58Z,67314,1990-11-07,2,2015-01-15,4,0,,1,2004-03-10,2004-03-10,9,11,2017-03-10,8,1,5,2,4,1,7000,2000
501128,2017-08-29T11:24:43Z,66875,1978-05-08,1,2000-06-30,3,2,18,5,2009-09-10,2009-09-10,3,4,2016-07-10,7,1,5,1,11,1,6000,2000
505840,2017-08-30T16:17:32Z,54353,1991-04-14,2,2007-10-14,3,0,,5,2015-09-10,2011-01-10,22,26,1970-01-01,7,5,,,10,1,7000,3000
505165,2017-08-30T11:19:08Z,36851,1972-04-05,1,1998-02-04,2,1,17,4,1972-04-10,1972-04-10,8,10,2017-02-10,28,1,12,5,6,1,20000,5000
506067,2017-08-30T18:16:26Z,67552,1986-12-05,2,2003-08-28,4,0,,5,2015-03-10,2003-04-10,23,27,2015-09-10,5,1,7,4,4,1,5000,3500
506158,2017-08-30T19:25:18Z,67563,1984-02-04,1,2014-05-12,5,2,0,3,1998-11-10,1998-11-10,2,3,2003-03-10,14,1,8,5,,6,7200,2000
505162,2017-08-30T11:18:03Z,66781,1985-09-24,1,2015-02-07,3,1,2,1,2017-07-10,2000-09-10,9,8,2016-02-10,5,6,4,6,6,1,10000,5000
505158,2017-08-30T11:13:55Z,67310,1982-06-17,2,1998-10-20,3,2,10,5,1982-06-10,1982-06-10,6,8,2015-10-10,12,1,6,5,11,1,6000,4000
502194,2017-08-29T22:56:52Z,67139,1989-02-24,2,2013-10-18,4,0,,5,2016-08-10,2016-08-10,14,17,2010-01-10,10,1,6,4,2,1,9000,9000
505996,2017-08-30T17:37:55Z,67518,1999-08-04,2,2015-09-17,4,0,,1,2006-04-10,2006-04-10,2,3,2017-07-10,0,1,11,2,,6,5000,2000
504620,2017-08-30T07:14:04Z,67197,1989-05-05,2,1989-06-08,4,0,,3,1989-05-10,1989-05-10,8,10,2016-11-10,9,1,11,3,4,1,10000,5000
504975,2017-08-30T09:46:04Z,66098,1990-08-27,1,2008-08-28,2,2,0,5,2013-11-10,2007-10-10,6,8,1970-01-01,0,2,,,,5,5300,3000
501631,2017-08-29T15:13:16Z,67025,1994-08-12,2,2010-11-12,4,0,,1,2000-02-10,2000-02-10,13,16,2013-02-10,5,6,9,6,,6,5500,2700
504424,2017-08-30T04:41:51Z,67167,1975-09-04,1,1998-12-08,3,2,18,5,2012-03-10,2012-03-10,3,4,2005-05-10,25,3,12,6,4,1,7500,1500
504441,2017-08-30T04:49:45Z,67168,1994-01-07,2,2010-02-10,4,0,,1,2010-02-10,2010-02-10,14,17,1970-01-01,3,5,,,,6,3100,1500
506238,2017-08-30T20:48:13Z,67585,1982-01-02,1,2002-06-25,2,3,0,1,2016-08-10,2012-07-10,8,25,2017-06-10,15,1,6,3,,5,10000,7500
504514,2017-08-30T06:12:45Z,67182,1965-06-05,1,1996-01-25,3,2,0,5,1965-06-10,1965-06-10,19,23,2013-05-10,34,1,2,6,10,2,4500,500
506092,2017-08-30T18:27:54Z,67523,1994-05-02,1,2010-11-16,1,0,,1,1994-05-10,1994-05-10,18,22,2017-06-10,0,1,11,2,11,1,8500,3500
505626,2017-08-30T14:36:28Z,67257,1991-12-29,1,2008-06-18,4,0,,5,1991-12-10,1991-12-10,9,11,2017-02-10,5,1,7,3,4,1,15000,7000
504396,2017-08-30T04:13:37Z,67164,1987-10-22,2,2016-12-26,3,0,,5,1987-10-10,1987-10-10,11,14,2017-01-10,3,1,6,5,11,1,8000,6000
505884,2017-08-30T16:37:54Z,67499,1960-07-19,1,1996-04-18,3,1,0,5,1991-02-10,1991-02-10,3,4,1988-07-10,22,1,13,1,,6,7000,1000
500756,2017-08-29T08:21:28Z,66822,1997-08-11,2,2013-09-20,4,0,,1,1998-06-10,1998-06-10,5,7,2015-12-10,2,6,11,6,9,1,5300,4000
501124,2017-08-29T11:23:53Z,66892,1977-06-01,2,2000-12-23,1,0,,5,2017-06-10,1977-06-10,3,4,1970-01-01,5,2,,,,3,4500,800
501914,2017-08-29T17:16:15Z,67082,1982-06-11,2,1999-02-23,3,1,2,5,2015-02-10,1990-09-10,2,9,2013-04-10,17,1,12,6,,6,8000,7000
502037,2017-08-29T18:50:03Z,67096,1998-08-13,1,2014-09-25,4,0,,1,2016-10-10,1998-08-10,11,14,2016-12-10,1,1,5,5,4,2,4500,3000
501985,2017-08-29T18:04:48Z,47048,1989-02-22,2,2005-08-25,1,0,,5,2014-11-10,1989-02-10,8,12,2016-06-10,10,1,11,3,4,1,8000,3000
498294,2017-08-28T23:26:13Z,66734,1997-07-24,2,2013-08-17,4,0,,5,2016-09-10,2016-09-10,14,17,2017-01-10,5,1,2,3,,6,4000,2000
502099,2017-08-29T19:51:04Z,67121,1996-08-29,2,2016-02-11,4,0,,1,1998-08-10,1998-08-10,5,7,1970-01-01,1,2,,,,6,1800,600
497455,2017-08-28T14:26:02Z,66515,1988-04-23,2,2004-11-30,3,2,7,1,2009-06-10,2009-06-10,8,10,2017-06-10,12,1,12,4,,6,6000,65000
501812,2017-08-29T16:30:02Z,66980,1986-08-23,2,2002-10-21,3,1,1,1,2005-04-10,2005-04-10,3,4,2006-04-10,13,1,8,1,7,1,9500,4000
501007,2017-08-29T10:29:50Z,66867,1988-08-31,1,2009-12-15,3,1,0,5,2007-01-10,1988-08-10,8,15,2010-03-10,7,1,11,3,10,2,8000,6000
498189,2017-08-28T20:26:56Z,65095,1982-04-11,2,1998-04-24,2,1,0,1,2017-08-10,2017-08-10,3,4,2012-01-10,12,1,6,4,11,1,8000,4000
500665,2017-08-29T07:41:43Z,50029,1984-09-25,2,2006-01-16,4,0,,5,2017-05-10,1999-11-10,13,16,2017-05-10,18,1,2,4,,6,9000,2000
501895,2017-08-29T17:05:32Z,63866,1995-11-08,2,2011-12-26,4,0,,1,1995-11-10,1995-11-10,15,18,1970-01-01,4,5,,,,6,5000,3500
501690,2017-08-29T15:42:35Z,67044,1994-12-08,2,2011-01-20,4,0,,1,2015-01-10,1994-12-10,8,5,2015-10-10,6,1,4,5,,6,12000,5500
500371,2017-08-29T00:21:26Z,66742,1987-01-11,2,2013-02-20,4,0,,1,2014-04-10,2014-04-10,21,25,2012-02-10,5,1,7,2,11,1,9000,6500
501998,2017-08-29T18:22:22Z,67100,1992-01-20,2,2008-05-25,3,0,,5,2005-01-10,2005-01-10,3,4,2010-01-10,3,1,3,6,2,1,10000,5000
500382,2017-08-29T00:42:18Z,66736,1998-12-09,2,2015-01-13,4,0,,3,2015-01-10,2015-01-10,3,4,2017-01-10,1,1,6,5,,5,7000,5000
497440,2017-08-28T14:21:59Z,66484,1992-04-22,2,2016-04-21,3,0,,5,2016-04-10,2016-04-10,18,22,2016-05-10,5,1,12,4,,5,5000,2000
501280,2017-08-29T12:28:04Z,24271,1998-03-02,1,2014-04-11,4,0,,1,2015-10-10,2015-10-10,8,10,2017-02-10,1,6,4,2,7,2,5000,1500
502143,2017-08-29T20:56:14Z,67131,1992-07-12,1,2009-01-28,4,0,,5,1993-05-10,1993-05-10,14,17,2014-04-10,3,1,6,1,4,1,6500,5000
501267,2017-08-29T12:22:36Z,61111,1992-07-14,2,2008-09-23,4,0,,1,1992-07-10,1992-07-10,4,6,2017-02-10,0,1,11,5,6,1,7000,2000
500632,2017-08-29T07:16:15Z,66785,1994-03-25,2,2015-03-15,4,0,,1,2016-03-10,1994-03-10,13,11,2016-03-10,3,1,2,5,,6,7100,5500
501490,2017-08-29T14:08:51Z,66993,1996-07-31,1,2012-12-12,4,0,,3,1996-07-10,1996-07-10,5,7,2016-05-10,1,1,12,2,4,1,6000,2500
501353,2017-08-29T12:56:26Z,66939,1997-08-31,2,2013-12-25,4,0,,1,2000-03-10,2000-03-10,9,11,1970-01-01,1,5,,,,6,4600,2000
500596,2017-08-29T06:56:30Z,66779,1991-04-25,1,2015-10-06,3,2,0,5,2015-01-10,2015-01-10,19,23,2012-01-10,8,6,10,1,4,1,3000,2000
501233,2017-08-29T12:11:34Z,66801,1987-01-28,2,2003-03-21,4,0,,3,1994-05-10,1994-05-10,3,4,2006-07-10,11,1,6,5,4,1,5000,3500
500895,2017-08-29T09:26:44Z,66835,1988-08-10,2,2007-04-28,1,0,,5,1988-08-10,1988-08-10,2,3,2010-02-10,5,1,6,4,,6,6000,2000
498147,2017-08-28T19:56:54Z,66688,1988-01-26,1,2004-10-27,4,2,0,1,1989-01-10,1989-01-10,16,20,2016-12-10,11,1,12,3,,5,5000,3500
500854,2017-08-29T09:10:22Z,66842,1993-05-31,2,2009-10-26,4,0,,5,2000-03-10,2000-03-10,19,23,2015-08-10,5,1,12,5,11,1,1300,1000
500500,2017-08-29T05:30:09Z,65952,1967-05-29,2,2000-07-01,3,1,0,5,2013-05-10,1999-01-10,3,8,2017-01-10,28,1,12,6,11,1,3200,2500
501140,2017-08-29T11:27:35Z,66894,1984-03-07,2,2000-10-26,3,1,1,5,2016-08-10,2016-08-10,18,22,2017-05-10,14,1,12,3,4,1,10000,8000
501127,2017-08-29T11:24:38Z,50532,1988-02-14,1,2014-10-09,3,2,10,5,2011-06-10,1988-02-10,15,18,2012-01-10,5,1,12,6,,6,5500,2500
501032,2017-08-29T10:43:59Z,66873,1979-06-27,2,2002-11-13,4,0,,5,2012-04-10,2003-06-10,8,11,2017-02-10,12,1,13,6,9,1,8000,6000
501107,2017-08-29T11:14:01Z,66889,1988-06-06,2,2006-01-13,4,0,,5,1988-06-10,1988-06-10,21,25,2016-05-10,5,3,12,3,,6,6500,1200
501006,2017-08-29T10:29:44Z,59049,1977-04-19,2,1999-06-15,2,1,7,1,2014-03-10,2016-08-10,13,16,2016-08-10,1,1,2,5,,6,7600,2000
501641,2017-08-29T15:16:36Z,67016,1998-06-16,1,2014-07-08,4,0,,5,2000-03-10,2000-03-10,5,7,2017-05-10,2,1,12,2,4,2,4500,1000
500432,2017-08-29T03:42:52Z,66749,1995-04-19,2,2011-11-10,4,0,,5,1995-04-10,1995-04-10,3,4,1970-01-01,2,4,,,10,2,3300,3000
486943,2017-08-25T19:12:46Z,65315,1977-09-14,2,1998-04-07,2,0,,5,2016-01-10,2016-01-10,21,25,2012-06-10,17,1,6,5,,6,8600,3000
497696,2017-08-28T15:35:53Z,66576,1986-07-02,2,2011-09-10,4,0,,1,2005-03-10,2005-03-10,6,8,2016-10-10,9,1,7,1,11,1,6000,4000
496635,2017-08-28T10:00:36Z,66283,1974-01-27,1,2002-02-07,3,2,0,5,2011-08-10,2017-05-10,20,24,2016-07-10,15,1,12,1,,6,4000,300
495756,2017-08-28T06:08:26Z,39884,1988-10-02,1,2006-05-29,4,3,0,5,2014-05-10,2014-05-10,13,16,1970-01-01,3,5,,,,3,5600,4000
497645,2017-08-28T15:18:42Z,66569,1993-05-14,2,2009-07-02,4,0,,1,2015-06-10,2015-06-10,16,20,2015-09-10,3,1,10,4,6,1,4500,2000
497108,2017-08-28T12:39:21Z,66426,1995-07-12,1,2016-02-16,3,2,3,5,2016-06-10,2016-06-10,14,17,1970-01-01,2,5,,,,5,7000,4000
497137,2017-08-28T12:45:39Z,43310,1990-11-10,2,2007-01-17,4,0,,1,2003-02-10,2003-02-10,3,4,2015-08-10,4,1,1,1,4,1,7300,2000
495819,2017-08-28T06:52:06Z,65929,1993-01-11,2,2009-01-03,4,0,,1,1994-01-10,1994-01-10,8,10,2016-09-10,6,1,6,5,9,1,6000,3000
496626,2017-08-28T09:58:16Z,66025,1992-10-16,2,2008-12-09,4,0,,5,2012-12-10,2012-12-10,8,10,2016-06-10,1,1,5,5,4,2,8000,3500
497295,2017-08-28T13:35:53Z,66480,1991-04-19,2,2016-02-27,4,0,,5,2003-04-10,2003-04-10,6,8,2014-01-10,7,1,11,3,,5,6000,4000
496975,2017-08-28T11:44:36Z,66391,1981-12-02,2,2007-07-11,2,1,0,1,2010-01-10,2010-01-10,12,15,2010-01-10,18,1,7,6,,6,10000,4000
497582,2017-08-28T15:06:10Z,66544,1972-10-13,1,2004-06-09,3,2,0,5,1978-12-10,1978-12-10,11,14,2017-01-10,28,6,12,5,11,1,6000,4000
496271,2017-08-28T08:54:03Z,66155,1982-10-07,1,2010-10-29,3,1,0,1,2015-04-10,2015-04-10,18,22,2016-10-10,10,1,12,3,4,1,6500,500
498065,2017-08-28T18:48:34Z,60552,1994-04-28,2,2010-05-20,4,0,,1,2006-03-10,2006-03-10,14,17,2016-09-10,0,1,6,4,,5,4300,1000
497258,2017-08-28T13:25:46Z,66482,1985-06-08,2,2001-06-08,3,1,0,5,2010-06-10,2010-06-10,3,4,2009-01-10,7,1,13,1,,6,7000,3000
496767,2017-08-28T10:39:00Z,12417,1990-07-27,1,2015-10-19,3,1,3,5,2015-10-10,2015-10-10,18,22,2012-08-10,4,1,10,4,6,1,5500,3000
497858,2017-08-28T16:47:12Z,5218,1991-09-05,2,2009-01-28,3,0,,5,2016-09-10,2016-09-10,19,23,2017-01-10,3,1,7,3,11,2,2000,1500
495849,2017-08-28T07:22:29Z,65931,1993-09-03,2,2009-12-17,4,0,,5,2014-08-10,2015-05-10,8,27,2017-03-10,3,1,7,4,4,1,13000,10000
496879,2017-08-28T11:18:39Z,66368,1987-02-06,2,2003-03-12,4,0,,5,1989-01-10,1989-01-10,3,4,2017-01-10,10,1,6,2,,6,5500,2780
496212,2017-08-28T08:48:27Z,66005,1994-07-20,2,2010-11-05,4,0,,5,2001-06-10,2001-06-10,3,4,2013-06-10,4,1,1,1,,6,5000,4500
496568,2017-08-28T09:46:52Z,66262,1996-09-06,1,2012-10-11,4,0,,1,2012-10-10,2012-10-10,6,8,1970-01-01,5,2,,,,5,2200,2200
498077,2017-08-28T18:56:07Z,65875,1990-03-22,1,2010-08-06,4,0,,5,2007-03-10,2007-03-10,4,6,2010-05-10,7,1,11,3,8,1,5000,2000
496942,2017-08-28T11:37:26Z,48310,1987-01-27,2,2014-02-11,4,0,,5,2016-08-10,2016-08-10,9,11,2014-04-10,10,1,1,5,2,2,8000,4000
496911,2017-08-28T11:27:13Z,66374,1984-11-06,2,2002-04-26,3,1,0,5,1984-11-10,1984-11-10,11,14,2017-02-10,8,1,6,4,,6,3200,1000
497963,2017-08-28T17:32:19Z,66656,1989-07-30,2,2005-10-25,4,0,,1,2016-08-10,1989-07-10,18,22,2011-06-10,9,1,7,1,11,1,7500,2000
493512,2017-08-27T23:40:31Z,65897,1986-07-04,2,2002-07-04,4,0,,5,1998-10-10,1998-10-10,8,10,2016-06-10,13,1,4,4,,6,13000,8000
495785,2017-08-28T06:25:44Z,65843,1991-11-27,2,2007-12-29,4,0,,1,2001-12-10,1991-11-10,6,8,2015-07-10,5,1,12,4,4,1,6000,1000
496557,2017-08-28T09:45:40Z,66264,1999-06-23,1,2015-07-31,4,0,0,5,2012-09-10,2012-09-10,2,3,1970-01-01,0,4,,,,6,1500,500
496053,2017-08-28T08:29:54Z,55854,1993-08-10,2,2010-02-02,4,0,,2,2007-08-10,2007-08-10,3,4,2013-12-10,4,1,1,5,,6,9000,5000
497774,2017-08-28T16:08:05Z,66506,1992-07-24,2,2009-07-31,4,0,,5,2015-10-10,2015-10-10,13,16,2015-03-10,2,1,12,2,11,1,11000,2000
496076,2017-08-28T08:32:27Z,65963,1987-06-02,1,2015-04-22,3,1,0,1,2013-06-10,2013-06-10,6,8,2013-03-10,8,6,12,3,4,2,5000,3000
497794,2017-08-28T16:11:56Z,66585,1988-04-11,2,2004-04-13,3,1,2,1,2015-04-10,2015-04-10,5,7,2010-04-10,7,1,2,2,,6,8500,2500
493492,2017-08-27T23:17:08Z,65895,1992-05-04,2,2008-07-08,4,0,,4,2013-02-10,2013-02-10,3,4,2016-07-10,9,1,1,5,1,1,8300,2500
497643,2017-08-28T15:17:52Z,66563,1990-07-22,2,2015-11-10,3,2,1,3,1990-07-10,1990-07-10,18,22,2013-11-10,5,1,1,5,9,7,12500,6300
487028,2017-08-25T21:15:18Z,65325,1987-10-05,2,2003-12-24,4,0,0,5,2003-12-10,2003-12-10,9,11,2015-01-10,5,1,7,2,4,1,10000,3000
497170,2017-08-28T12:56:02Z,66451,1983-03-13,1,2014-08-14,2,2,0,5,2011-10-10,2011-10-10,18,22,2012-03-10,17,3,12,6,,6,8000,1500
497328,2017-08-28T13:40:27Z,66476,1954-10-13,2,2001-06-22,3,0,,5,2014-05-10,1986-05-10,3,4,2007-02-10,36,1,10,2,11,1,3767,2000
496625,2017-08-28T09:58:10Z,66224,1987-03-26,2,2003-12-04,4,0,,1,2003-12-10,2003-12-10,13,16,2017-07-10,0,1,6,2,,6,9000,5000
496226,2017-08-28T08:49:35Z,66120,1985-03-27,2,2015-02-11,3,2,0,5,2015-12-10,2015-12-10,21,25,2017-01-10,11,1,12,1,10,1,15,7
497670,2017-08-28T15:28:55Z,66573,1994-09-20,2,2010-10-29,4,0,,1,1994-02-10,1994-02-10,2,3,2014-07-10,3,1,6,3,,5,6500,2500
493520,2017-08-27T23:59:51Z,65902,1994-12-28,2,2011-02-07,4,0,,6,1994-12-10,1994-12-10,3,4,2013-08-10,3,6,6,5,,6,6000,4900
497396,2017-08-28T14:08:26Z,66511,1993-03-16,2,2010-01-08,3,0,,4,1993-03-10,1993-03-10,23,27,2015-05-10,2,1,2,1,,6,7200,4000
497476,2017-08-28T14:32:43Z,19404,1992-08-20,1,2013-03-16,3,1,4,1,2012-05-10,2005-01-10,10,12,2012-08-10,5,1,8,4,,6,4000,100
497257,2017-08-28T13:25:45Z,66413,1995-09-20,2,2016-09-16,3,0,,5,2006-06-10,2006-06-10,10,12,2017-03-10,3,1,6,1,,6,5000,3000
496000,2017-08-28T08:24:33Z,9906,1989-08-08,2,2005-11-18,4,0,,5,2015-10-10,1989-08-10,9,13,2014-08-10,5,1,12,5,5,1,8000,6000
496277,2017-08-28T08:54:35Z,66149,1991-02-23,1,2013-08-30,3,1,0,1,2017-02-10,1991-02-10,20,24,2017-04-10,0,3,12,6,6,1,3000,2000
497626,2017-08-28T15:15:07Z,66562,1995-03-01,2,2011-03-31,4,0,,1,1995-03-10,1995-03-10,3,4,2014-09-10,3,6,12,2,,5,7000,7000
497337,2017-08-28T13:44:04Z,65950,1983-01-12,1,2004-11-05,3,1,0,5,2003-03-10,2003-03-10,5,7,2013-06-10,10,1,12,6,,5,6500,1500
496407,2017-08-28T09:12:50Z,66222,1991-09-26,2,2007-09-30,4,0,,5,2004-10-10,2004-10-10,13,16,2015-04-10,5,1,1,5,,6,7200,4000
495633,2017-08-28T04:00:04Z,65910,1981-11-20,1,1999-02-16,1,1,4,5,1999-02-10,1999-02-10,3,4,2011-09-10,6,1,12,5,,6,5500,3000
495803,2017-08-28T06:40:10Z,65924,1982-10-04,1,2007-03-03,2,2,0,1,2016-01-10,1999-04-10,11,14,2011-10-10,17,1,11,4,4,1,8000,7000
497361,2017-08-28T13:50:43Z,57255,1991-05-14,2,2007-06-27,3,1,1,1,2016-03-10,2006-04-10,20,24,2016-03-10,3,1,1,5,11,1,10000,4000
496580,2017-08-28T09:49:16Z,66255,1990-05-04,2,2006-08-23,4,0,,5,1990-05-10,1990-05-10,9,11,2017-04-10,3,1,6,1,,5,7000,2000
496528,2017-08-28T09:37:57Z,66198,1998-10-08,2,2014-10-23,4,0,,1,2015-09-10,2015-09-10,11,14,2017-06-10,3,6,3,6,10,2,7000,500
496980,2017-08-28T11:44:54Z,66395,1974-10-04,1,2010-10-31,3,1,0,5,1994-01-10,1994-01-10,18,22,2016-03-10,20,3,5,6,4,1,9000,4000
495734,2017-08-28T05:57:19Z,65918,1983-06-06,1,2009-08-26,3,1,10,5,2009-07-10,2009-07-10,6,8,2014-01-10,3,6,12,6,11,1,4000,2900
495970,2017-08-28T08:21:09Z,63745,1982-09-26,1,2016-06-23,2,3,14,1,1982-10-10,1982-10-10,3,4,2014-08-10,15,3,12,6,4,2,12000,7000
493459,2017-08-27T21:46:03Z,65886,1991-07-04,1,2015-10-13,1,2,0,1,1997-02-10,1997-02-10,8,10,2015-12-10,5,1,12,2,,5,5300,5300
493499,2017-08-27T23:22:43Z,65896,1987-09-07,2,2004-05-24,4,0,,1,2013-08-10,2013-08-10,18,22,2014-09-10,12,3,12,6,11,2,6500,5200
496387,2017-08-28T09:10:22Z,66199,1989-07-13,2,2005-09-12,3,0,,5,2017-06-10,2017-06-10,13,16,2012-06-10,5,6,6,5,,6,6000,2000
497904,2017-08-28T17:07:30Z,66628,1992-10-28,2,2008-12-16,3,1,0,5,2016-05-10,1992-10-10,19,23,2017-06-10,2,1,3,6,,5,6000,2500
496268,2017-08-28T08:53:43Z,65969,1976-01-22,2,2016-04-05,3,2,0,4,2003-06-10,2003-06-10,11,14,2015-08-10,15,1,1,3,1,1,15000,6000
496720,2017-08-28T10:25:25Z,54712,1997-11-17,2,2013-12-26,4,0,,5,2006-11-10,2006-11-10,8,10,2015-12-10,2,1,7,3,,5,600,5000
495971,2017-08-28T08:21:10Z,18247,1995-01-08,2,2011-02-08,4,0,,5,2005-05-10,2005-05-10,10,12,2016-01-10,1,3,9,3,4,1,5000,2500
496850,2017-08-28T11:07:10Z,46189,1995-02-15,1,2011-03-24,1,0,,1,2013-09-10,2013-09-10,3,4,2016-08-10,1,6,11,5,11,1,2500,1000
495626,2017-08-28T03:19:51Z,65901,1988-09-05,1,2008-07-10,2,3,9,5,2016-08-10,2016-08-10,3,4,2016-03-10,1,1,3,2,9,1,4300,1890
497821,2017-08-28T16:25:15Z,66605,1978-03-17,2,1996-01-31,4,1,0,5,2012-11-10,2012-11-10,13,16,2010-03-10,18,1,13,4,11,1,12000,6000
497660,2017-08-28T15:25:56Z,66570,1993-04-15,1,2014-11-26,2,1,0,5,2014-03-10,2014-03-10,16,20,2015-09-10,1,3,12,6,4,2,6000,3000
497898,2017-08-28T17:05:47Z,66642,1987-01-28,1,2006-02-11,3,2,11,4,2015-11-10,1987-01-10,3,12,2016-11-10,12,1,8,5,,5,8000,5000
496763,2017-08-28T10:37:49Z,66306,1994-01-22,2,2010-04-24,4,0,,1,2015-08-10,2001-01-10,8,24,2015-04-10,3,1,,5,,6,11000,4000
498136,2017-08-28T19:36:51Z,54120,1998-04-22,1,1998-04-03,4,0,,1,2012-03-10,2012-03-10,12,15,2015-09-10,2,1,7,3,6,2,4000,3000
493389,2017-08-27T19:59:07Z,65868,1990-09-12,2,2006-11-09,4,0,,5,2006-11-10,2006-11-10,16,20,2011-09-10,7,1,2,3,6,7,5000,1000
492855,2017-08-27T11:24:20Z,65724,1998-08-11,1,2015-02-24,4,0,,1,2015-07-10,2007-02-10,20,24,2014-06-10,0,1,12,3,4,1,8300,2500
492796,2017-08-27T10:43:06Z,58143,1988-03-31,2,2004-05-05,2,0,,5,2017-01-10,2017-01-10,18,22,2013-05-10,10,1,11,1,3,1,9000,2000
492904,2017-08-27T12:17:59Z,65766,1987-06-27,2,2007-07-12,1,0,,5,2012-11-10,2012-11-10,6,8,2015-12-10,8,1,13,2,11,1,8000,500
493142,2017-08-27T15:30:04Z,65817,1992-07-13,2,1992-08-12,4,0,,5,1992-07-10,1992-07-10,8,10,2015-07-10,2,1,13,5,11,1,4880,1000
489222,2017-08-26T06:56:30Z,65388,1968-05-21,2,1997-08-19,3,0,,5,2007-08-10,2002-08-10,4,6,2017-02-10,25,1,6,5,,6,7300,1500
492978,2017-08-27T13:17:38Z,65779,1980-12-11,2,2007-11-01,2,1,13,5,2015-08-10,1999-11-10,9,12,2016-03-10,15,1,3,3,,6,20000,10000
492745,2017-08-27T10:09:23Z,65716,1990-05-18,2,2008-06-19,1,0,,5,1990-05-10,1990-05-10,8,10,2017-03-10,9,1,12,6,5,2,15000,12000
492556,2017-08-27T07:30:01Z,65677,1987-12-14,2,2004-04-15,4,0,,5,2005-04-10,2005-04-10,18,22,2012-09-10,5,1,3,5,,6,12000,6000
486881,2017-08-25T18:02:24Z,52811,1988-08-05,1,2005-08-12,4,0,,5,2008-04-10,2008-04-10,23,27,2016-07-10,8,3,12,6,10,1,10000,2500
493136,2017-08-27T15:27:08Z,65814,1995-07-04,2,2011-10-18,4,0,,5,2016-09-10,1995-07-10,13,24,2015-10-10,3,1,1,1,11,2,7700,7000
490298,2017-08-26T21:17:34Z,65631,1993-04-17,1,2009-05-25,4,0,,5,2015-08-10,2015-08-10,14,17,2014-10-10,4,1,12,1,7,2,6000,1500
493167,2017-08-27T16:11:09Z,65801,1985-06-23,1,2010-10-21,4,0,,5,2017-02-10,2017-02-10,18,22,2016-04-10,1,1,6,5,,6,6000,1700
492606,2017-08-27T08:02:20Z,65688,1994-02-02,1,2010-02-17,4,0,,1,2015-11-10,2001-05-10,13,8,2013-01-10,4,3,7,5,9,1,10000,8000
493120,2017-08-27T15:11:17Z,65549,1981-12-19,2,2008-02-04,4,0,,3,1994-07-10,1994-07-10,2,3,2017-07-10,10,6,3,6,11,2,4412,1000
492581,2017-08-27T07:48:39Z,65683,1986-08-10,2,2004-05-06,1,1,0,5,2004-04-10,2004-04-10,10,12,2004-06-10,11,6,13,3,,5,4000,2600
492811,2017-08-27T10:52:17Z,65737,1994-02-10,1,2010-05-07,4,0,,1,1994-02-10,1994-02-10,13,16,2013-10-10,4,1,13,5,4,2,7200,1000
490347,2017-08-26T23:05:09Z,65640,1988-12-16,2,2014-02-08,4,0,,5,2006-10-10,2006-10-10,3,4,2017-08-10,5,1,11,3,,5,4100,3200
493403,2017-08-27T20:20:30Z,65449,1992-05-25,2,2008-10-22,3,1,1,5,2014-05-10,2014-05-10,3,4,2015-07-10,7,1,2,5,,5,8200,5000
492885,2017-08-27T11:55:18Z,65762,1991-05-07,1,2011-09-26,3,2,1,5,2010-04-10,2010-04-10,3,4,2014-02-10,9,1,12,3,4,1,6000,5300
493169,2017-08-27T16:11:40Z,65822,1974-07-29,2,2009-04-17,4,3,22,5,2015-07-10,2015-07-10,9,11,2015-06-10,20,3,12,6,4,1,20000,15000
493324,2017-08-27T18:35:19Z,65849,1978-10-27,1,2015-05-12,3,1,0,3,2016-04-10,2016-04-10,8,10,2009-03-10,16,1,10,3,,6,4500,2700
492600,2017-08-27T07:58:53Z,8515,1985-07-27,2,2001-08-13,2,0,,5,2016-07-10,2011-08-10,23,27,2012-06-10,8,3,3,6,3,2,4500,1500
485876,2017-08-25T07:18:28Z,61544,1987-06-05,2,2004-01-28,2,0,0,1,2009-06-10,2009-06-10,21,25,2016-04-10,2,1,13,3,4,7,14000,3000
489133,2017-08-26T04:10:03Z,50113,1989-02-16,2,2010-03-10,4,0,,5,1994-02-10,1994-02-10,21,25,2013-04-10,3,1,11,6,,6,5000,1500
490276,2017-08-26T20:43:13Z,65629,1996-10-01,2,2012-10-30,3,3,0,1,2016-07-10,2014-09-10,18,22,1970-01-01,0,4,,,4,2,7000,6000
486969,2017-08-25T19:33:16Z,65318,1984-01-17,2,2001-10-27,3,0,,5,2005-11-10,2005-11-10,6,8,2011-04-10,10,3,3,6,,3,10000,3000
486842,2017-08-25T17:05:56Z,50772,1983-07-29,2,2004-07-09,4,0,0,5,2001-07-10,2001-07-10,4,6,2008-06-10,13,1,3,3,10,2,10000,3500
489315,2017-08-26T07:54:51Z,65402,1987-12-28,1,2011-07-04,3,2,1,5,2014-04-10,2014-04-10,11,14,2015-09-10,5,1,2,3,4,1,5000,4000
490043,2017-08-26T16:52:23Z,65585,1993-08-08,2,2009-11-28,4,0,,4,2014-09-10,2005-02-10,18,13,1970-01-01,4,4,,,11,1,5675,1237
489112,2017-08-26T03:30:43Z,65359,1983-05-03,2,2000-07-04,1,1,0,1,1987-05-10,1987-05-10,18,22,2013-07-10,17,3,12,6,10,1,8000,4500
489930,2017-08-26T15:11:24Z,65540,1981-04-30,1,2007-09-14,5,0,,1,2010-08-10,2010-08-10,12,15,2012-12-10,17,1,7,1,5,4,4500,1400
490053,2017-08-26T16:59:17Z,55745,1969-05-16,1,2001-03-18,3,0,,5,1991-09-10,1991-09-10,19,23,2017-03-10,23,1,12,6,4,2,12000,5600
490134,2017-08-26T18:06:46Z,49744,1981-08-23,2,2012-07-31,4,1,0,1,1981-08-10,1981-08-10,3,4,2014-08-10,10,1,3,2,2,2,11000,3000
489297,2017-08-26T07:42:13Z,52284,1975-11-18,1,2005-11-10,4,2,25,1,2015-08-10,2012-06-10,6,8,2016-02-10,20,1,6,2,,6,6500,3000
489520,2017-08-26T09:57:42Z,41217,1996-01-04,2,2012-10-01,4,0,,1,2017-05-10,1996-01-10,8,4,2017-02-10,5,1,12,4,,6,15000,10000
483681,2017-08-24T23:24:18Z,6818,1980-02-20,2,1996-12-20,3,1,14,5,2006-05-10,2006-05-10,9,11,2003-05-10,17,1,13,2,,6,6800,1300
489566,2017-08-26T10:42:47Z,65428,1990-09-30,1,2006-11-28,4,1,1,2,1990-10-10,1990-10-10,18,22,2016-01-10,8,1,9,1,9,2,6500,3000
486636,2017-08-25T14:56:21Z,65235,1991-03-08,1,2011-02-10,3,2,0,1,1997-08-10,1997-08-10,3,4,2010-01-10,7,3,11,6,,6,3500,2000
489354,2017-08-26T08:20:50Z,65408,1994-11-24,2,2014-03-03,3,0,,1,1994-11-10,1994-11-10,18,22,2015-06-10,2,1,2,5,,6,11500,4000
490154,2017-08-26T18:23:55Z,65602,1992-11-16,2,2013-10-02,4,0,,5,2011-06-10,2011-06-10,15,18,2016-06-10,5,6,11,6,,6,6400,2300
490113,2017-08-26T17:49:38Z,65597,1994-08-31,2,2010-10-25,4,0,,1,1994-08-10,1994-08-10,3,4,1970-01-01,0,5,,,,5,1500,500
487067,2017-08-25T22:18:47Z,65338,1982-10-30,2,1998-12-17,3,2,0,5,1998-08-10,1998-08-10,3,4,2016-04-10,12,1,6,1,2,2,9500,7000
490084,2017-08-26T17:19:40Z,65591,1997-06-04,2,2014-01-23,4,0,,4,1998-06-10,1998-06-10,9,11,2017-01-10,1,1,6,4,4,2,7000,370
489295,2017-08-26T07:41:51Z,65396,1987-01-30,2,2014-01-15,1,1,0,5,1987-01-10,1987-01-10,6,8,2012-03-10,7,6,7,6,7,2,6000,3000
490201,2017-08-26T19:21:18Z,65601,1994-08-31,1,2010-11-25,4,0,,1,1994-08-10,1994-08-10,18,22,2017-03-10,0,1,12,2,5,1,3200,3200
490222,2017-08-26T19:41:52Z,65613,1988-08-22,1,2006-08-11,3,2,0,5,1988-08-10,1988-08-10,3,4,2014-04-10,8,1,12,6,,6,4700,2000
489440,2017-08-26T09:11:03Z,65427,1991-10-14,2,2008-08-19,4,0,,5,2009-01-10,2009-01-10,11,14,2015-03-10,6,1,9,2,4,1,7600,3500
483636,2017-08-24T21:53:15Z,19830,1989-02-17,2,2015-05-14,4,0,,1,1990-02-10,1990-02-10,5,7,2016-06-10,9,1,6,4,,6,5500,2500
486080,2017-08-25T09:31:26Z,65112,1989-05-30,1,2011-12-14,3,0,,5,1998-10-10,1998-10-10,10,12,1970-01-01,3,5,,,7,1,4000,2000
485992,2017-08-25T08:15:52Z,65092,1984-11-25,2,2001-03-16,3,2,0,1,2010-02-10,2010-02-10,9,11,2009-09-10,15,1,3,2,2,2,6500,2000
486277,2017-08-25T11:20:30Z,17887,1983-04-13,1,2014-06-05,3,2,4,1,2010-08-10,1988-01-10,18,22,2016-08-10,10,3,7,6,2,1,5000,3500
486416,2017-08-25T12:43:40Z,65187,1989-02-12,2,2005-05-27,4,0,,5,1989-02-10,1989-02-10,6,8,2012-02-10,7,3,7,6,,6,8000,5000
486583,2017-08-25T14:27:33Z,65219,1994-09-23,2,2011-03-30,4,0,,1,2009-07-10,1994-09-10,18,22,2014-10-10,3,1,13,3,11,2,25000,15000
486186,2017-08-25T10:28:59Z,65127,1966-04-15,2,2002-08-08,3,2,26,1,2007-03-10,2007-03-10,4,6,1990-09-10,27,1,10,3,6,1,10000,4000
486557,2017-08-25T14:12:30Z,65207,1983-03-30,1,2016-09-06,3,2,11,1,2015-03-10,2015-03-10,18,22,2009-10-10,12,1,2,5,11,1,5570,2200
486041,2017-08-25T09:07:39Z,65097,1986-05-14,1,2015-07-10,1,2,0,3,1996-04-10,1996-04-10,8,10,2013-10-10,8,1,11,3,4,1,8500,4500
483176,2017-08-24T14:58:01Z,50178,1987-01-16,1,2015-10-23,3,1,2,4,2015-03-10,1998-09-10,13,16,2016-01-10,1,1,6,5,,3,4900,1000
483650,2017-08-24T22:05:07Z,28002,1978-08-02,2,1996-12-28,4,0,,4,1999-05-10,1999-05-10,20,24,2016-07-10,10,1,12,5,4,1,9000,1000
483642,2017-08-24T21:55:24Z,52638,1993-03-26,1,2009-05-28,1,1,7,1,2006-03-10,1999-01-10,1,2,2015-05-10,6,1,12,3,,6,5000,2000
486692,2017-08-25T15:23:29Z,65070,1993-03-18,2,2010-01-01,4,0,,1,2010-12-10,2010-12-10,6,8,2016-09-10,5,1,12,2,,6,6000,4500
486208,2017-08-25T10:35:20Z,65139,1988-07-15,2,2005-01-12,2,1,6,3,1994-02-10,1994-02-10,20,24,2010-01-10,7,1,12,6,,6,10000,5000
486471,2017-08-25T13:15:49Z,65195,1976-11-08,1,2011-05-31,4,1,12,5,2010-05-10,2010-05-10,3,4,2013-07-10,4,1,8,1,,6,4000,3000
486678,2017-08-25T15:17:14Z,65234,1996-06-05,2,2012-10-24,4,0,,5,2017-06-10,1996-06-10,3,2,2016-06-10,3,6,2,5,,5,7300,3000
485848,2017-08-25T06:58:18Z,65072,1984-03-30,2,2001-01-22,3,2,1,3,2004-05-10,2004-05-10,1,2,2016-06-10,3,1,3,2,,6,6000,2500
483620,2017-08-24T21:04:50Z,65009,1976-01-02,2,1997-06-12,3,2,0,5,1997-10-10,1997-10-10,13,16,2016-10-10,17,1,6,1,,6,3200,2000
486498,2017-08-25T13:30:00Z,62992,1995-03-14,2,2011-06-17,4,0,,1,2013-05-10,2013-05-10,16,20,1970-01-01,4,5,,,,6,5000,5000
485900,2017-08-25T07:30:39Z,13408,1986-05-28,1,2007-12-27,3,1,7,5,2014-07-10,2014-07-10,15,18,2007-01-10,10,1,4,1,,6,4500,900
486233,2017-08-25T11:02:43Z,65122,1990-09-21,2,2006-11-09,4,1,0,1,1996-09-10,1996-09-10,3,4,2017-03-10,0,1,6,4,11,1,6400,4000
485918,2017-08-25T07:45:34Z,65085,1977-10-02,2,2000-01-26,3,1,14,5,2015-01-10,1986-10-10,18,22,2015-02-10,13,1,12,3,10,1,8000,6500
486014,2017-08-25T08:35:01Z,65094,1993-08-11,1,2009-12-16,1,0,,5,2017-07-10,2017-07-10,21,25,2016-04-10,6,1,12,6,4,1,3500,2500
485923,2017-08-25T07:47:58Z,65089,1995-05-10,2,2011-08-03,4,0,,2,2017-02-10,2017-01-10,8,10,2015-05-10,3,1,1,1,,6,7300,4000
485731,2017-08-25T05:13:20Z,65045,1983-07-18,1,2003-06-11,2,1,13,1,2014-08-10,2002-08-10,3,4,2015-05-10,13,1,8,5,8,1,6000,4000
486149,2017-08-25T10:09:29Z,62593,1961-10-29,1,2000-05-19,3,1,34,5,2010-10-10,2010-10-10,3,4,2017-04-10,35,1,8,2,,6,9200,2500
485836,2017-08-25T06:48:15Z,34533,1990-02-08,1,2013-09-12,3,1,9,5,1990-02-10,1990-02-10,9,11,2012-09-10,10,1,5,6,6,7,12000,7000
483218,2017-08-24T15:43:40Z,53509,1987-11-29,2,2003-11-29,3,1,9,4,2001-04-10,2001-04-10,7,9,2014-07-10,8,1,13,2,1,1,7400,4700
482314,2017-08-24T04:26:44Z,64236,1997-03-25,1,2014-10-15,3,1,2,1,1997-03-10,1997-03-10,3,4,2017-06-10,3,1,5,4,6,2,7000,5500
486617,2017-08-25T14:44:51Z,65212,1988-06-06,2,2004-06-10,4,0,,1,2017-04-10,1993-02-10,8,6,1970-01-01,5,5,,,4,1,12000,5000
482299,2017-08-24T03:56:56Z,64732,1986-08-31,2,2003-08-07,4,0,,5,1993-05-10,1993-05-10,8,10,2010-07-10,14,3,3,6,,6,6500,5000
483061,2017-08-24T13:57:24Z,43983,1984-07-15,1,2000-12-13,3,1,6,5,1984-07-10,1984-07-10,2,3,2006-05-10,10,3,12,6,9,1,15000,5000
482956,2017-08-24T12:33:58Z,64865,1992-06-03,2,2008-07-28,4,0,,1,2001-06-10,2001-06-10,5,7,1970-01-01,2,5,,,9,1,7000,4500
483125,2017-08-24T14:37:11Z,64907,1979-05-18,2,1995-11-10,4,0,,5,2009-05-10,1996-01-10,14,25,2009-05-10,23,1,6,1,11,1,15000,4000
482901,2017-08-24T12:01:00Z,64848,1993-08-24,1,2010-06-03,4,0,,5,2017-04-10,1995-08-10,8,20,2016-06-10,5,1,11,3,4,1,8000,5000
479096,2017-08-23T07:59:22Z,46788,1999-06-17,2,1999-10-07,4,0,,4,2016-12-10,2016-12-10,21,25,1970-01-01,0,4,,,,5,3000,1800
483356,2017-08-24T17:17:21Z,64942,1993-12-27,2,2010-11-23,3,1,1,5,2002-04-10,2002-04-10,8,10,2016-02-10,6,3,3,6,,6,10000,6500
482647,2017-08-24T09:08:24Z,61119,1993-03-25,2,2009-03-31,3,1,1,1,1993-03-10,1993-03-10,11,14,2017-02-10,7,1,6,5,4,2,8000,4000
483424,2017-08-24T17:57:12Z,64961,1965-06-29,1,1998-09-08,2,1,0,5,2015-08-10,2015-08-10,8,10,2015-05-10,27,1,6,3,5,1,12000,10000
483286,2017-08-24T16:15:07Z,50439,1987-08-19,2,2005-08-12,4,0,,1,1994-03-10,1994-03-10,21,25,2013-03-10,10,1,6,1,,6,2700,1300
483045,2017-08-24T13:47:46Z,64889,1994-08-08,2,2010-11-09,4,0,,5,1994-08-10,1994-08-10,16,20,2014-07-10,3,1,6,5,11,1,5000,4000
480164,2017-08-23T18:44:48Z,64684,1992-12-04,2,2009-01-08,3,0,,1,2016-06-10,2016-06-10,10,12,2016-03-10,4,1,2,1,,6,7200,1000
482839,2017-08-24T11:21:32Z,64822,1968-07-05,2,2015-12-26,3,2,0,5,2015-12-10,2015-12-10,8,10,2015-10-10,35,1,11,3,9,7,14000,6000
483086,2017-08-24T14:08:38Z,64899,1988-05-06,2,1988-08-17,4,0,,5,2000-05-10,2000-05-10,8,10,2017-04-10,9,1,7,6,,6,6500,4500
482749,2017-08-24T10:21:26Z,64794,1992-08-20,2,2008-08-20,4,0,,1,1994-02-10,1994-02-10,2,3,1970-01-01,0,5,,,,5,5000,5000
482915,2017-08-24T12:12:16Z,64702,1990-09-21,1,2006-11-27,4,0,,1,2014-03-10,2014-03-10,1,2,2013-09-10,4,3,10,6,3,1,6000,4000
482548,2017-08-24T08:17:12Z,3739,1976-05-24,1,2000-11-23,3,1,20,5,1993-06-10,1993-06-10,18,22,2016-11-10,18,1,12,3,,6,5000,2500
482855,2017-08-24T11:33:04Z,64818,1993-05-21,2,2009-07-21,4,0,,5,1993-05-10,1993-05-10,13,16,2017-02-10,1,1,9,3,,6,5000,5000
482339,2017-08-24T05:16:13Z,62237,1954-06-12,2,2001-04-12,3,2,39,5,2000-03-10,2000-03-10,8,10,1970-01-10,35,2,,,,6,3000,2000
482235,2017-08-24T00:18:13Z,44570,1989-03-05,2,2005-04-22,1,0,,5,1994-03-10,1994-03-10,13,16,2010-06-10,7,1,13,2,11,1,26000,18000
482252,2017-08-24T00:39:21Z,64722,1981-05-02,2,1997-11-12,1,0,,5,1997-12-10,1997-12-10,3,4,2015-01-10,12,1,9,4,10,1,5000,3000
483545,2017-08-24T19:55:28Z,21984,1978-02-26,1,2002-08-15,3,0,,5,2003-12-10,2003-12-10,15,18,1998-03-10,19,1,8,2,,6,4000,1000
482611,2017-08-24T08:53:53Z,64772,1997-02-11,1,2013-02-20,1,1,3,5,1997-02-10,1997-02-10,19,23,2016-05-10,1,1,10,3,,6,4500,2000
483531,2017-08-24T19:40:37Z,64992,1997-01-04,2,2013-02-05,4,0,,5,1997-01-10,1997-01-10,1,2,2017-04-10,2,1,1,5,,6,3354,2000
483372,2017-08-24T17:28:37Z,64956,1978-03-27,1,2001-01-11,3,2,0,1,2002-07-10,2002-07-10,10,12,2017-06-10,20,1,7,3,,6,5000,2500
479098,2017-08-23T08:00:54Z,64480,1986-01-15,2,2002-06-12,4,0,,4,1986-01-10,1986-01-10,18,22,2008-04-10,9,3,11,6,4,1,6000,5000
483603,2017-08-24T20:46:53Z,65004,1986-10-31,1,2007-12-13,3,2,0,5,2013-05-10,2013-05-10,3,4,2011-09-10,11,3,12,6,4,7,10000,5000
483419,2017-08-24T17:54:51Z,64964,1992-06-18,2,2008-11-12,1,0,,5,2016-06-10,2016-06-10,8,10,2016-06-10,3,1,3,4,4,2,12000,10000
482321,2017-08-24T04:43:44Z,64735,1983-03-07,2,2000-01-21,3,1,0,5,1983-03-10,1983-03-10,10,12,2007-09-10,10,1,2,2,4,1,5000,3000
482464,2017-08-24T07:28:04Z,33103,1985-08-29,2,2001-09-20,2,1,5,4,2000-03-10,2000-03-10,3,4,2016-11-10,10,1,6,5,4,1,4500,3800
483361,2017-08-24T17:20:23Z,64954,1985-03-02,1,2001-08-02,4,0,,5,1985-03-10,1985-03-10,6,8,2009-04-10,15,3,11,6,11,1,12000,8000
483501,2017-08-24T19:01:39Z,64974,1983-06-30,1,2015-08-27,3,0,,5,1988-05-10,1988-05-10,6,8,2016-11-10,1,1,12,3,7,1,5200,2100
482509,2017-08-24T07:59:16Z,64754,1993-06-19,2,2010-11-04,4,0,,4,2004-03-10,2004-03-10,6,8,2014-12-10,3,1,1,5,11,2,7500,2000
482767,2017-08-24T10:38:36Z,52881,1995-06-25,2,2011-09-05,4,0,,1,2012-01-10,1995-06-10,8,4,1970-01-01,7,4,,,11,2,6300,1500
482358,2017-08-24T05:42:09Z,64737,1984-06-14,1,2003-01-31,3,2,0,5,2010-06-10,2010-06-10,9,11,2015-11-10,10,1,2,3,10,1,8500,2500
483403,2017-08-24T17:44:15Z,64955,1988-01-08,1,2004-02-19,3,5,7,5,1988-01-10,1988-01-10,19,23,1970-01-01,0,5,,,,6,4726,4000
480290,2017-08-23T21:19:52Z,64709,1962-12-20,2,1996-10-15,3,2,0,5,1990-05-10,1990-05-10,21,25,2017-04-10,28,1,6,3,11,1,3500,800
482304,2017-08-24T04:02:59Z,63847,1981-12-29,2,1999-07-09,4,0,,5,1991-01-10,1991-01-10,16,20,2017-01-10,10,1,2,3,9,1,6000,3000
482810,2017-08-24T10:57:57Z,64793,1995-03-17,2,2011-05-21,3,1,2,1,1995-03-10,1995-03-10,4,6,2017-07-10,1,1,12,3,4,1,10000,4500
482930,2017-08-24T12:18:31Z,64849,1976-07-21,1,1999-04-23,3,0,,1,2010-05-10,2010-05-10,16,20,2003-10-10,15,1,10,2,6,1,3500,3000
480122,2017-08-23T17:54:08Z,17160,1979-02-18,2,1995-10-25,3,1,8,1,2007-08-10,2008-06-10,9,11,2001-10-10,16,1,8,1,,6,3500,1000
480167,2017-08-23T18:48:14Z,64688,1998-06-21,2,2014-08-29,4,0,,4,2009-06-10,2009-06-10,3,4,2017-06-10,2,3,7,6,,6,4000,3500
476996,2017-08-22T23:33:00Z,64431,1978-06-10,2,1999-08-13,3,2,0,1,2001-07-10,2001-07-10,3,4,1996-08-10,21,1,2,1,,5,6000,2000
480043,2017-08-23T16:49:24Z,64649,1991-08-06,2,2007-11-05,4,0,,1,1991-08-10,1991-08-10,18,22,2017-02-10,4,1,12,5,4,1,7000,2000
479262,2017-08-23T09:52:30Z,64515,1989-01-31,2,2006-01-12,4,0,,5,1989-01-10,1989-01-10,6,8,2013-08-10,6,6,6,2,,6,5600,2500
479686,2017-08-23T13:39:22Z,64592,1989-05-24,1,2011-04-12,3,1,0,5,2006-01-10,2006-01-10,23,27,2015-02-10,7,1,12,1,4,1,6400,2000
480113,2017-08-23T17:45:40Z,64664,1993-06-15,2,2009-07-23,4,0,,1,1993-06-10,1993-06-10,3,4,2013-08-10,6,1,3,1,2,1,6500,2500
479933,2017-08-23T15:47:42Z,64637,1993-01-06,2,2009-02-11,4,0,,1,2004-06-10,2004-06-10,3,4,2013-10-10,5,3,7,6,11,1,10000,4000
479949,2017-08-23T15:50:55Z,64638,1996-10-27,1,2015-01-19,4,0,,5,1996-10-10,1996-10-10,5,7,2017-07-10,3,1,5,5,4,1,6000,3000
479260,2017-08-23T09:52:03Z,33731,1974-06-27,2,2001-04-26,3,1,20,4,1995-01-10,1995-01-10,18,22,2016-12-10,17,1,12,1,,6,8500,2750
480208,2017-08-23T19:16:12Z,64686,1988-02-19,1,2010-03-30,2,2,0,5,1988-03-10,1988-03-10,14,17,2010-03-10,8,3,12,6,,5,8000,2000
479300,2017-08-23T10:13:15Z,64524,1990-03-07,2,2006-04-20,4,0,,1,2008-09-10,1990-03-10,14,17,2013-06-10,4,1,7,1,11,1,6500,2000
478981,2017-08-23T06:39:40Z,64458,1979-11-20,1,1996-10-01,1,1,1,5,2001-06-10,2001-06-10,12,15,2009-06-10,20,1,11,4,4,1,6000,1000
479324,2017-08-23T10:28:43Z,29209,1986-08-25,1,2009-12-23,3,3,12,5,2016-05-10,1986-08-10,15,18,2006-03-10,11,6,12,3,,6,8000,3000
480274,2017-08-23T20:58:32Z,64706,1995-05-31,2,2016-06-29,4,0,,5,1996-11-10,1996-11-10,3,4,2017-06-10,2,1,12,2,4,2,8000,6000
480007,2017-08-23T16:33:48Z,64610,1988-02-21,1,2012-12-28,3,1,4,1,2012-01-10,2012-01-10,20,24,2016-08-10,1,1,6,5,6,2,5000,3000
479370,2017-08-23T10:52:37Z,64523,1989-06-10,2,2005-07-20,4,0,,5,2014-07-10,2014-07-10,23,27,2015-11-10,2,3,7,3,8,1,7500,7500
480052,2017-08-23T16:58:18Z,64647,1991-08-25,1,2008-01-16,4,1,0,1,1991-08-10,1991-08-10,22,26,2017-01-10,7,1,10,4,4,1,4200,1000
479651,2017-08-23T13:23:10Z,64585,1996-08-05,2,2012-09-14,4,0,,5,2005-03-10,2005-03-10,23,27,1970-01-01,0,4,,,6,2,2800,2000
479450,2017-08-23T11:44:16Z,64557,1984-07-22,2,2000-08-02,3,0,,1,1998-06-10,1998-06-10,18,22,2015-05-10,2,1,6,1,,6,7000,2000
479073,2017-08-23T07:44:51Z,64416,1987-08-17,2,2003-10-02,2,0,,1,1987-08-10,1987-08-10,8,10,2016-09-10,10,1,12,4,,6,8000,4000
479317,2017-08-23T10:26:05Z,64531,1993-08-27,2,2009-11-28,4,0,,1,1993-08-10,1993-08-10,8,10,2016-05-10,6,1,1,5,,6,7400,4000
479542,2017-08-23T12:37:43Z,64573,1990-02-18,2,2007-02-15,4,0,,1,1990-02-10,1990-02-10,13,16,2010-07-10,7,1,2,5,,6,6000,3000
479749,2017-08-23T14:17:21Z,64602,1977-08-28,1,2005-11-30,3,2,0,5,2008-03-10,2008-03-10,3,4,1970-01-01,6,5,,,,6,5000,3000
479765,2017-08-23T14:21:37Z,64604,1994-12-28,1,2014-09-23,3,0,,1,2013-03-10,2013-03-10,10,12,2016-04-10,4,6,10,5,10,1,4500,3500
479083,2017-08-23T07:51:13Z,64129,1991-03-12,1,2014-07-03,3,1,0,1,2014-06-10,2014-06-10,21,25,2017-03-10,3,6,12,6,,6,5000,2000
475475,2017-08-22T01:52:08Z,64179,1991-05-26,2,2007-06-08,4,0,,5,2001-04-10,2001-04-10,11,14,2014-03-10,4,1,3,4,3,1,5500,2000
476422,2017-08-22T13:20:25Z,63026,1991-10-03,1,2012-01-27,3,1,5,1,1991-10-10,1991-10-10,12,15,2016-09-10,3,1,12,6,8,1,3800,2600
475953,2017-08-22T09:19:42Z,64252,1970-03-26,1,1996-09-04,2,3,0,5,2002-10-10,2002-10-10,19,23,2008-01-10,29,1,5,3,,6,6500,1300
476846,2017-08-22T19:12:12Z,63905,1991-07-19,1,2014-04-04,3,1,0,5,2017-01-10,1991-07-10,18,23,2015-09-10,7,3,11,6,9,1,15000,10000
475998,2017-08-22T09:50:59Z,64267,1978-08-18,2,1995-05-24,2,0,,1,2001-11-10,2001-11-10,18,22,2016-06-10,16,3,3,6,6,1,8000,7000
476176,2017-08-22T11:09:06Z,64286,1993-09-04,2,2009-10-27,4,0,,5,2015-11-10,2015-11-10,5,7,2015-02-10,5,6,3,6,,6,15000,5000
475514,2017-08-22T05:12:23Z,64190,1976-09-02,2,2016-02-26,3,1,1,1,1976-09-10,1976-09-10,20,24,2007-09-10,20,1,10,3,,6,7000,500
476241,2017-08-22T11:51:20Z,64296,1993-06-02,1,2015-02-03,3,1,0,1,1993-06-10,1993-06-10,10,12,2014-05-10,4,1,13,1,10,1,9000,6000
476649,2017-08-22T15:53:56Z,64377,1998-05-04,2,2014-08-02,4,0,,1,2007-04-10,2007-04-10,19,23,1970-01-01,0,4,,,,6,4500,2500
476830,2017-08-22T18:56:12Z,64402,1981-01-20,1,2007-02-01,1,1,9,5,2006-06-10,1981-02-10,8,10,2010-01-10,10,3,11,6,,6,18000,7000
475787,2017-08-22T08:17:54Z,64224,1968-10-27,1,2000-02-25,2,0,0,1,2015-09-10,2015-09-10,9,11,1989-03-10,28,1,8,5,7,1,9000,2500
476439,2017-08-22T13:26:57Z,64329,1997-08-08,2,2013-09-17,4,0,,5,2004-07-10,2004-07-10,13,16,2014-05-10,3,1,6,3,,6,8000,5000
476246,2017-08-22T11:55:14Z,64293,1987-05-30,1,2010-11-18,1,0,,5,1994-02-10,1994-02-10,8,10,2010-04-10,11,1,12,3,2,2,8000,5000
475749,2017-08-22T08:05:25Z,64213,1991-12-04,1,2016-01-14,3,0,,3,2011-01-10,1991-12-10,8,10,2017-03-10,7,1,5,5,,6,7000,3000
475727,2017-08-22T07:52:11Z,39571,1968-03-17,1,2002-06-05,4,0,,5,1990-07-10,1990-07-10,21,25,2005-04-10,27,3,12,6,4,1,5000,2000
476275,2017-08-22T12:10:51Z,64305,1982-05-18,2,1998-06-06,2,1,11,1,1994-06-10,1994-06-10,11,14,2016-10-10,18,1,10,4,11,1,4000,3000
476795,2017-08-22T18:08:16Z,64397,1994-10-11,2,2011-03-03,4,0,,1,2016-01-10,1994-10-10,4,6,2014-07-10,3,1,6,5,5,1,10000,8000
475541,2017-08-22T06:02:29Z,64198,1997-12-15,2,2014-01-29,4,0,,3,2015-08-10,2015-08-10,3,4,2016-05-10,2,6,13,6,10,2,1300,1000
473583,2017-08-21T21:46:13Z,64169,1991-03-17,1,2007-05-17,4,0,,1,1991-03-10,1991-03-10,21,25,2015-06-10,2,1,2,6,9,1,3200,1800
475536,2017-08-22T05:58:22Z,64196,1995-12-16,2,2012-06-21,4,0,,1,2000-12-10,2000-12-10,3,4,2015-09-10,2,1,13,5,,6,5200,2500
476840,2017-08-22T19:09:06Z,64405,1995-01-08,2,2011-02-10,4,0,,1,2000-03-10,2000-03-10,9,11,2017-05-10,4,1,12,4,,6,6800,5500
473529,2017-08-21T19:48:48Z,60869,1995-03-01,2,2013-04-30,4,0,,1,2015-08-10,2015-08-10,18,22,2016-11-10,1,3,4,6,10,2,4500,3500
476777,2017-08-22T17:49:06Z,64386,1985-01-10,2,2002-07-07,3,1,0,1,2012-09-10,2005-02-10,13,5,2016-04-10,12,1,13,6,,5,12000,9000
475720,2017-08-22T07:45:55Z,56777,1991-04-27,1,2015-01-16,3,1,2,1,1991-04-10,1991-04-10,3,4,2013-09-10,3,1,10,1,4,2,3200,2500
476548,2017-08-22T14:49:25Z,19966,1986-04-01,2,2002-04-18,4,0,,1,2016-11-10,1993-01-10,15,18,2014-12-10,10,1,13,3,10,1,8000,4000
475738,2017-08-22T08:01:13Z,64223,1989-12-08,2,2006-01-16,3,1,4,1,2004-03-10,2004-03-10,1,2,2008-09-10,9,1,2,5,,6,8000,3500
475672,2017-08-22T07:30:19Z,64218,1995-05-01,2,2011-06-20,4,0,,2,2012-10-10,2012-10-10,13,16,2016-04-10,4,3,7,6,11,1,30000,15000
476289,2017-08-22T12:18:13Z,64303,1972-05-08,2,1997-12-01,3,0,,5,1998-06-10,1998-06-10,13,16,2017-02-10,1,6,13,5,1,2,10000,3000
473270,2017-08-21T16:28:05Z,63843,1981-05-20,1,2001-01-12,1,0,,1,2001-01-10,2001-01-10,14,17,2014-10-10,15,1,2,5,4,2,5850,1600
473120,2017-08-21T14:50:00Z,64065,1970-09-26,1,2010-10-31,2,0,0,5,2002-09-10,2002-09-10,6,8,2006-04-10,27,1,2,5,11,1,14000,5000
473145,2017-08-21T14:59:47Z,64074,1993-06-15,1,2015-07-21,3,1,1,5,1999-02-10,1999-02-10,18,22,2015-01-10,2,3,12,6,10,1,7000,5000
473301,2017-08-21T16:55:27Z,64100,1982-07-17,1,2003-07-31,3,2,0,5,2010-12-10,2010-12-10,16,20,2015-07-10,7,3,12,6,,6,3000,2000
473300,2017-08-21T16:55:26Z,64099,1989-10-13,2,2005-10-13,4,0,,1,2015-04-10,2012-01-10,4,25,1970-01-01,6,5,,,2,1,15000,5000
469271,2017-08-20T07:22:27Z,43557,1995-05-29,1,2013-02-01,4,0,,1,2000-05-10,2000-05-10,13,16,2016-07-10,4,1,2,4,,6,7000,1000
473092,2017-08-21T14:32:53Z,23172,1989-03-04,1,2010-03-23,4,1,5,5,2016-12-10,2016-12-10,5,7,2008-05-10,10,1,2,1,4,1,8000,4000
466641,2017-08-19T12:44:02Z,63460,1987-06-02,2,2003-08-13,5,0,,1,1987-06-10,1987-06-10,9,11,2007-10-10,12,1,2,1,,5,6800,800
472705,2017-08-21T10:43:05Z,62429,1983-05-31,2,2015-07-14,4,0,,5,1988-08-10,1988-08-10,13,16,2014-05-10,14,3,13,3,4,1,25000,10000
472488,2017-08-21T08:59:59Z,63945,1989-06-09,2,2006-06-20,3,1,0,5,1989-06-10,1989-06-10,14,17,2014-08-10,4,3,3,6,9,7,3800,3000
469906,2017-08-20T15:00:53Z,51520,1979-06-15,1,2014-11-19,3,1,1,3,1979-06-10,1979-06-10,8,10,2004-06-10,17,1,2,1,9,1,10000,3000
472424,2017-08-21T08:26:50Z,63937,1980-07-27,1,2016-04-28,3,0,,1,2015-05-10,1997-01-10,8,11,2015-06-10,7,1,6,5,4,2,9000,8000
472125,2017-08-21T03:36:14Z,63884,1993-04-04,2,2009-12-02,4,0,,5,2002-03-10,2002-03-10,17,21,2013-10-10,4,6,6,3,4,7,5000,3000
473359,2017-08-21T17:27:28Z,64111,1995-02-19,1,2011-02-28,4,0,,1,2017-05-10,1995-02-10,14,17,2017-07-10,3,1,12,1,6,1,6000,4000
470102,2017-08-20T19:11:46Z,63850,1977-03-04,2,2003-12-18,3,2,0,5,2013-12-10,2011-07-10,8,15,2013-12-10,22,1,1,1,1,1,11600,5000
472417,2017-08-21T08:16:40Z,63434,1983-12-31,2,2001-03-02,4,0,,5,2001-03-10,2001-03-10,3,4,2015-04-10,13,1,11,6,3,1,16000,8000
472084,2017-08-21T00:39:56Z,63880,1993-09-05,2,2009-12-09,4,0,,5,1993-09-10,1993-09-10,17,21,2012-07-10,5,6,6,6,,6,4500,3000
472149,2017-08-21T04:44:05Z,63891,1988-08-28,1,2005-07-06,3,3,11,5,2012-08-10,2012-08-10,3,4,2013-07-10,9,1,12,6,,5,4700,2000
473082,2017-08-21T14:26:34Z,64054,1994-03-18,1,2013-10-03,3,1,3,5,2000-09-10,2000-09-10,3,4,2017-01-10,1,3,12,6,10,2,5000,4000
472770,2017-08-21T11:35:35Z,63997,1991-08-23,2,2008-02-12,4,0,,1,1991-08-10,1991-08-10,15,18,2015-05-10,6,1,3,2,2,2,12000,8000
472233,2017-08-21T06:28:21Z,62613,1983-01-03,1,1999-03-02,4,0,,5,2010-01-10,2010-01-10,8,10,2013-01-10,10,1,12,5,4,1,7000,6000
472952,2017-08-21T13:05:16Z,64031,1993-01-12,2,2009-07-22,4,0,,1,1993-01-10,1993-01-10,14,17,2017-05-10,6,1,12,4,4,1,8000,3000
473451,2017-08-21T18:27:35Z,64135,1987-11-07,1,2004-04-22,4,1,0,5,2000-09-10,2000-09-10,10,12,2014-09-10,3,3,12,6,,6,5000,2500
469603,2017-08-20T11:12:15Z,62948,1998-01-05,2,2014-02-25,4,0,0,5,2003-09-10,2003-09-10,19,23,2013-01-10,4,4,,,6,2,4500,3500
469765,2017-08-20T13:03:46Z,63766,1992-07-05,2,2017-08-02,4,0,,1,2008-10-10,2008-10-10,6,8,2017-03-10,1,1,4,4,,6,6000,4750
470074,2017-08-20T18:51:33Z,63774,1987-06-13,2,2003-07-31,4,0,,3,1987-06-10,1987-06-10,2,3,2013-05-10,112,1,2,1,9,1,7500,4000
469473,2017-08-20T09:46:56Z,63643,1979-09-27,2,1996-01-04,4,0,,5,2016-03-10,1979-09-10,12,5,2017-01-10,22,1,6,3,9,1,12000,4300
470000,2017-08-20T17:06:32Z,63836,1998-07-18,1,2014-08-13,4,0,,1,2017-05-10,2015-09-10,13,16,2016-09-10,1,1,5,2,6,2,6000,5000
469302,2017-08-20T07:41:03Z,63184,1988-11-06,1,2011-03-09,3,1,1,1,2008-09-10,2008-09-10,20,24,2017-03-10,8,6,12,6,,6,4500,1500
469331,2017-08-20T08:02:03Z,63632,1977-12-03,2,2009-12-10,3,1,7,5,2015-09-10,2014-11-10,14,17,2013-02-10,15,1,4,3,10,2,4500,1500
469367,2017-08-20T08:28:38Z,63633,1981-04-07,2,1998-01-26,1,1,7,4,2016-01-10,2016-01-10,3,4,2016-01-10,15,1,6,2,11,2,7000,3000
469379,2017-08-20T08:35:36Z,63318,1989-02-25,2,2006-03-16,4,0,,5,1989-02-10,1989-02-10,10,12,2014-03-10,11,1,6,5,,6,5000,3500
469386,2017-08-20T08:40:48Z,63635,1987-03-16,1,2007-07-21,4,1,1,5,2000-09-10,2000-09-10,8,10,2015-05-10,7,1,8,5,4,1,4000,3500
469448,2017-08-20T09:33:07Z,63662,1989-08-07,2,2013-10-15,4,0,,5,2016-09-10,1989-08-10,8,14,2017-03-10,6,6,13,5,4,2,7000,4000
469485,2017-08-20T09:53:31Z,63672,1989-06-19,2,2006-07-20,3,1,2,1,1993-05-10,1993-05-10,8,10,2013-03-10,7,1,6,3,5,2,9000,2000
469613,2017-08-20T11:21:36Z,59657,1993-04-05,2,2009-06-25,3,1,1,1,2009-06-10,2009-06-10,21,25,1970-01-01,0,5,,,,6,6000,4000
469754,2017-08-20T12:59:10Z,63760,1989-05-22,2,2006-05-31,4,0,,4,1993-01-10,1993-01-10,23,27,2016-08-10,6,1,12,3,3,1,6000,2000
469806,2017-08-20T13:38:32Z,63786,1997-03-25,2,2013-11-23,4,0,,1,1997-03-10,1997-03-10,4,6,2017-04-10,3,1,2,5,9,1,9000,3000
469817,2017-08-20T13:41:26Z,2025,1990-09-29,1,2007-06-15,4,1,4,1,2002-07-10,2002-07-10,9,11,2012-12-10,6,1,6,5,4,1,6500,1200
469909,2017-08-20T15:03:50Z,63818,1993-08-22,2,2009-10-31,4,0,,2,1993-08-10,1993-08-10,19,23,2015-10-10,2,1,12,1,10,4,7000,2500
470008,2017-08-20T17:16:48Z,63842,1992-10-03,1,2008-12-24,4,0,,1,2009-04-10,2009-04-10,3,4,2016-02-10,0,3,12,6,4,1,8000,2888
470086,2017-08-20T19:05:57Z,54388,1991-01-15,2,2014-11-29,4,0,,5,1991-01-10,1991-01-10,18,22,2012-07-10,5,1,12,2,4,1,8000,3500
470104,2017-08-20T19:21:11Z,63855,1987-09-18,2,2004-06-15,1,2,0,1,1987-09-10,1987-09-10,6,8,2008-03-10,0,1,3,6,,5,10000,6000
470115,2017-08-20T19:41:26Z,40389,1989-11-19,1,2006-03-28,4,0,,5,2010-08-10,2010-08-10,15,18,2013-08-10,6,6,7,5,,6,4000,3500
470122,2017-08-20T19:48:05Z,63859,1984-08-22,1,2006-01-20,4,0,,5,2014-08-10,2014-08-10,4,6,2015-01-10,11,1,13,3,4,1,13520,7300
466165,2017-08-19T08:51:45Z,63241,1978-05-25,2,2002-12-10,4,0,,5,1978-05-10,1978-05-10,3,4,2005-05-10,12,1,6,5,11,1,20000,5000
466268,2017-08-19T09:55:21Z,63361,1979-09-23,2,1996-04-22,4,0,,3,2017-01-10,2017-01-10,20,24,2017-02-10,15,1,6,2,3,1,6000,2000
466363,2017-08-19T10:44:30Z,63388,1988-01-15,2,2004-10-29,4,0,,5,1988-01-10,1988-01-10,21,25,2016-05-10,1,1,12,6,,6,12000,10000
466160,2017-08-19T08:49:31Z,63340,1962-12-04,1,2001-12-20,2,0,,5,1980-11-10,1980-11-10,8,10,2008-08-10,30,1,2,5,3,1,7000,2500
466468,2017-08-19T11:31:48Z,63414,1984-07-29,2,2001-05-17,4,1,14,5,1984-07-10,1984-07-10,6,8,2010-10-10,12,1,10,1,6,1,7000,6000
466248,2017-08-19T09:43:14Z,63354,1993-09-29,1,2010-01-05,3,1,0,5,2016-12-10,1993-09-10,23,27,2016-08-10,1,1,5,5,4,1,5000,1000
464033,2017-08-18T21:18:45Z,63251,1981-02-16,2,1998-04-03,2,1,11,1,1981-03-10,1981-03-10,3,4,2008-09-10,9,1,10,1,10,1,7000,2000
467175,2017-08-19T19:44:51Z,50240,1993-03-28,1,2009-07-28,4,0,,1,1993-03-10,1993-03-10,17,21,2011-05-10,6,1,12,6,4,1,7000,1000
466187,2017-08-19T09:06:51Z,62981,1986-06-01,2,2003-05-23,4,0,,1,1986-06-10,1986-06-10,17,21,1970-01-01,12,5,,,4,2,7000,1700
466390,2017-08-19T11:00:39Z,21774,1976-02-22,2,1998-01-20,4,0,,5,2006-11-10,2006-11-10,21,25,1970-01-01,5,2,,,,5,3000,3000
467032,2017-08-19T17:04:59Z,63546,1988-05-02,2,2005-01-25,3,1,2,4,2005-04-10,2005-04-10,3,4,2012-06-10,9,1,12,1,,6,9500,2000
466222,2017-08-19T09:30:22Z,63315,1973-05-09,2,1999-03-12,4,1,18,1,2000-07-10,2000-07-10,19,23,2011-07-10,20,1,12,2,5,2,15000,4000
466448,2017-08-19T11:27:06Z,52365,1991-08-12,1,2008-11-19,4,0,,1,2009-08-10,1991-08-10,8,11,2013-09-10,7,3,12,6,4,1,8000,7000
466861,2017-08-19T14:18:19Z,27800,1991-01-28,2,2007-05-10,4,0,,3,2002-01-10,2002-01-10,21,25,2015-01-10,2,1,12,6,4,1,3200,1200
466896,2017-08-19T15:15:11Z,63486,1985-05-30,1,2010-07-28,3,1,11,5,1985-05-10,1985-05-10,8,10,2016-04-10,1,1,12,6,4,1,4600,3000
467139,2017-08-19T19:23:31Z,32709,1982-03-16,2,2002-08-30,1,1,6,5,1982-03-10,1982-03-10,3,4,2016-12-10,10,1,12,5,9,7,8000,3600
466313,2017-08-19T10:19:01Z,63371,1994-06-15,1,2012-12-26,3,2,0,4,2010-09-10,2010-09-10,9,11,2016-04-10,3,3,12,6,,6,7000,4000
466610,2017-08-19T12:32:04Z,63448,1995-06-30,2,2011-08-09,4,0,,5,2001-06-10,2001-06-10,3,4,2016-01-10,5,1,4,2,4,1,7500,3500
466196,2017-08-19T09:11:21Z,63345,1984-02-22,2,2000-04-17,4,0,,1,2016-10-10,2016-10-10,3,4,2011-11-10,6,1,13,1,11,1,6000,1000
466637,2017-08-19T12:43:45Z,36431,1989-11-25,1,2013-06-19,2,1,0,1,2013-09-10,2013-05-10,10,12,2014-03-10,0,3,12,6,6,2,4500,2500
466537,2017-08-19T12:00:36Z,63418,1991-07-09,2,2007-11-06,4,0,,5,2016-09-10,1991-07-10,10,12,2012-11-10,4,1,2,1,4,1,4000,2500
466936,2017-08-19T15:36:50Z,63525,1988-02-14,2,2004-07-01,3,1,10,3,2014-09-10,1988-02-10,8,6,2014-02-10,11,1,12,6,4,1,22000,20000
467077,2017-08-19T17:33:14Z,63437,1989-02-17,2,2005-02-17,4,0,,1,2010-01-10,2010-01-10,11,14,2015-03-10,10,6,3,3,,6,6000,4500
466617,2017-08-19T12:34:53Z,63459,1994-02-07,2,2010-02-03,4,0,,4,2014-06-10,2013-10-10,21,25,2015-11-10,6,1,2,4,9,2,9500,3500
466503,2017-08-19T11:44:40Z,63425,1991-01-10,2,2007-02-22,4,0,,5,1991-01-10,1991-01-10,15,18,2017-04-10,7,1,12,4,2,1,17000,13000
466458,2017-08-19T11:30:02Z,33506,1993-12-04,2,2010-01-16,4,0,,1,1993-12-10,1993-12-10,20,24,1970-01-01,3,4,,,6,1,5000,3500
467146,2017-08-19T19:26:14Z,50289,1991-08-30,1,2007-11-02,4,0,,1,2007-11-10,2007-11-10,13,16,2013-08-10,6,1,11,3,4,1,26000,3500
466467,2017-08-19T11:31:44Z,43916,1965-08-08,2,2000-03-22,2,1,0,5,1968-07-10,1968-07-10,9,11,2007-03-10,30,1,12,6,,6,9000,3000
466980,2017-08-19T16:11:28Z,7928,1986-10-12,1,2009-12-18,3,1,6,1,2009-12-10,2009-12-10,13,16,2007-03-10,10,1,11,2,4,1,25000,3000
466597,2017-08-19T12:26:52Z,63453,1981-09-14,1,2005-03-24,3,2,0,1,2007-07-10,2007-07-10,16,20,2017-08-10,10,1,5,6,4,1,10000,5000
462527,2017-08-18T04:43:24Z,62897,1978-10-13,2,1996-09-06,3,1,0,1,2001-12-10,2001-12-10,11,14,1970-01-01,18,5,,,11,1,6000,1500
462875,2017-08-18T09:48:20Z,59510,1979-07-18,2,1995-10-26,4,0,,5,1997-02-10,1997-02-10,18,22,2008-01-10,16,3,12,6,11,1,11500,3000
462951,2017-08-18T10:21:57Z,63000,1992-12-20,1,2015-07-09,4,0,,5,2009-01-10,2009-01-10,3,4,2015-08-10,4,1,12,1,4,2,4800,1600
462794,2017-08-18T08:36:07Z,62955,1994-01-12,2,2010-03-24,4,0,,1,2010-10-10,2010-10-10,8,10,1970-01-01,1,4,,,9,1,6000,4500
462620,2017-08-18T06:27:54Z,62915,1993-07-15,2,2009-08-06,4,0,,1,2015-06-10,2015-06-10,8,10,2015-06-10,2,1,7,5,11,1,10000,3000
463876,2017-08-18T18:33:40Z,63161,1975-12-10,2,1998-05-12,4,0,,5,2012-03-10,2012-03-10,18,22,2016-11-10,12,3,10,3,11,1,4000,3000
463274,2017-08-18T13:12:04Z,63092,1992-12-27,1,2014-09-19,3,0,0,5,1996-11-10,1996-11-10,20,24,2014-10-10,12,1,5,1,4,1,8400,4000
463564,2017-08-18T14:57:24Z,63148,1985-04-22,2,2002-05-15,3,1,2,1,2014-04-10,2014-04-10,2,3,1970-01-01,8,5,,,,6,3000,1000
463461,2017-08-18T14:17:18Z,63130,1991-02-12,2,2007-06-20,3,1,1,4,2012-03-10,1991-02-10,8,5,2014-09-10,5,1,6,3,4,1,30000,20000
463393,2017-08-18T13:49:06Z,5897,1991-12-27,2,2009-04-03,3,1,9,1,2014-08-10,1991-12-10,8,13,2015-10-10,9,1,13,4,,6,16000,6000
463161,2017-08-18T12:18:36Z,34408,1990-02-03,2,2011-11-12,3,2,3,3,2000-11-10,2000-11-10,17,21,2015-02-10,10,1,13,6,4,2,10000,5000
463340,2017-08-18T13:32:44Z,63114,1990-03-03,2,2006-07-12,3,1,1,5,1993-09-10,1993-09-10,3,4,2011-03-10,5,1,13,3,10,2,6000,5000
463796,2017-08-18T17:16:21Z,52461,1983-04-01,2,1999-11-23,2,0,,5,1983-04-10,1983-04-10,8,10,2016-08-10,14,1,11,4,6,2,10000,7000
463125,2017-08-18T12:08:26Z,63066,1985-07-01,1,2009-08-26,3,2,10,1,2014-06-10,2011-11-10,21,5,2015-09-10,9,1,10,5,6,1,6000,6000
462480,2017-08-18T01:28:49Z,62878,1984-12-05,2,2001-12-19,2,0,,5,1984-12-10,1984-12-10,14,17,2014-06-10,5,3,13,6,,6,3800,3000
463229,2017-08-18T12:54:17Z,63088,1991-08-07,1,2007-08-23,4,0,,1,2017-07-10,2011-08-10,8,10,2015-09-10,5,3,10,5,,6,6000,4500
463375,2017-08-18T13:44:39Z,10397,1983-11-28,2,1999-12-23,4,0,,5,1990-09-10,1990-09-10,6,8,2017-04-10,11,3,7,6,11,2,8000,3000
462848,2017-08-18T09:26:15Z,62378,1950-10-23,1,2001-01-12,5,1,44,5,1981-12-10,1981-12-10,7,9,1970-01-01,30,2,,,10,1,4500,1200
464001,2017-08-18T20:31:54Z,63249,1980-05-31,1,2001-12-05,2,2,0,5,1999-06-10,1999-06-10,12,15,2009-02-10,8,3,8,6,9,2,10000,5000
463559,2017-08-18T14:56:24Z,63141,1998-08-05,2,2014-10-22,3,0,,1,2017-08-10,2017-08-10,3,4,2017-08-10,1,1,6,4,,6,4000,1500
463948,2017-08-18T19:35:00Z,43710,1992-02-26,2,2008-06-13,4,0,,5,1999-07-10,1999-07-10,3,4,2014-10-10,2,1,12,1,11,2,6500,4000
463097,2017-08-18T11:52:10Z,63047,1979-05-29,2,1995-10-26,4,0,,5,2016-04-10,2016-04-10,14,17,2014-05-10,15,1,12,2,,6,4500,2500
462739,2017-08-18T08:04:08Z,62941,1993-05-06,2,2010-02-07,4,0,,3,1993-05-10,1993-05-10,13,16,2014-08-10,5,3,7,6,4,7,40000,7000
463373,2017-08-18T13:43:45Z,63113,1981-05-02,1,2012-08-30,2,2,14,5,1986-10-10,1986-10-10,3,4,2015-02-10,8,3,8,6,4,1,4500,2700
463047,2017-08-18T11:24:34Z,57921,1995-10-05,1,1995-12-05,4,0,,5,2013-09-10,2013-09-10,13,16,2015-10-10,4,1,7,2,11,1,8000,5000
463482,2017-08-18T14:25:52Z,63128,1991-06-15,2,2007-06-27,4,0,,5,2010-02-10,2010-02-10,11,14,2017-01-10,0,1,12,2,,5,5000,2500
464012,2017-08-18T20:34:49Z,63246,1986-05-14,1,2012-02-14,3,0,,5,1986-05-10,1986-05-10,11,14,2014-04-10,10,1,12,3,,6,7000,3200
463737,2017-08-18T16:41:44Z,63191,1992-06-04,2,2008-07-09,1,0,,4,2003-03-10,2003-03-10,10,12,2016-06-10,1,1,2,3,11,1,13000,5000
460657,2017-08-17T23:34:59Z,62868,1991-03-02,2,2007-04-05,4,0,,5,1994-04-10,1994-04-10,18,22,2012-03-10,6,1,6,5,4,1,6500,2300
460663,2017-08-17T23:47:11Z,62875,1985-03-15,1,2009-02-06,2,1,0,5,2016-03-10,2016-03-10,5,7,2015-12-10,2,1,6,5,,6,12000,3500
460164,2017-08-17T14:42:31Z,62762,1987-04-01,2,2004-03-16,4,0,0,5,2004-03-10,2004-03-10,21,25,2014-03-10,12,3,12,6,,5,6500,2900
459766,2017-08-17T11:08:48Z,62672,1998-04-23,2,2014-07-22,4,0,,6,2015-10-10,2015-10-10,12,15,2016-02-10,2,1,12,6,4,1,5000,3000
459541,2017-08-17T08:50:30Z,875,1981-07-15,2,1997-10-08,3,1,7,4,1997-10-10,1997-10-10,9,11,2014-01-10,10,1,12,6,4,1,10000,6000
460157,2017-08-17T14:40:19Z,62755,1989-07-20,2,2006-09-28,4,0,,5,1989-07-10,1989-07-10,8,10,2011-09-10,9,1,11,2,6,1,12000,6000
459577,2017-08-17T09:18:45Z,62636,1994-07-08,2,2010-11-04,4,0,,1,2004-02-10,2004-02-10,3,4,2016-06-10,1,3,8,1,7,2,10000,5000
459830,2017-08-17T11:46:39Z,61984,1985-03-31,2,2014-01-30,4,0,,3,2013-09-10,2013-09-10,8,10,2012-05-10,10,1,11,6,9,7,15800,7000
460064,2017-08-17T13:35:39Z,62729,1992-05-03,2,2009-02-11,3,0,,3,1992-05-10,1992-05-10,5,7,2015-09-10,3,1,10,1,10,2,3000,2000
459210,2017-08-17T05:26:26Z,62582,1989-08-29,1,2005-10-06,3,1,3,5,2014-08-10,1989-08-10,3,12,2013-07-10,9,1,6,5,,6,6700,5000
457282,2017-08-16T22:16:21Z,62556,1987-02-22,2,2004-10-28,4,0,,5,1987-02-10,1987-02-10,19,23,2012-05-10,13,1,11,3,,6,10000,5000
460210,2017-08-17T15:02:30Z,62769,1985-01-20,1,2014-10-10,3,2,0,5,1985-01-10,1985-01-10,6,8,2012-08-10,5,1,2,6,9,1,10000,4500
459197,2017-08-17T05:17:11Z,47309,1986-05-21,2,2002-06-12,4,0,,1,2006-06-10,2004-05-10,8,17,2006-09-10,11,1,2,5,9,1,9600,4000
459502,2017-08-17T08:30:39Z,62604,1972-04-28,2,2001-06-12,3,2,0,5,2010-10-10,2010-10-10,18,22,2017-02-10,22,1,12,6,11,7,7000,3700
459748,2017-08-17T10:59:48Z,62666,1981-01-15,1,1997-02-19,2,2,0,1,2005-05-10,2005-05-10,14,17,2002-09-10,15,1,10,1,6,1,4000,3500
459754,2017-08-17T11:02:20Z,62677,1991-09-07,1,2010-12-23,3,2,5,5,2011-07-10,2011-07-10,13,16,2013-08-10,4,1,10,2,6,1,6000,3000
457135,2017-08-16T19:06:34Z,2167,1983-09-06,2,2000-11-27,4,0,,4,2007-11-10,1983-10-10,14,17,2010-06-10,15,1,2,5,,6,12400,3800
459821,2017-08-17T11:40:16Z,62692,1965-09-03,1,2002-09-03,2,2,0,5,2006-04-10,2006-04-10,6,8,2000-09-10,33,1,2,3,4,1,9000,1000
459627,2017-08-17T09:42:49Z,39146,1988-02-26,2,2006-02-02,4,0,,5,1990-12-10,1990-12-10,6,8,2011-04-10,6,1,12,3,,6,2500,800
459550,2017-08-17T08:54:17Z,62633,1990-03-21,2,2006-04-22,1,0,,1,1990-03-10,1990-03-10,6,8,2017-03-10,9,1,11,4,,5,7000,4000
459893,2017-08-17T12:12:22Z,29901,1989-08-01,2,2005-11-30,4,0,,1,1999-05-10,1999-05-10,20,24,2011-09-10,6,1,10,3,6,1,7000,2500
460196,2017-08-17T14:58:03Z,15554,1977-10-24,2,1996-06-10,4,0,,5,1998-01-10,1998-01-10,13,16,2008-03-10,16,3,13,6,4,1,12000,4000
460320,2017-08-17T16:38:57Z,62800,1990-10-14,2,2007-01-15,4,0,,3,1990-10-10,1990-10-10,7,9,2010-01-10,0,3,3,3,11,1,7000,3000
460558,2017-08-17T20:10:25Z,62847,1992-08-26,1,2016-07-14,3,1,1,1,2016-11-10,2016-06-10,1,24,2015-09-10,2,1,10,3,8,1,1500,800
456575,2017-08-16T13:02:35Z,62417,1995-12-04,2,2011-12-12,4,0,,3,1999-09-10,1999-09-10,1,2,2015-09-10,2,1,7,4,11,1,5000,32000
459460,2017-08-17T08:09:51Z,62615,1991-06-04,2,2008-02-22,4,0,,1,1991-06-10,1991-06-10,12,15,2015-11-10,2,1,6,3,11,1,5000,3000
459587,2017-08-17T09:26:45Z,62638,1992-07-24,2,2008-09-24,4,0,,5,1992-08-10,1992-08-10,18,22,2017-01-10,8,1,2,1,,6,5700,2000
459301,2017-08-17T06:39:23Z,62546,1991-02-20,1,2015-01-27,3,0,,1,2014-02-10,1991-02-10,16,20,1970-01-01,3,5,,,10,1,10000,6000
460062,2017-08-17T13:34:14Z,62724,1996-01-30,2,2012-04-27,4,0,,1,2017-06-10,1996-01-10,3,4,2017-03-10,1,1,2,5,9,1,10000,5000
456109,2017-08-16T09:34:27Z,62314,1994-01-08,1,2015-08-07,4,0,,1,2005-03-10,2005-03-10,18,22,2015-03-10,2,3,4,6,6,1,4000,3800
455731,2017-08-16T06:15:24Z,45247,1994-07-08,2,2010-11-05,4,0,,5,2015-02-10,2015-02-10,2,3,2017-03-10,2,1,6,5,11,1,55000,3500
456633,2017-08-16T13:27:01Z,62423,1988-12-19,2,2005-02-03,1,0,,4,1988-12-10,1988-12-10,10,12,2012-02-10,8,1,12,6,11,1,7000,4500
456178,2017-08-16T10:04:45Z,62342,1993-10-25,2,2009-11-27,4,0,,1,1993-10-10,1993-10-10,8,10,2017-03-10,1,3,11,6,10,1,5000,3000
453752,2017-08-15T22:53:28Z,39831,1990-09-20,2,2008-07-30,4,0,,1,1990-09-10,1990-09-10,3,4,2017-02-10,6,1,13,5,,6,1900,2000
456910,2017-08-16T16:11:14Z,62416,1991-10-18,2,2007-12-20,1,1,1,1,2015-04-10,1991-12-10,8,10,2017-03-10,4,1,12,1,11,2,8250,4500
456983,2017-08-16T17:15:41Z,61838,1994-12-31,2,2011-04-05,4,0,,3,2011-09-10,2011-09-10,4,6,2016-04-10,3,1,1,5,11,2,7200,3500
455679,2017-08-16T05:41:59Z,62247,1974-08-12,2,2000-04-19,2,1,0,5,1975-01-10,1975-01-10,13,16,2007-03-10,15,1,11,1,6,1,9000,1500
456285,2017-08-16T11:09:48Z,62365,1997-01-10,1,2015-03-11,3,1,2,5,2016-04-10,2006-11-10,23,27,2016-10-10,1,1,12,2,,6,3500,2000
455696,2017-08-16T05:46:45Z,62250,1984-10-28,2,2012-11-22,3,2,6,5,2011-08-10,1984-10-10,13,16,2015-11-10,2,1,13,5,,6,10000,7500
456013,2017-08-16T08:42:39Z,62313,1985-02-25,1,2002-04-11,2,0,,1,1985-02-10,1985-02-10,6,8,2015-04-10,10,3,7,6,,6,4000,3000
456144,2017-08-16T09:45:46Z,39727,1979-09-19,2,1996-02-13,4,0,,2,1979-09-10,1979-09-10,4,6,1970-01-01,7,2,,,7,2,2000,200
457080,2017-08-16T18:45:28Z,62522,1995-05-06,2,2011-05-10,3,0,,4,2017-02-10,2017-02-10,23,27,2015-06-10,2,1,2,2,9,1,9000,7500
456902,2017-08-16T16:09:31Z,61085,1994-05-20,2,2010-07-28,4,0,,5,2001-05-10,2001-05-10,8,10,2014-08-10,3,3,7,4,4,2,8500,4000
455628,2017-08-16T04:58:20Z,62099,1988-11-05,2,2006-10-19,3,1,3,2,2012-03-10,2012-03-10,18,22,2017-06-10,11,1,13,1,,5,18000,7000
456021,2017-08-16T08:50:00Z,58581,1986-05-27,1,2015-05-22,2,0,,1,2011-08-10,2011-08-10,13,16,2016-10-10,10,1,3,4,4,1,16000,6000
456141,2017-08-16T09:44:24Z,62322,1992-01-28,2,2008-07-08,4,0,,5,2013-03-10,2013-03-10,4,6,2017-02-10,1,1,5,5,,6,3800,500
456004,2017-08-16T08:36:27Z,62307,1992-01-25,2,2008-02-14,2,1,1,2,2008-03-10,2008-03-10,7,9,2014-02-10,5,1,7,6,4,1,10000,5000
456593,2017-08-16T13:09:51Z,62420,1998-08-01,1,1998-09-30,4,0,,5,2009-12-10,2009-12-10,3,4,1970-01-01,0,4,,,,6,3000,2000
456646,2017-08-16T13:29:01Z,11537,1987-06-05,1,2003-11-27,4,0,,1,1987-06-10,1987-06-10,3,4,2011-10-10,10,1,13,6,,6,9200,3000
456501,2017-08-16T12:21:47Z,24835,1993-01-17,2,2009-02-16,4,0,,6,2010-09-10,2010-09-10,8,10,2013-02-10,4,1,5,2,9,1,40000,30000
456957,2017-08-16T17:00:03Z,62107,1995-01-26,2,2015-01-16,4,0,,5,1995-01-10,1995-01-10,12,15,2016-03-10,3,3,3,6,11,2,8000,8000
457175,2017-08-16T19:43:02Z,62511,1993-09-24,1,2014-06-06,3,1,2,1,2010-03-10,2010-03-10,3,4,2016-09-10,6,1,5,5,5,1,8000,2000
456139,2017-08-16T09:43:30Z,62203,1980-09-04,2,2010-10-17,4,0,,1,2014-08-10,2014-08-10,16,20,2016-11-10,0,6,12,3,4,2,10000,5000
455765,2017-08-16T06:32:03Z,62238,1984-09-29,2,2016-06-02,4,0,,5,1993-01-10,1993-01-10,23,27,2013-01-10,4,1,10,2,6,1,4100,1500
457139,2017-08-16T19:09:11Z,62528,1987-01-26,2,2005-08-17,4,0,,5,1997-01-10,1997-01-10,9,11,2016-11-10,10,1,6,2,6,1,6500,5000
456026,2017-08-16T08:51:15Z,62305,1998-07-21,2,2015-03-06,3,0,,4,2010-01-10,2010-01-10,2,3,2016-03-10,1,1,12,2,11,2,5600,2400
456540,2017-08-16T12:46:49Z,62410,1995-06-26,2,2011-07-08,4,0,,1,2016-08-10,2016-08-10,8,10,1970-01-01,2,4,,,,6,5000,3000
456655,2017-08-16T13:31:49Z,62368,1980-10-24,2,2007-02-08,4,1,1,5,1980-01-10,1980-01-10,8,10,2010-01-10,15,1,3,4,4,1,25000,12000
457006,2017-08-16T17:34:19Z,62508,1987-10-29,2,1987-10-19,3,1,0,5,1989-01-10,1989-01-10,8,10,2015-08-10,2,1,11,1,11,2,14000,4000
456887,2017-08-16T16:03:48Z,56613,1987-08-19,2,2003-10-14,2,1,9,1,1990-01-10,1990-01-10,8,10,2014-04-10,15,1,6,2,,6,7000,4000
456308,2017-08-16T11:20:12Z,13467,1984-10-02,1,2000-10-02,1,0,0,1,2011-11-10,2011-11-10,5,7,2009-02-10,12,1,2,4,9,1,6000,2700
456119,2017-08-16T09:38:31Z,40638,1962-01-01,2,2004-01-19,5,0,,5,2008-06-10,2008-06-10,3,4,1970-01-01,35,5,,,9,2,2800,2000
453290,2017-08-15T15:49:10Z,62131,1980-03-08,2,1999-04-27,4,0,,4,1986-04-10,1986-04-10,13,16,2014-06-10,3,1,12,3,,6,2550,1500
455821,2017-08-16T06:53:07Z,62262,1958-10-02,1,2016-07-14,1,2,37,5,2016-05-10,2016-05-10,13,16,1970-01-01,20,2,,,4,1,12000,3000
452044,2017-08-15T04:39:04Z,61735,1987-08-21,2,2003-11-21,4,0,0,4,1987-09-10,1987-09-10,8,10,2017-06-10,11,3,11,5,4,2,12000,9000
456236,2017-08-16T10:42:18Z,62356,1995-09-28,1,2015-07-13,3,1,1,1,2012-12-10,1995-09-10,3,4,2016-10-10,1,1,12,1,,6,6000,2500
456299,2017-08-16T11:17:15Z,62371,1992-02-29,1,2008-09-13,4,1,1,1,2015-04-10,2015-04-10,6,8,1970-01-01,0,5,,,10,1,4000,2200
453426,2017-08-15T17:02:47Z,60512,1981-09-06,1,2015-07-14,1,2,0,5,2004-07-10,2004-07-10,3,4,2016-10-10,12,1,2,2,9,1,6000,3500
453293,2017-08-15T15:52:10Z,61842,1976-10-07,1,1999-03-30,3,2,23,5,2013-04-10,1977-10-10,9,5,2013-07-10,23,1,12,5,,6,7000,1500
452659,2017-08-15T10:13:28Z,61945,1979-03-22,2,1995-06-26,3,2,0,5,2016-03-10,2016-03-10,3,4,2013-03-10,17,3,13,4,9,7,9000,4500
452029,2017-08-15T03:36:13Z,61639,1998-12-02,1,2015-01-26,4,0,,1,1998-12-10,1998-12-10,8,10,2016-07-10,1,6,12,6,6,2,1300,900
452459,2017-08-15T08:39:53Z,44757,1979-11-22,1,2003-03-28,1,1,0,5,2003-02-10,2003-02-10,6,8,2016-06-10,20,6,13,6,,6,5000,3200
452480,2017-08-15T08:50:57Z,58970,1987-05-04,2,2004-02-12,4,0,,5,1988-06-10,1988-06-10,10,12,2016-06-10,8,3,11,6,9,2,8000,4000
452902,2017-08-15T12:29:58Z,62050,1974-04-09,2,2000-11-21,3,1,0,4,2001-05-10,2001-05-10,6,8,1997-05-10,25,1,11,6,10,1,9500,6000
452362,2017-08-15T07:53:55Z,61860,1988-02-09,2,2004-05-05,4,0,,5,2016-09-10,2016-09-10,16,20,2009-06-10,8,1,2,1,10,1,7000,2500
452938,2017-08-15T12:46:22Z,62064,1989-03-08,2,2006-06-13,4,0,,5,1991-01-10,1991-01-10,3,4,2017-03-10,5,1,3,4,,5,10000,8500
452536,2017-08-15T09:20:26Z,60910,1989-10-15,2,2006-03-30,4,0,,5,1989-10-10,1989-10-10,8,10,2010-01-10,10,3,12,6,,6,9000,7000
453398,2017-08-15T16:53:01Z,62145,1976-04-29,2,2000-09-28,2,1,14,1,2012-03-10,2012-03-10,3,4,2017-03-10,14,1,2,5,9,1,4000,500
452954,2017-08-15T12:51:01Z,62066,1974-06-23,1,2001-02-01,3,1,20,5,2001-02-10,2001-02-10,14,17,2012-12-10,26,1,8,1,4,1,6000,2000
452243,2017-08-15T07:24:50Z,61799,1983-12-25,2,2000-02-15,4,0,,3,1983-12-10,1983-12-10,19,23,2000-01-10,17,1,11,6,4,2,55000,5000
452880,2017-08-15T12:16:38Z,61594,1992-11-08,1,2014-03-21,3,1,1,5,1992-11-10,1992-11-10,20,24,2013-05-10,6,1,12,6,10,2,12000,3000
452081,2017-08-15T06:03:37Z,61582,1968-11-24,2,2012-11-23,3,1,18,1,2014-10-10,2014-10-10,3,4,2006-06-10,27,1,6,5,11,1,9100,6000
449351,2017-08-14T11:13:47Z,61062,1972-08-26,2,1996-06-11,4,1,0,5,1990-07-10,1990-07-10,11,14,2000-04-10,23,1,12,6,3,1,10000,5000
452613,2017-08-15T09:54:07Z,61821,1989-09-13,2,2007-03-07,4,0,,4,2010-04-10,2010-04-10,22,26,2017-05-10,5,1,3,4,2,2,15000,5000
452803,2017-08-15T11:27:33Z,62012,1986-07-28,1,2009-02-06,3,3,1,1,1986-07-10,1986-07-10,13,16,2014-11-10,8,1,10,2,,5,3200,2000
453695,2017-08-15T20:48:22Z,62214,1993-07-05,2,2009-08-11,4,0,,1,2016-06-10,2010-01-10,11,14,1970-01-01,1,4,,,6,7,7100,2200
452881,2017-08-15T12:16:47Z,62040,1987-02-03,2,2003-03-03,4,0,,1,2003-03-10,2003-03-10,6,8,2015-08-10,10,1,12,4,9,1,7000,2000
452498,2017-08-15T09:00:21Z,61911,1991-01-08,2,2016-06-25,4,0,,5,2007-10-10,2007-10-10,21,25,2016-06-10,7,1,3,6,9,1,6500,6000
450031,2017-08-14T19:18:06Z,20182,1967-09-13,1,1997-09-03,1,0,,5,2015-03-10,2015-03-10,11,14,2016-10-10,20,1,12,6,6,1,4000,2000
452540,2017-08-15T09:22:12Z,22550,1983-03-13,2,1999-05-18,2,1,0,5,1985-04-10,1985-04-10,4,6,2017-03-10,12,1,2,4,,6,3100,500
453125,2017-08-15T14:27:02Z,61947,1961-11-08,2,2000-01-20,3,1,0,5,1990-09-10,1990-09-10,8,10,2015-01-10,35,3,12,6,11,1,5000,4000
452584,2017-08-15T09:40:26Z,61926,1991-01-20,2,2007-06-08,3,1,3,1,2015-04-10,2017-02-10,3,4,2015-04-10,4,1,2,1,10,1,10000,6000
452775,2017-08-15T11:12:47Z,62008,1993-03-11,1,2011-09-16,1,0,0,1,2015-08-10,2015-08-10,8,10,2016-12-10,3,6,11,3,6,1,8000,5000
453190,2017-08-15T14:56:42Z,55947,1990-11-16,2,2006-09-17,4,0,,1,2000-10-10,2000-10-10,9,11,2013-10-10,5,1,12,1,,6,9000,5000
453265,2017-08-15T15:44:13Z,62133,1990-01-10,1,2007-01-24,4,0,,1,1997-04-10,1997-04-10,8,10,2012-09-10,4,1,11,6,10,1,8000,6000
453226,2017-08-15T15:11:19Z,62126,1968-02-19,2,2002-05-28,1,0,,5,2002-05-10,2002-05-10,13,16,2013-06-10,31,1,4,4,11,1,7000,5000
450158,2017-08-14T21:52:19Z,61565,1988-07-25,2,2011-07-14,4,0,,5,2015-04-10,1988-07-10,9,27,2015-09-10,7,1,11,3,6,1,8500,2500
448888,2017-08-14T06:39:14Z,61465,1969-05-29,2,1997-04-18,3,1,0,3,1991-05-10,1991-05-10,16,20,1986-08-10,31,1,6,5,,5,5500,3500
449003,2017-08-14T08:02:02Z,61488,1992-10-25,2,2009-03-17,4,0,,5,1992-10-10,1992-10-10,3,4,2012-09-10,5,1,3,3,,6,4000,4000
449133,2017-08-14T09:27:03Z,17790,1991-03-31,1,2007-05-19,1,0,,1,2008-10-10,2008-10-10,4,6,2013-09-10,2,1,12,6,,5,4800,1500
449742,2017-08-14T15:23:24Z,61643,1983-01-16,2,2015-04-08,2,1,1,1,2014-04-10,2013-04-10,13,16,2011-07-10,8,1,12,6,7,1,12000,6000
446681,2017-08-13T15:14:02Z,61350,1969-02-15,1,2014-06-24,3,1,0,5,1976-05-10,1976-05-10,1,2,2009-05-10,28,1,11,6,5,1,8000,2500
448995,2017-08-14T07:58:49Z,61485,1990-07-25,1,2011-11-23,3,1,3,1,2014-11-10,2014-11-10,9,11,1970-01-01,8,5,,,5,2,15000,12000
443721,2017-08-12T16:24:53Z,61128,1987-04-03,1,2016-02-24,3,1,0,5,2012-12-10,2012-12-10,16,20,2012-09-10,10,1,6,5,11,1,4500,3500
448819,2017-08-14T05:20:15Z,61459,1968-03-04,2,2001-06-05,3,2,0,5,2009-12-10,2009-12-10,8,10,2015-11-10,23,1,12,5,9,1,12000,7000
449796,2017-08-14T15:57:40Z,61659,1995-05-18,2,2012-06-01,4,0,,1,2017-06-10,2017-01-10,22,26,2017-04-10,4,1,12,3,,5,7500,4000
449169,2017-08-14T09:49:43Z,61536,1993-05-28,2,2009-08-10,4,0,,1,2017-05-10,2017-05-10,15,18,1970-01-01,2,5,,,9,1,7000,3000
440590,2017-08-11T14:31:46Z,60783,1992-01-19,2,2008-08-12,4,0,0,1,1992-01-10,1992-01-10,9,11,2017-05-10,6,3,11,6,4,1,10000,6500
449033,2017-08-14T08:14:33Z,61492,1989-08-06,2,2005-09-25,4,0,,3,1989-08-10,1989-08-10,8,10,2017-05-10,12,1,3,3,4,1,8500,5000
446957,2017-08-13T21:22:29Z,61432,1983-10-30,1,2005-04-08,3,1,0,1,2005-04-10,2005-04-10,3,4,2014-04-10,7,1,12,3,,6,3000,1500
447002,2017-08-13T23:32:35Z,61442,1987-02-25,2,2004-03-30,4,0,,4,2004-11-10,2004-11-10,3,4,2010-08-10,10,1,12,2,10,1,4200,1500
449443,2017-08-14T11:59:04Z,61568,1983-11-06,1,2013-01-31,3,1,0,1,2009-02-10,2009-02-10,9,11,2012-03-10,13,1,12,2,4,1,7000,3000
450007,2017-08-14T18:50:39Z,61714,1988-08-10,2,2005-06-08,3,1,3,5,2012-02-10,2012-02-10,20,24,2014-04-10,7,1,12,5,4,1,9000,3500
449158,2017-08-14T09:42:36Z,50089,1984-10-31,2,2009-11-16,3,1,3,1,2012-06-10,2012-06-10,4,6,2017-05-10,10,1,5,6,7,2,4500,600
448921,2017-08-14T07:11:53Z,61474,1989-12-19,1,2013-08-10,3,1,2,1,2014-10-10,2006-03-10,18,22,1970-01-01,9,5,,,8,1,2500,2500
440089,2017-08-11T10:09:11Z,60680,1956-08-12,1,2007-01-26,5,1,37,5,1974-09-10,1974-09-10,10,12,1976-11-10,44,1,10,2,3,1,7300,500
450049,2017-08-14T19:38:20Z,14193,1979-12-15,2,1997-03-13,3,2,21,5,2008-09-10,2008-09-10,19,23,2004-09-10,21,1,6,1,11,1,7600,3000
443587,2017-08-12T14:40:18Z,53572,1984-09-23,1,2011-09-01,4,0,0,5,1997-01-10,1997-01-10,11,14,2013-01-10,11,3,11,6,4,1,6000,3000
449021,2017-08-14T08:08:04Z,61494,1987-04-14,1,2009-09-10,1,2,0,1,2008-02-10,1988-07-10,23,27,2015-07-10,7,6,12,6,,5,5000,4500
449522,2017-08-14T12:43:33Z,61571,1990-07-06,2,2006-08-08,4,0,,1,1990-07-10,1990-07-10,8,10,2016-04-10,1,1,12,2,9,2,12000,8000
449010,2017-08-14T08:04:18Z,61491,1991-12-31,1,2008-03-12,4,1,3,1,1991-12-10,1991-12-10,12,15,2014-11-10,3,1,8,6,,6,2500,1500
449764,2017-08-14T15:39:57Z,61645,1982-05-22,1,2009-08-20,3,3,0,4,2006-05-10,2006-05-10,13,16,2010-10-10,16,1,11,6,,5,4500,1800
446257,2017-08-13T11:07:56Z,61282,1951-10-18,1,1996-03-01,5,1,0,5,1967-12-10,1967-12-10,13,16,1970-01-01,0,2,,,3,1,4500,1000
449201,2017-08-14T10:08:07Z,61347,1982-06-29,2,1999-07-06,4,0,,1,2015-01-10,2015-01-10,10,12,2017-02-10,9,1,6,2,,6,5600,1300
449688,2017-08-14T14:48:37Z,61627,1996-06-12,1,2014-03-19,4,1,2,5,1996-06-10,1996-06-10,18,22,2016-03-10,1,6,9,2,11,2,3000,1000
450055,2017-08-14T19:43:56Z,61725,1991-09-13,2,2010-10-30,4,0,,4,1991-09-10,1991-09-10,8,10,2015-03-10,3,1,2,1,9,1,7000,4500
446099,2017-08-13T09:19:59Z,61231,1992-09-17,2,2008-09-17,4,0,,5,2015-10-10,2015-10-10,8,10,2014-09-10,7,1,1,5,4,1,7000,3000
443967,2017-08-12T22:36:48Z,55199,1991-08-04,2,2007-11-15,3,2,3,4,1991-08-10,1991-08-10,15,18,2014-10-10,7,1,2,4,11,1,9000,4000
446046,2017-08-13T09:00:26Z,61229,1989-08-10,2,2015-09-23,3,1,1,5,2013-05-10,2013-05-10,3,4,2016-04-10,5,1,2,1,,6,7000,4000
446667,2017-08-13T15:06:26Z,43144,1992-09-14,2,2009-01-21,3,1,2,1,1992-09-10,1992-09-10,15,18,2015-02-10,2,1,6,2,4,1,8000,4000
446525,2017-08-13T14:05:23Z,61261,1994-05-04,2,2010-05-13,4,0,,5,2001-09-10,2001-09-10,1,2,2016-04-10,2,6,3,3,4,1,11000,6000
446146,2017-08-13T09:49:51Z,61239,1981-05-07,2,1999-09-28,1,1,11,5,1999-09-10,1999-09-10,12,15,2005-01-10,12,1,6,6,,6,7000,2000
446136,2017-08-13T09:38:09Z,61221,1990-07-10,2,2007-02-02,4,0,,1,1990-01-10,1990-01-10,21,25,2017-05-10,2,1,11,3,9,1,3500,1000
446119,2017-08-13T09:29:02Z,60608,1993-07-12,2,2010-05-03,4,0,,5,2016-04-10,2007-03-10,3,4,2017-03-10,5,6,3,6,,6,6000,3500
446693,2017-08-13T15:21:07Z,60587,1998-12-02,2,2015-12-15,4,0,,5,2000-06-10,2000-06-10,5,7,2016-06-10,1,1,7,5,4,2,9000,3000
446606,2017-08-13T14:35:48Z,61364,1995-03-18,2,2011-07-07,4,0,,1,2013-10-10,2013-10-10,17,21,2017-06-10,1,1,7,1,,6,5000,4800
445744,2017-08-13T03:28:09Z,61184,1992-10-10,1,2012-11-22,1,1,2,1,2012-03-10,2012-03-10,8,10,2013-09-10,4,1,12,2,6,2,6000,4500
446309,2017-08-13T11:37:21Z,61287,1979-10-23,2,1996-04-08,2,1,10,1,2004-02-10,2004-12-10,18,6,2015-06-10,15,1,12,4,4,1,8000,4000
446228,2017-08-13T10:49:44Z,61186,1994-05-13,2,2010-06-18,4,0,,5,2000-08-10,2000-08-10,20,24,2014-08-10,3,1,6,1,,6,3000,1500
446193,2017-08-13T10:23:33Z,61257,1996-07-16,1,2012-07-26,2,1,3,5,1996-07-10,1996-07-10,3,4,1970-01-01,2,5,,,,6,1260,1000
446090,2017-08-13T09:16:22Z,61041,1983-11-01,1,2001-04-28,3,3,14,4,1983-11-10,1983-11-10,21,25,2010-03-10,6,3,12,6,,5,5200,1500
445994,2017-08-13T08:12:47Z,61216,1981-02-13,1,2004-09-23,2,0,,5,1981-02-10,1981-02-10,14,17,2005-04-10,15,1,12,6,,6,3900,2500
446015,2017-08-13T08:33:04Z,42031,1999-03-16,2,2015-10-13,4,0,,1,1999-03-10,1999-03-10,23,27,1970-01-01,0,4,,,,5,2500,2500
445737,2017-08-13T03:26:12Z,50090,1989-06-09,1,2005-07-15,3,1,0,1,2003-06-10,2003-06-10,23,27,2016-07-10,8,1,6,5,4,1,6000,500
446938,2017-08-13T20:35:27Z,61428,1987-12-17,2,2004-07-27,4,0,,1,2011-03-10,2011-03-10,11,14,2016-12-10,6,1,6,5,11,1,6200,1200
445818,2017-08-13T05:42:33Z,54415,1991-05-22,2,2008-07-19,1,0,,5,1991-05-10,1991-05-10,20,24,2016-06-10,3,1,6,4,11,1,7000,4000
443438,2017-08-12T13:11:21Z,60957,1980-08-23,2,2003-03-04,4,0,,1,1980-08-10,1980-08-10,16,20,1970-01-01,11,5,,,11,1,7000,3500
446827,2017-08-13T18:07:20Z,51033,1992-09-03,2,2009-03-09,4,0,,1,2017-03-10,2017-03-10,8,10,1970-01-01,5,5,,,,6,8000,2000
446828,2017-08-13T18:07:22Z,61386,1979-01-16,2,1996-05-25,3,0,,5,2017-01-10,1987-02-10,8,21,2017-01-10,17,1,11,1,4,1,9000,7000
445789,2017-08-13T04:28:13Z,61191,1964-03-30,2,1995-08-23,3,0,,3,1992-08-10,1992-08-10,19,23,1993-03-10,30,1,11,5,11,1,10000,5000
446883,2017-08-13T19:10:00Z,61408,1978-03-10,1,1995-11-17,2,1,4,1,1978-03-10,1978-03-10,17,21,2012-04-10,5,1,8,5,7,1,4300,1500
446916,2017-08-13T20:06:43Z,61424,1988-05-03,1,2004-10-01,4,0,,5,1991-03-10,1991-03-10,16,20,2011-08-10,6,1,11,5,6,1,12500,5500
446537,2017-08-13T14:09:04Z,61260,1996-05-13,2,2012-05-22,4,0,,1,2016-02-10,2016-02-10,4,6,1970-01-01,0,4,,,4,2,6000,5000
446846,2017-08-13T18:14:03Z,61407,1988-01-11,1,2004-07-15,4,0,,1,1988-01-10,1988-01-10,14,17,2014-06-10,4,1,10,3,6,1,3200,2500
445870,2017-08-13T06:37:45Z,61202,1997-07-27,2,1997-07-26,4,0,,5,2002-07-10,2002-07-10,12,15,2015-07-10,3,1,2,3,,6,2500,1300
446421,2017-08-13T12:44:34Z,61333,1995-10-25,2,2011-11-11,4,0,,5,2016-04-10,2016-04-10,12,15,2015-11-10,2,1,10,6,4,1,10000,30000
446414,2017-08-13T12:39:01Z,61311,1993-05-30,2,2009-07-16,4,0,,3,2013-03-10,2013-03-10,5,7,1970-01-01,0,2,,,,6,5758,1500
446396,2017-08-13T12:28:38Z,61316,1995-05-28,1,2011-06-22,4,0,,1,2000-08-10,2000-08-10,3,4,2010-10-10,2,1,12,2,,6,3200,1000
446423,2017-08-13T12:47:02Z,48707,1980-05-11,1,2015-07-01,3,3,0,5,2014-08-10,2014-08-10,21,25,2002-09-10,15,1,10,2,8,1,4200,2200
443231,2017-08-12T10:41:30Z,60991,1984-08-11,2,2009-12-02,4,0,,5,2004-01-10,2004-01-10,12,15,2016-01-10,7,3,3,6,,5,7000,2000
443575,2017-08-12T14:35:31Z,41853,1991-01-22,2,2007-02-08,4,0,,1,1992-09-10,1992-09-10,15,18,2008-11-10,9,1,6,5,11,1,4200,1000
443422,2017-08-12T12:57:14Z,61058,1988-10-01,2,2004-11-03,4,0,,5,1996-03-10,1996-03-10,14,17,2014-07-10,3,1,6,1,11,1,6000,4000
443010,2017-08-12T07:49:15Z,60943,1998-09-28,2,2014-10-16,4,0,,5,2015-01-10,2015-01-10,13,16,2016-11-10,3,1,2,3,,3,11500,2700
443777,2017-08-12T17:44:02Z,61143,1998-04-11,2,2014-10-02,3,0,,1,2017-01-10,2017-01-10,8,10,2017-01-10,8,1,2,2,,6,5000,4000
443906,2017-08-12T20:37:55Z,61170,1985-10-04,1,2005-05-23,4,0,,5,1985-10-10,1985-10-10,3,4,2007-07-10,10,1,5,5,4,1,10000,7000
443113,2017-08-12T09:15:52Z,60933,1992-07-03,2,2008-09-30,4,0,,1,1992-06-10,1992-06-10,20,24,1970-01-01,0,5,,,,6,7000,5000
443636,2017-08-12T15:20:34Z,61109,1990-01-16,2,2012-06-11,4,0,,5,1990-01-10,1990-01-10,11,14,2010-03-10,7,1,3,2,,5,10000,3000
443126,2017-08-12T09:21:58Z,60965,1990-10-08,2,2006-11-13,4,0,,5,1990-10-10,1990-10-10,3,4,2017-01-10,10,1,13,6,,6,4500,1500
443051,2017-08-12T08:19:33Z,59972,1982-04-09,2,2009-08-06,3,1,4,1,2011-09-10,2011-09-10,11,14,2015-04-10,17,6,11,4,11,1,6000,7000
443240,2017-08-12T10:49:18Z,60997,1987-06-18,2,2003-09-26,4,0,,1,2002-03-10,2002-03-10,12,15,2015-09-10,2,6,12,6,,3,6000,2000
443513,2017-08-12T13:50:21Z,58256,1988-07-11,2,2004-12-09,4,0,,1,1988-07-10,1988-07-10,10,12,2010-10-10,7,1,10,5,10,1,8000,6000
443803,2017-08-12T17:59:09Z,61149,1990-01-06,1,2006-06-26,1,0,,1,1996-05-10,1996-05-10,18,22,2016-12-10,9,1,12,2,,5,7000,2000
443628,2017-08-12T15:18:04Z,60540,1988-10-30,2,2005-05-10,4,0,,5,1989-02-10,1989-02-10,8,10,2012-03-10,6,1,5,5,4,1,14000,6000
442855,2017-08-12T04:26:15Z,6434,1988-03-19,2,2004-04-24,4,0,0,3,1988-03-10,1988-03-10,23,27,2014-05-10,6,1,3,1,11,1,7000,4000
441049,2017-08-11T21:50:20Z,41343,1989-06-01,1,2014-09-13,3,1,0,5,2006-01-10,2006-01-10,6,8,2014-01-10,8,1,12,1,,6,7000,3000
443428,2017-08-12T13:02:34Z,61055,1996-05-24,2,2013-02-03,4,0,,1,2016-01-10,1996-05-10,7,6,2017-01-10,3,1,2,5,,6,7100,4500
443532,2017-08-12T14:02:29Z,61079,1992-02-10,2,2008-03-01,4,0,,5,1992-02-10,1992-02-10,10,12,2016-10-10,5,1,2,2,,6,10000,5000
443772,2017-08-12T17:42:48Z,60907,1989-04-01,2,2005-08-12,3,1,2,1,1989-04-10,1989-04-10,10,12,2016-08-10,6,1,6,5,,5,7000,3000
443352,2017-08-12T11:54:29Z,61025,1972-05-18,2,1998-04-07,3,2,0,5,1999-04-10,1999-04-10,8,10,2016-06-10,25,1,12,1,,6,7000,5000
443263,2017-08-12T11:00:59Z,57881,1992-12-21,2,2009-02-11,4,0,,1,2017-05-10,2017-06-10,13,16,2017-05-10,0,1,11,2,4,1,9000,3000
443484,2017-08-12T13:31:27Z,61064,1989-11-04,1,2006-10-17,4,0,,2,1990-11-10,1990-11-10,3,4,1970-01-01,0,4,,,10,1,10000,7000
443606,2017-08-12T15:02:07Z,60427,1991-01-13,1,2007-11-22,4,0,,1,2014-03-10,2014-03-10,11,14,2015-06-10,6,3,11,6,9,1,6000,5000
441088,2017-08-11T23:16:02Z,60889,1991-01-19,1,2016-04-14,3,0,,1,1999-11-10,1999-11-10,3,4,2014-07-10,9,1,12,6,,3,9000,5000
442965,2017-08-12T07:15:46Z,60630,1992-04-16,2,2008-08-26,3,1,2,1,1999-07-10,1999-07-10,9,11,2015-02-10,5,1,12,3,4,1,9800,4000
440634,2017-08-11T14:50:45Z,60800,1995-02-03,2,2012-08-22,4,0,,3,2013-01-10,2013-01-10,13,16,2016-05-10,3,3,9,6,,6,10000,8000
440688,2017-08-11T15:36:24Z,60808,1981-06-19,2,1998-06-08,2,1,7,5,1986-06-10,1986-06-10,3,4,2016-04-10,10,1,13,4,2,1,15000,5000
439587,2017-08-11T04:34:46Z,60606,1984-12-10,2,2002-01-29,3,1,1,5,2001-06-10,2001-06-10,4,6,2010-05-10,12,1,3,6,4,1,10000,5000
437784,2017-08-10T22:24:22Z,16921,1982-09-08,2,2008-11-12,3,1,8,1,2004-04-10,1989-09-10,14,17,2017-04-10,13,1,2,2,,6,4000,500
440932,2017-08-11T19:15:28Z,60868,1988-08-02,1,2004-08-04,4,0,,1,1989-08-10,1989-08-10,10,12,2011-07-10,6,1,7,3,6,1,4000,2000
440905,2017-08-11T18:24:14Z,60859,1995-10-19,2,2011-11-03,4,0,,1,2016-03-10,2007-02-10,4,17,2016-03-10,1,1,1,5,,5,7000,6000
440887,2017-08-11T18:05:52Z,13098,1986-05-06,2,2005-02-25,4,0,,5,1986-06-10,1986-06-10,3,4,2015-01-10,8,1,7,6,11,1,10000,3000
440847,2017-08-11T17:29:05Z,60857,1993-05-01,2,2009-07-29,4,0,,1,1999-11-10,1999-11-10,17,21,2016-12-10,1,1,2,2,,6,3000,1500
440861,2017-08-11T17:42:50Z,60855,1990-12-26,2,2016-01-12,4,0,,5,1991-01-10,1991-01-10,4,6,2017-01-10,5,1,3,2,,6,5500,3600
440749,2017-08-11T16:15:23Z,60842,1988-05-14,2,2004-05-14,3,0,,1,2008-01-10,2008-01-10,1,2,2017-08-10,4,1,6,2,10,1,4000,2500
440730,2017-08-11T16:07:46Z,60827,1996-09-20,2,2013-01-04,4,0,,1,2000-06-10,2000-06-10,15,18,1970-01-01,3,4,,,2,1,3200,3200
440659,2017-08-11T15:02:40Z,60806,1995-03-20,2,2013-10-23,3,0,,1,2016-10-10,2016-10-10,9,11,2016-10-10,2,1,1,5,,6,10000,5000
440569,2017-08-11T14:20:56Z,60779,1998-04-30,2,2014-06-02,4,0,,1,1998-05-10,1998-05-10,22,26,2016-07-10,1,1,1,1,,5,7200,4500
437411,2017-08-10T15:44:43Z,60499,1993-04-09,2,2009-07-07,4,0,,1,1993-04-10,1993-04-10,18,22,2016-02-10,5,1,6,4,,6,8000,2500
437763,2017-08-10T21:43:00Z,60582,1982-06-21,1,2016-03-30,3,0,,3,2009-01-10,1990-05-10,8,10,2015-04-10,7,1,12,4,4,2,13000,6000
440473,2017-08-11T13:36:01Z,60769,1994-07-05,2,2010-10-10,4,0,,1,1994-07-10,1994-07-10,12,15,2016-06-10,4,1,1,2,,6,7000,4500
440068,2017-08-11T10:00:50Z,26340,1986-05-27,1,2007-06-21,4,1,8,5,2007-02-10,2007-02-10,16,20,2012-02-10,10,1,8,3,,6,2560,1000
440325,2017-08-11T12:27:31Z,60729,1980-06-29,1,2003-07-19,3,2,0,5,2004-06-10,2001-06-10,6,8,2007-10-10,26,1,7,2,7,1,12000,3500
440304,2017-08-11T12:17:56Z,60737,1996-08-14,1,2012-11-30,1,0,,2,2012-11-10,2012-11-10,4,6,2017-01-10,1,3,9,6,6,1,4000,3500
440276,2017-08-11T12:02:06Z,60731,1997-07-29,1,2013-09-13,4,0,,2,2016-09-10,1997-07-10,2,18,2016-01-10,1,1,11,5,6,1,5500,4000
440274,2017-08-11T12:01:20Z,60722,1989-12-14,1,2006-11-02,4,0,,1,2014-08-10,2014-08-10,3,4,2012-01-10,5,1,12,6,,6,4900,300
440191,2017-08-11T11:10:44Z,50725,1994-11-12,1,2011-09-07,4,0,,1,1994-11-10,1994-11-10,12,15,2015-08-10,2,1,8,2,,6,4500,1500
439693,2017-08-11T07:02:51Z,60079,1980-07-06,1,1997-05-29,1,1,0,1,2011-02-10,1994-12-10,8,10,2000-07-10,17,1,10,1,11,1,7000,5000
440322,2017-08-11T12:26:11Z,57443,1982-04-14,1,2002-08-15,2,1,13,1,1989-08-10,1989-08-10,8,10,2015-05-10,15,3,11,6,6,1,5000,3000
440126,2017-08-11T10:33:59Z,33200,1992-10-09,2,2009-02-16,4,0,,1,2015-08-10,2015-08-10,18,22,2013-08-10,4,1,1,5,4,2,7500,2500
440645,2017-08-11T14:55:14Z,60807,1985-03-30,2,2001-06-15,4,0,,5,2002-01-10,2002-01-10,9,11,2005-05-10,12,1,2,5,11,1,9000,3000
440034,2017-08-11T09:37:11Z,60677,1983-07-13,1,2005-12-02,2,2,1,1,1983-07-10,1983-07-10,13,16,2008-11-10,7,1,11,5,4,2,5500,2500
440000,2017-08-11T09:23:51Z,60662,1998-10-23,1,2015-03-07,4,0,,1,2015-02-10,2015-02-10,4,6,2017-05-10,0,1,12,3,,6,4500,3600
440017,2017-08-11T09:30:41Z,60565,1988-04-26,1,2005-03-14,4,0,,1,1996-06-10,1996-06-10,3,4,2016-08-10,15,1,12,4,9,2,4300,4000
440700,2017-08-11T15:41:37Z,60824,1981-05-15,2,1997-06-05,3,1,0,5,2015-01-10,2015-01-10,1,2,2015-03-10,2,1,10,4,,6,7500,500
439796,2017-08-11T07:54:29Z,54596,1960-10-01,1,1997-06-20,1,0,,5,1997-06-10,1997-06-10,10,12,2011-07-10,31,1,12,6,6,1,6000,1000
436907,2017-08-10T11:11:24Z,58233,1984-09-26,1,2008-01-25,3,2,1,5,2005-12-10,2005-12-10,8,10,2012-08-10,1,1,8,5,,6,3500,1000
437219,2017-08-10T13:54:26Z,58072,1999-05-18,2,2015-06-25,4,0,,2,2016-08-10,1999-06-10,18,8,1970-01-01,1,4,,,11,2,2500,2000
437465,2017-08-10T16:34:23Z,60471,1994-03-21,2,2010-04-20,1,0,,5,2013-09-10,2013-09-10,12,15,2017-06-10,3,1,11,1,,6,3200,400
436746,2017-08-10T09:31:38Z,60372,1992-01-26,2,2008-02-15,4,0,,5,1995-03-10,1995-03-10,21,25,2016-04-10,5,1,11,6,5,1,5000,3500
436983,2017-08-10T11:55:48Z,60421,1964-04-06,1,2004-04-06,2,0,,5,1982-06-10,1982-06-10,8,10,2011-09-10,19,1,3,4,4,1,10000,6000
437603,2017-08-10T18:47:06Z,41540,1989-10-21,1,2006-01-12,4,0,,5,1989-01-10,1989-01-10,18,22,2003-01-10,5,1,10,2,6,1,4500,2300
436575,2017-08-10T07:13:58Z,60347,1983-02-28,1,2010-06-07,2,1,0,1,2010-06-10,2010-06-10,12,15,2016-09-10,12,1,2,4,4,1,5500,2500
436610,2017-08-10T07:30:32Z,60340,1984-09-03,2,2001-04-10,1,0,,5,2017-01-10,2012-03-10,4,6,2015-03-10,11,1,1,1,4,1,10000,4000
437062,2017-08-10T12:34:50Z,60435,1983-07-19,2,2000-03-20,3,1,0,1,2009-03-10,2009-03-10,22,26,2010-07-10,7,1,2,5,,6,6000,2000
437375,2017-08-10T15:29:10Z,60504,1993-07-07,2,2009-08-18,4,0,,1,2014-11-10,2014-11-10,6,8,2015-01-10,3,1,1,5,,6,7000,3500
437005,2017-08-10T12:05:56Z,55208,1954-06-15,2,1998-06-30,2,0,,5,1990-08-10,1990-08-10,8,10,1979-08-10,38,1,6,1,4,1,6000,4000
437288,2017-08-10T14:28:30Z,60492,1986-01-05,2,2002-02-12,4,0,,5,1986-01-10,1986-01-10,8,10,2012-11-10,12,1,11,3,4,1,8000,3500
437049,2017-08-10T12:30:13Z,60191,1989-07-26,2,2005-10-13,4,0,,1,1989-07-10,1989-07-10,11,14,2009-07-10,10,1,11,2,11,1,6000,1500
434659,2017-08-09T21:41:47Z,59244,1977-10-22,2,2004-10-25,2,1,22,5,1995-08-10,1995-08-10,6,8,2015-02-10,21,1,3,3,4,1,8000,2500
437700,2017-08-10T20:22:57Z,60572,1987-02-19,2,2003-02-25,4,0,,1,1992-05-10,1992-05-10,8,10,1970-01-01,8,5,,,11,1,5000,1500
437297,2017-08-10T14:29:54Z,60479,1990-12-20,2,2007-02-14,2,0,,5,2005-01-10,2005-01-10,3,4,2016-12-10,9,1,5,5,3,2,10000,4000
437501,2017-08-10T17:02:00Z,60532,1994-09-07,2,2010-11-13,4,0,,1,1994-09-10,1994-09-10,17,21,2017-05-10,3,1,2,2,9,1,6000,3000
437651,2017-08-10T19:36:37Z,60553,1994-12-22,1,2011-08-30,4,0,,5,2010-06-10,2010-06-10,8,10,2017-07-10,4,3,11,6,6,2,5000,3500
437031,2017-08-10T12:23:29Z,60436,1983-10-30,2,2000-04-12,1,2,13,4,2011-08-10,2011-08-10,14,17,2012-01-10,6,1,13,6,,6,6500,2500
437195,2017-08-10T13:33:56Z,60462,1962-02-06,1,1998-02-21,3,0,,5,1986-04-10,1986-04-10,4,6,2007-08-10,32,1,4,4,10,1,8000,3000
436952,2017-08-10T11:44:26Z,60207,1966-06-16,2,2009-12-17,1,0,,5,1990-07-10,1990-07-10,9,11,2015-06-10,22,6,3,6,4,1,6000,1000
436987,2017-08-10T11:59:40Z,60417,1995-03-09,1,2011-04-13,1,0,4,6,2010-07-10,2010-07-10,3,4,2014-10-10,3,1,2,4,10,2,2500,2500
436443,2017-08-10T04:34:53Z,41662,1995-10-08,2,2015-06-12,4,0,,5,2016-05-10,2016-05-10,18,22,1970-01-01,0,2,,,11,2,3700,3000
437119,2017-08-10T12:54:23Z,60449,1985-06-27,1,2005-07-22,2,1,0,5,1990-07-10,1990-07-10,3,4,2013-09-10,10,1,10,4,6,1,10000,900
434026,2017-08-09T12:55:34Z,58592,1993-09-27,2,2010-03-18,4,0,0,4,1993-11-10,1993-11-10,21,25,2013-06-10,4,1,3,3,,6,5200,3000
431385,2017-08-08T17:16:40Z,59977,1986-07-21,2,2003-09-02,4,0,0,5,2016-09-10,2014-02-10,13,15,2016-11-10,13,1,7,3,,6,12000,3000
433615,2017-08-09T09:10:03Z,60095,1980-07-08,1,2016-09-27,1,1,16,5,1987-02-10,1987-02-10,6,8,2006-11-10,14,3,12,6,,6,5390,2000
434245,2017-08-09T14:31:54Z,60236,1995-05-12,1,2011-07-05,4,0,,1,2016-08-10,1995-05-10,18,13,1970-01-01,0,4,,,11,1,7000,6000
434086,2017-08-09T13:29:33Z,60212,1987-10-18,2,2004-07-16,4,0,,3,2009-05-10,2009-05-10,22,26,2011-01-10,7,1,11,6,9,1,25000,15000
433954,2017-08-09T12:36:06Z,60160,1999-07-21,2,2015-11-11,4,0,,1,2016-05-10,2015-01-10,4,6,1970-01-01,1,4,,,,6,4000,2000
433648,2017-08-09T09:30:44Z,60112,1992-10-20,1,2016-10-21,3,2,8,5,2014-07-10,2014-07-10,3,4,2014-07-10,8,3,12,6,,6,10000,4000
434164,2017-08-09T13:57:58Z,60219,1993-02-26,1,2016-01-15,3,1,2,5,1993-06-10,1993-06-10,8,10,2015-12-10,2,3,12,6,9,1,5000,1000
433707,2017-08-09T09:57:19Z,60120,1991-03-17,2,2016-06-17,3,1,1,1,1997-11-10,1997-11-10,18,22,2015-10-10,5,1,7,3,6,1,30000,15000
434470,2017-08-09T17:33:34Z,60263,1988-11-10,2,2004-12-22,4,0,,1,1994-01-10,1994-01-10,18,22,2012-04-10,8,1,2,1,4,1,7300,4500
431014,2017-08-08T13:08:43Z,59902,1986-03-31,2,2002-11-23,3,1,6,5,2012-09-10,2012-09-10,20,24,2015-04-10,14,1,13,3,,6,6000,25000
431603,2017-08-08T23:55:27Z,60023,1994-08-09,1,2015-06-13,3,1,0,1,1994-08-10,1994-08-10,11,14,2014-03-10,3,3,12,6,,6,5000,2500
433535,2017-08-09T08:22:01Z,60075,1995-10-24,2,2011-12-06,4,0,,4,1995-10-10,1995-10-10,1,2,2016-05-10,1,1,6,2,11,2,6000,5000
433991,2017-08-09T12:43:31Z,60195,1994-10-19,2,2010-12-10,4,0,,1,1994-10-10,1994-10-10,8,10,2016-08-10,4,1,5,5,11,1,6000,1000
433750,2017-08-09T10:30:31Z,60130,1998-07-04,1,2015-09-16,4,0,,5,1999-07-10,1999-07-10,6,8,2014-04-10,3,3,9,5,,5,7600,6000
433881,2017-08-09T11:47:54Z,31177,1986-08-09,2,2003-01-17,4,0,,3,2002-12-10,2002-12-10,23,27,2007-09-10,10,1,6,5,11,1,12000,4000
433532,2017-08-09T08:21:32Z,59821,1989-09-23,2,2006-08-18,4,0,,1,2006-08-10,2006-08-10,23,27,2015-04-10,0,3,12,6,11,1,4000,2500
433917,2017-08-09T12:14:13Z,60078,1975-02-23,1,1999-03-19,3,1,0,5,1997-09-10,1997-09-10,22,26,1970-01-01,22,5,,,4,1,6520,2100
433772,2017-08-09T10:42:59Z,60093,1993-05-06,2,2010-10-31,4,0,,5,2017-04-10,1999-07-10,4,8,2017-04-10,0,1,1,1,,6,7000,4500
433858,2017-08-09T11:30:19Z,60158,1994-01-13,1,2010-04-13,4,0,,1,2017-06-10,2011-02-10,18,13,2017-06-10,3,1,11,2,11,1,4000,4000
434074,2017-08-09T13:25:11Z,60208,1989-02-01,1,2011-09-07,3,1,1,4,2011-12-10,1989-02-10,18,22,2015-08-10,5,1,7,3,4,1,15000,7000
433628,2017-08-09T09:19:56Z,60094,1979-12-30,2,1996-01-20,3,1,13,1,2011-01-10,2011-01-10,18,22,2016-05-10,1,1,13,1,,3,10000,5000
433555,2017-08-09T08:28:24Z,60077,1987-12-27,2,2004-06-18,4,0,,5,1997-06-10,1997-06-10,10,12,2016-03-10,12,1,3,3,,6,5500,1800
433691,2017-08-09T09:50:42Z,60119,1957-01-06,2,2000-11-02,3,1,28,5,2017-03-10,2017-03-10,18,22,1970-01-01,35,2,,,,6,1850,800
433345,2017-08-09T03:04:35Z,59610,1954-05-07,1,1998-09-08,3,2,34,5,1978-06-10,1978-06-10,21,25,1970-01-01,37,2,,,4,1,7500,3000
431145,2017-08-08T14:25:18Z,35349,1993-02-20,1,2015-11-12,4,1,0,5,2009-03-10,2009-03-10,3,4,2015-02-10,5,1,5,1,8,1,6500,2500
434520,2017-08-09T18:08:44Z,60276,1993-09-19,2,2010-12-30,4,0,,5,2011-09-10,2011-09-10,11,14,2016-09-10,1,1,1,5,3,1,10000,1000
434055,2017-08-09T13:11:13Z,60205,1995-03-07,1,2011-04-18,4,0,,5,1995-03-10,1995-03-10,9,11,2014-04-10,5,3,11,6,4,1,8000,6000
430736,2017-08-08T10:17:12Z,59845,1994-08-16,2,2010-11-09,4,0,,5,2016-09-10,2016-08-10,3,23,2016-10-10,3,1,6,2,4,1,5500,2000
431058,2017-08-08T13:25:11Z,59905,1982-05-18,1,1999-05-18,1,2,0,1,2014-08-10,2010-06-10,3,4,2014-04-10,12,1,12,3,,6,6500,3000
430886,2017-08-08T11:50:58Z,50326,1989-12-19,1,2011-02-23,3,1,7,1,2012-02-10,2012-02-10,6,8,2012-04-10,10,3,12,6,,6,6500,2500
431416,2017-08-08T17:52:23Z,59990,1994-08-01,1,2011-06-03,4,0,,4,2016-04-10,2016-04-10,17,21,1970-01-01,0,4,,,11,2,3200,2000
431107,2017-08-08T13:50:42Z,59925,1994-04-28,2,2010-05-28,4,0,,1,2002-06-10,2002-06-10,3,4,2016-03-10,4,1,6,5,,6,7000,3500
430738,2017-08-08T10:17:32Z,59844,1994-01-17,1,2010-01-17,4,0,,1,2016-05-10,2010-01-10,5,24,2016-11-10,3,1,12,3,5,1,5200,980
430773,2017-08-08T10:43:24Z,59855,1984-05-31,1,2009-09-07,3,2,10,1,2008-11-10,2008-11-10,3,4,2006-09-10,12,1,10,4,4,2,3700,1500
430996,2017-08-08T13:04:39Z,59889,1964-03-16,1,1996-07-05,4,0,,5,2015-07-10,2015-07-10,13,16,2006-12-10,35,3,11,6,9,1,12000,3000
430597,2017-08-08T08:57:59Z,48692,1996-01-11,2,2012-04-20,4,0,,1,1996-01-10,1996-01-10,6,8,2016-01-10,1,1,11,5,,6,6500,2500
430550,2017-08-08T08:28:17Z,59816,1975-10-13,2,2003-07-29,3,2,0,5,2008-09-10,2008-09-10,3,4,2000-12-10,22,3,11,6,4,1,8700,3200
430541,2017-08-08T08:24:47Z,57801,1990-03-25,1,2006-05-18,4,0,,1,1990-03-10,1990-03-10,8,10,2015-12-10,2,1,11,5,4,2,5000,5000
431533,2017-08-08T20:33:16Z,60002,1951-08-07,1,1996-11-05,3,1,30,5,1992-06-10,1992-06-10,8,10,1970-01-01,41,2,,,11,1,5000,2000
430873,2017-08-08T11:45:37Z,51821,1983-12-31,2,2000-08-08,3,0,,3,1983-12-10,1983-12-10,18,22,2007-12-10,15,1,11,6,6,1,15000,9000
431043,2017-08-08T13:16:51Z,59891,1986-06-11,2,2002-10-22,4,0,,1,1986-06-10,1986-06-10,8,10,2015-09-10,2,1,12,6,4,2,7000,7500
430892,2017-08-08T11:53:04Z,55573,1953-09-16,2,1998-01-24,3,0,,3,2004-11-10,2004-11-10,8,10,1970-01-01,45,2,,,5,1,8000,1000
430411,2017-08-08T06:42:12Z,59799,1984-08-23,1,2001-06-22,3,1,5,5,1984-08-10,1984-08-10,15,18,2016-12-10,11,3,10,2,6,7,9000,5000
430539,2017-08-08T08:23:09Z,59813,1985-10-10,1,2005-02-01,3,3,0,5,2005-02-10,2005-02-10,22,26,2013-02-10,9,1,12,6,,6,9600,2400
430757,2017-08-08T10:33:24Z,59841,1980-08-05,2,1996-08-28,3,1,0,4,2002-02-10,2002-02-10,9,11,2002-11-10,19,1,10,2,6,1,4500,4000
431291,2017-08-08T16:03:22Z,51652,1998-07-01,1,2016-10-06,3,1,1,1,2015-03-10,2016-08-10,9,11,2017-06-10,1,1,11,5,,6,8000,3000
431280,2017-08-08T15:46:55Z,59951,1962-10-20,2,2017-07-12,3,1,31,5,2004-03-10,2004-03-10,18,22,2000-01-10,30,1,11,2,,6,5000,5000
430898,2017-08-08T11:53:45Z,59881,1997-06-16,1,2016-01-29,3,1,0,1,1997-10-10,1997-10-10,19,23,1970-01-01,4,4,,,6,2,4500,4500
428057,2017-08-07T14:01:46Z,59694,1987-03-31,1,2013-12-23,3,1,0,1,1987-03-10,1987-03-10,18,22,2012-02-10,10,1,10,4,6,1,3200,2000
428512,2017-08-07T20:36:04Z,42119,1983-03-26,2,1999-08-17,3,10,1,3,2008-03-10,1986-03-10,18,13,2017-02-10,10,1,11,2,4,1,7000,4000
427240,2017-08-07T04:33:29Z,59564,1989-09-02,2,2016-03-29,4,0,,1,1989-09-10,1989-09-10,9,11,2012-03-10,5,1,2,5,4,1,4500,3000
425381,2017-08-06T21:10:28Z,22848,1989-04-26,1,2005-09-14,4,0,,1,1992-12-10,1992-12-10,8,10,2015-11-10,8,6,4,4,6,2,5300,4000
427470,2017-08-07T08:37:49Z,59598,1996-06-28,2,2012-10-15,4,0,,5,2002-03-10,2002-03-10,11,14,1970-01-01,4,4,,,,6,3000,2500
428242,2017-08-07T15:50:07Z,59719,1983-01-14,2,1999-09-11,3,2,10,5,2003-10-10,1983-01-10,1,27,2004-09-10,11,1,11,6,4,1,9000,4000
427342,2017-08-07T06:34:23Z,39209,1981-05-29,2,1998-03-02,3,1,0,5,1998-03-10,1998-03-10,5,7,2002-09-10,14,1,7,4,,6,3200,2000
424899,2017-08-06T11:33:56Z,59410,1989-08-30,2,2014-09-05,4,0,,5,2006-01-10,2006-01-10,23,27,2016-05-10,1,1,13,1,4,1,4200,2300
427974,2017-08-07T13:12:47Z,59680,1975-10-14,1,2007-02-09,2,1,0,5,2014-11-10,2016-11-10,13,8,2010-01-10,7,3,13,6,10,1,23000,16000
427493,2017-08-07T08:51:53Z,59605,1991-08-30,2,2017-01-24,4,0,,1,1991-08-10,1991-08-10,17,21,2016-06-10,1,1,6,1,,5,5000,2000
425170,2017-08-06T16:29:16Z,49454,1990-12-19,2,2007-05-22,1,1,6,1,2009-02-10,1996-09-10,6,8,2016-11-10,2,1,6,4,,6,5000,4000
427423,2017-08-07T07:56:33Z,59587,1982-08-08,2,1999-04-13,3,2,0,1,2013-11-10,2013-11-10,14,17,2015-03-10,13,1,2,2,4,1,6400,2000
427897,2017-08-07T12:40:32Z,27805,1984-05-14,1,2003-06-23,1,2,0,5,2005-05-10,2005-05-10,16,20,2015-01-10,5,1,12,6,,5,3000,2800
427926,2017-08-07T12:52:44Z,59667,1995-12-06,2,2012-02-03,4,0,,2,1995-12-10,1995-12-10,9,11,1970-01-01,2,4,,,4,2,8000,6000
427442,2017-08-07T08:16:07Z,59584,1993-11-18,1,2016-02-11,3,1,1,1,1993-11-10,1993-11-10,8,10,1970-01-01,6,5,,,6,1,860,800
425443,2017-08-06T23:47:41Z,59545,1993-03-01,1,2009-04-21,4,0,,5,2015-04-10,2016-08-10,14,17,2009-05-10,8,6,5,3,,3,6700,2100
424590,2017-08-06T06:02:48Z,21896,1994-06-20,2,2011-12-09,4,0,,1,2005-08-10,2005-08-10,20,24,2015-05-10,4,1,3,6,10,2,5000,3000
424906,2017-08-06T11:49:29Z,59413,1978-10-05,1,2002-09-26,4,1,22,1,2002-08-10,2002-08-10,3,4,2016-03-10,10,1,12,3,,6,3200,1000
425073,2017-08-06T14:03:36Z,59134,1985-09-01,2,2001-09-18,2,1,8,4,1985-09-10,1985-09-10,10,12,2013-09-10,8,3,3,6,,6,4600,2000
424767,2017-08-06T09:23:30Z,59386,1984-10-10,2,2008-11-28,4,0,,5,1992-09-10,1992-09-10,23,27,2014-12-10,8,1,6,5,,5,7500,7500
425191,2017-08-06T16:57:37Z,59486,1992-02-05,2,2009-07-17,4,0,,4,1995-02-10,1995-02-10,11,14,2016-09-10,7,1,1,1,1,1,7300,3000
424517,2017-08-06T00:03:33Z,59330,1995-05-23,2,2011-07-14,4,0,,1,1995-05-10,1995-05-10,3,4,2014-07-10,3,1,12,4,,5,5200,3000
424952,2017-08-06T12:12:25Z,59435,1995-06-16,2,2011-08-01,4,0,,5,2001-11-10,2001-11-10,14,17,2017-03-10,2,1,2,1,10,2,5500,1000
424990,2017-08-06T12:39:00Z,59447,1993-03-17,2,2009-04-17,4,0,,1,2012-11-10,2013-12-10,3,4,2016-08-10,1,1,12,2,10,1,4000,2000
424975,2017-08-06T12:28:28Z,59439,1976-02-06,2,2014-11-11,2,0,,5,2001-08-10,2001-08-10,19,23,2007-10-10,10,3,12,6,,6,7000,2500
425278,2017-08-06T18:27:30Z,59513,1997-09-01,1,2013-10-16,4,0,,1,2015-09-10,2015-09-10,8,10,2016-11-10,2,1,12,6,6,2,6000,2500
424678,2017-08-06T08:18:35Z,59356,1981-05-29,2,1997-07-08,4,1,8,5,2015-05-10,1995-03-10,19,20,2015-08-10,2,1,12,2,,6,5000,3000
421908,2017-08-05T05:44:55Z,59132,1997-01-04,2,2013-02-13,1,1,1,1,2003-01-10,2003-01-10,6,8,2015-05-10,3,1,4,6,,5,8000,500
424578,2017-08-06T05:20:44Z,59335,1993-04-21,2,2009-09-11,4,0,,1,1993-04-10,1993-04-10,9,11,2015-10-10,2,3,12,3,,5,7500,4000
424696,2017-08-06T08:38:56Z,59374,1997-08-12,1,2015-12-02,1,0,,1,2006-12-10,2006-12-10,3,4,2016-03-10,2,1,6,2,,5,4000,3000
424737,2017-08-06T09:11:02Z,59380,1996-03-07,2,2012-05-17,4,0,,5,2016-12-10,2006-01-10,8,4,2016-12-10,2,1,2,5,11,2,10000,4000
422501,2017-08-05T14:55:37Z,59257,1995-08-01,2,1995-08-01,4,0,,1,2017-02-10,2013-09-10,8,10,2016-10-10,1,1,12,3,11,1,8000,4300
422187,2017-08-05T10:35:30Z,59190,1990-10-05,2,2007-01-04,3,0,,5,1991-02-10,1991-02-10,11,14,2016-03-10,2,1,6,5,4,1,5000,1000
421885,2017-08-05T05:06:34Z,59129,1977-01-25,2,2008-04-02,4,0,,5,2008-04-10,2008-04-10,12,15,1970-01-01,10,2,,,,5,3500,1200
422073,2017-08-05T08:39:41Z,59159,1995-02-13,1,2011-03-24,4,0,,1,2012-09-10,2011-03-10,8,12,2016-04-10,27,1,5,5,4,2,8000,1000
422045,2017-08-05T08:05:25Z,59145,1992-11-24,2,2009-07-17,4,0,,1,2003-05-10,2003-05-10,18,22,2015-02-10,5,1,5,1,,5,6000,1000
422781,2017-08-05T20:53:55Z,59308,1989-06-14,2,2005-07-28,3,1,1,1,1990-05-10,1990-05-10,8,10,2016-02-10,10,1,11,5,4,1,6500,1800
422181,2017-08-05T10:25:24Z,59176,1988-10-29,2,2005-05-11,3,1,0,5,2015-05-10,2008-09-10,6,8,2008-04-10,8,1,12,2,,6,6500,1500
421820,2017-08-05T00:43:08Z,59113,1993-09-08,1,1993-09-18,4,0,,5,1993-09-10,1993-09-10,21,25,2015-10-10,3,1,2,3,9,1,4500,3200
422517,2017-08-05T15:16:35Z,59160,1978-07-05,2,1995-10-13,2,1,16,4,2011-07-10,2011-07-10,12,15,2016-07-10,17,1,2,4,2,1,4600,2500
421812,2017-08-05T00:21:55Z,59079,1956-01-29,2,1996-08-27,3,3,0,5,1986-12-10,1986-12-10,9,11,1970-01-01,28,2,,,10,1,9000,3000
422015,2017-08-05T07:29:14Z,55333,1990-04-04,2,1990-04-04,3,0,,3,2012-06-10,2012-06-10,13,16,2015-07-10,9,1,12,3,4,1,21000,7000
419941,2017-08-04T18:33:59Z,59071,1977-10-15,1,2007-10-11,1,2,20,1,2017-01-10,2014-02-10,3,4,1970-01-01,20,5,,,,6,4000,1500
422619,2017-08-05T16:58:48Z,44227,1964-12-19,1,2011-01-13,3,1,0,3,1996-12-10,1996-12-10,5,7,2006-05-10,30,3,4,2,6,1,8000,4000
422080,2017-08-05T08:45:31Z,59153,1995-01-25,1,2013-06-06,4,1,0,1,1995-05-10,1995-05-10,6,8,1970-01-01,0,5,,,,5,2500,2000
422414,2017-08-05T13:53:56Z,59241,1995-10-10,2,2011-12-07,4,0,,1,2013-08-10,2013-08-10,3,4,1970-01-01,4,4,,,11,2,4000,3000
419815,2017-08-04T17:14:05Z,59057,1992-07-29,2,2009-02-17,1,0,,1,1992-07-10,1992-07-10,14,17,2016-10-10,1,1,12,3,,6,9000,3000
419367,2017-08-04T12:14:20Z,58962,1998-01-03,2,2014-01-21,4,0,,3,2017-01-10,2011-10-10,11,3,1970-01-01,2,4,,,9,2,8000,2000
416524,2017-08-03T12:52:57Z,44459,1990-11-21,2,2016-09-10,4,0,0,5,2016-07-10,2016-07-10,15,18,2016-05-10,7,1,12,2,,6,7500,2000
417041,2017-08-03T23:19:30Z,58846,1990-06-21,2,2007-04-12,4,0,,5,2014-06-10,2008-03-10,19,23,2014-04-10,5,1,7,2,4,1,8000,4000
418877,2017-08-04T06:55:37Z,58880,1994-11-17,2,2010-12-29,4,0,,3,2013-04-10,2013-04-10,18,22,2016-04-10,1,1,6,5,,5,6000,4000
419105,2017-08-04T09:40:55Z,46766,1999-06-27,2,2015-08-04,4,0,,5,2016-08-10,2016-08-10,3,4,2016-08-10,1,1,7,1,11,2,5000,2500
419586,2017-08-04T14:34:50Z,58965,1992-11-24,2,2009-05-15,4,0,,1,2000-05-10,2000-05-10,9,11,2016-09-10,1,1,2,3,1,1,5000,3500
420053,2017-08-04T20:08:20Z,59090,1994-01-28,2,1994-01-28,4,0,,3,1994-04-10,1994-04-10,8,10,2016-06-10,6,1,12,5,,6,9000,4500
419561,2017-08-04T14:15:17Z,58968,1987-05-06,1,2003-07-26,4,0,5,1,2014-05-10,2003-04-10,13,23,2017-04-10,7,1,8,1,,6,6500,5000
419163,2017-08-04T10:10:41Z,58930,1986-12-16,1,2009-09-24,3,2,4,1,2010-10-10,2003-06-10,16,20,2015-02-10,5,3,7,5,4,1,6000,4000
419353,2017-08-04T12:07:40Z,58824,1972-05-05,2,2009-05-27,1,1,1,4,2016-02-10,2014-12-10,8,10,2016-04-10,10,3,13,1,4,1,35000,25000
418799,2017-08-04T05:09:12Z,58864,1991-09-05,2,2007-12-21,4,0,,4,2012-06-10,2012-06-10,8,10,2012-03-10,5,1,13,3,11,2,10000,8000
418831,2017-08-04T06:06:12Z,50308,1987-02-09,2,2003-12-16,4,0,,1,2010-09-10,2010-09-10,18,22,2011-09-10,15,1,12,4,,6,6500,3000
419543,2017-08-04T13:55:14Z,30958,1992-07-01,1,2013-09-26,3,1,2,5,2017-02-10,2017-02-10,16,20,2013-03-10,5,1,8,4,,6,2300,800
420060,2017-08-04T20:10:59Z,59088,1997-01-03,1,2013-02-23,4,0,,5,1997-01-10,1997-01-10,8,10,2016-07-10,1,1,12,3,,6,9000,6000
419635,2017-08-04T15:08:51Z,58993,1989-06-18,1,2005-07-22,4,1,6,5,2016-06-10,2012-06-10,11,16,1970-01-01,11,5,,,9,2,5500,3500
419007,2017-08-04T08:45:39Z,58905,1971-08-01,2,1996-12-11,3,1,9,1,2004-10-10,2007-07-10,11,14,2010-10-10,26,1,7,6,4,2,8000,4000
419247,2017-08-04T10:58:24Z,58943,1995-01-02,2,2012-02-13,4,0,,1,2016-01-10,2007-11-10,18,22,2015-01-10,4,1,12,4,6,1,12000,8000
418897,2017-08-04T07:17:59Z,58883,1986-08-20,2,2003-03-20,4,0,,1,1986-08-10,1986-08-10,8,10,2016-10-10,10,1,12,3,4,1,7500,5000
419695,2017-08-04T15:41:30Z,59034,1990-01-19,2,2007-01-16,4,0,,5,1990-01-10,1990-01-10,8,10,2017-06-10,2,1,3,4,10,1,6000,3000
418853,2017-08-04T06:35:13Z,58875,1996-10-14,2,2012-12-14,4,0,,1,2014-08-10,2014-08-10,11,14,2016-03-10,2,1,9,3,11,2,5000,4000
419454,2017-08-04T13:10:07Z,58987,1990-07-31,1,2012-06-08,3,2,5,1,2016-02-10,2016-02-10,8,10,1970-01-01,3,5,,,9,1,7000,5000
419189,2017-08-04T10:31:37Z,58939,1993-09-11,2,1993-09-28,4,0,,4,2001-12-10,2001-12-10,3,4,2016-01-10,15,1,7,2,11,1,8000,6000
419895,2017-08-04T17:56:27Z,59065,1995-07-08,2,2014-07-30,4,0,,1,2011-07-10,2011-07-10,12,15,1970-01-01,4,4,,,6,2,3000,2000
416509,2017-08-03T12:47:50Z,11326,1990-05-25,1,2012-10-24,1,1,4,1,2008-07-10,2008-07-10,10,12,1970-01-01,5,5,,,,6,6000,1000
416595,2017-08-03T13:37:30Z,58750,1979-12-13,2,1979-02-17,3,2,0,5,1979-12-10,1979-12-10,13,16,2016-09-10,20,1,6,1,,6,6000,2800
415987,2017-08-03T04:23:24Z,58607,1995-04-02,2,2015-03-27,4,0,,5,2014-01-10,2014-01-10,23,27,2016-10-10,3,1,6,3,10,1,6500,3000
416130,2017-08-03T07:47:34Z,50747,1989-03-12,1,2007-07-23,3,2,0,5,1995-03-10,1995-03-10,7,9,2013-02-10,8,1,12,6,4,2,6000,3000
416247,2017-08-03T09:38:05Z,58664,1994-02-10,1,2015-05-06,3,1,2,1,2011-09-10,2017-03-10,8,10,2017-02-10,5,6,12,6,,6,5000,3000
416690,2017-08-03T14:55:54Z,58774,1994-11-23,2,1994-11-23,4,0,,4,2014-04-10,2014-04-10,14,17,2016-08-10,2,1,6,5,,6,6500,2000
414288,2017-08-02T22:36:57Z,58590,1984-06-09,1,2015-06-26,1,1,4,5,2014-09-10,2004-01-10,8,13,2014-09-10,12,1,3,2,4,1,12000,6000
416138,2017-08-03T07:49:53Z,58634,1988-06-07,2,2005-02-25,3,1,3,1,2005-02-10,2005-02-10,11,14,2017-01-10,1,1,6,5,,6,8700,5000
416152,2017-08-03T08:02:13Z,58639,1983-06-13,2,1999-12-01,3,1,2,4,2000-02-10,2000-02-10,4,6,2016-11-10,16,1,13,6,4,1,50000,15000
416757,2017-08-03T15:54:10Z,58723,1982-07-04,1,2010-05-26,3,1,9,5,1987-01-10,1987-01-10,4,6,2003-09-10,13,3,5,3,9,7,6000,3000
416729,2017-08-03T15:20:05Z,58778,1989-07-26,1,2005-11-09,1,2,0,5,2008-02-10,2008-02-10,6,8,2015-12-10,0,3,10,6,6,2,4000,2000
416200,2017-08-03T08:55:41Z,58652,1999-02-20,2,2015-05-05,4,0,,1,2016-09-10,2016-09-10,8,10,2017-04-10,1,1,11,5,5,2,6000,600
416943,2017-08-03T19:35:10Z,41508,1975-03-12,1,2001-03-20,2,1,15,5,2005-05-10,2005-05-10,5,7,2012-05-10,12,3,7,6,6,2,5000,3000
416565,2017-08-03T13:15:15Z,51432,1996-04-01,2,2014-03-18,4,0,,1,2016-12-10,2002-11-10,18,12,2015-11-10,5,1,2,5,,6,7000,5000
413900,2017-08-02T15:48:23Z,58519,1988-02-09,1,2013-11-14,3,0,,5,2004-05-10,2004-05-10,3,4,1970-01-01,1,5,,,,6,4500,3500
413460,2017-08-02T10:48:17Z,44668,1977-04-11,2,1999-07-01,3,2,10,1,2012-07-10,1988-11-10,7,9,2009-11-10,7,1,8,2,4,7,6000,2000
413179,2017-08-02T07:38:46Z,58381,1981-10-22,2,2011-10-26,3,1,10,4,2014-12-10,1993-06-10,21,5,2016-10-10,10,3,12,6,9,1,10000,6000
413215,2017-08-02T07:59:10Z,57806,1992-10-25,2,2009-02-04,4,0,,5,2010-08-10,1992-10-10,16,20,2013-12-10,4,1,6,4,9,1,8000,3000
413513,2017-08-02T11:35:09Z,58451,1994-10-04,2,2011-09-01,4,0,,5,2007-05-10,2007-05-10,20,24,2017-04-10,3,1,1,5,4,1,10300,4000
414109,2017-08-02T18:09:22Z,58556,1993-02-22,1,2016-05-20,3,1,1,1,2014-02-10,2014-02-10,19,23,2017-01-10,0,6,9,5,10,1,4000,2500
413625,2017-08-02T12:28:26Z,58476,1993-10-20,1,2010-07-08,4,0,,5,2000-01-10,2000-01-10,21,25,2016-12-10,2,1,4,3,6,1,12000,3500
413321,2017-08-02T09:29:26Z,57663,1976-10-30,2,2003-05-28,3,2,13,1,1992-02-10,1992-02-10,18,22,2005-03-10,24,3,12,6,1,1,15000,3000
412984,2017-08-02T01:12:34Z,58343,1996-03-08,1,2012-04-28,1,1,0,1,2017-07-10,2000-03-10,11,8,2016-12-10,2,3,6,6,10,2,15000,10000
410998,2017-08-01T15:10:11Z,49469,1986-08-20,2,2002-08-27,3,1,0,6,2014-04-10,1989-08-10,13,15,2017-02-10,10,1,3,5,2,1,18000,15000
413265,2017-08-02T08:43:43Z,58248,1994-11-26,1,2011-08-18,4,0,,5,1994-05-10,1994-05-10,9,11,2017-05-10,4,1,12,5,10,1,6730,5000
414246,2017-08-02T20:58:43Z,12884,1998-03-22,2,2014-04-11,4,0,,1,2010-12-10,2010-12-10,3,4,2017-04-10,0,1,6,6,,6,3500,1500
414213,2017-08-02T20:00:18Z,35166,1987-06-11,2,2004-03-04,4,0,,3,1992-08-10,1992-08-10,12,15,2016-06-10,10,1,12,3,11,2,4000,3000
411079,2017-08-01T16:17:21Z,58261,1993-05-13,2,2013-11-02,4,0,,5,2016-05-10,2009-06-10,13,2,2014-05-10,3,3,3,5,2,2,8000,3000
414124,2017-08-02T18:20:44Z,58557,1996-08-21,1,2012-10-26,4,0,,1,2017-04-10,2012-10-10,8,6,2017-03-10,2,1,12,5,4,2,6000,3000
414112,2017-08-02T18:10:30Z,58559,1992-02-01,2,2009-02-27,4,0,,1,2001-07-10,2001-07-10,14,17,2016-06-10,8,1,7,5,,6,8000,6000
414070,2017-08-02T17:38:07Z,58547,1972-10-30,1,2000-04-27,2,1,0,5,2003-12-10,2003-12-10,8,10,2010-08-10,23,1,10,1,6,1,9000,4500
414066,2017-08-02T17:36:25Z,58545,1978-02-17,2,2002-01-12,3,0,,5,1998-05-10,1998-05-10,8,10,2016-05-10,10,1,10,3,,6,6000,4000
411321,2017-08-01T22:38:36Z,58331,1993-09-09,2,2009-11-12,1,1,0,4,1993-09-10,1993-09-10,3,4,2015-01-10,2,1,11,6,,6,10000,3000
413025,2017-08-02T04:25:01Z,58347,1987-02-20,2,2003-06-20,3,1,4,3,1996-01-10,1996-01-10,21,25,2012-06-10,7,1,3,3,6,1,7000,4000
413219,2017-08-02T08:00:26Z,58384,1985-06-02,2,2002-02-04,3,0,,1,1999-01-10,1999-01-10,4,6,2010-06-10,12,1,12,4,3,2,12000,8000
413149,2017-08-02T07:21:04Z,58373,1985-05-30,2,2001-10-03,3,1,0,5,2006-08-10,2006-08-10,3,4,2007-05-10,10,1,6,5,11,2,8500,6000
413074,2017-08-02T05:45:46Z,57157,1995-04-17,2,2011-05-19,4,0,,1,2013-12-10,2013-12-10,1,2,1970-01-01,0,2,,,6,1,2600,2500
413372,2017-08-02T09:53:31Z,26525,1974-12-22,2,2011-10-18,4,0,,5,2006-07-10,2006-07-10,18,22,2010-11-10,25,1,11,1,4,1,7000,2000
413821,2017-08-02T14:33:17Z,34998,1990-03-22,2,2006-03-31,2,1,5,5,2006-03-10,2006-03-10,11,14,2016-10-10,6,1,12,3,4,1,12000,6000
407324,2017-07-31T07:47:00Z,57831,1994-05-04,2,2010-12-30,2,1,2,5,2001-01-10,2001-01-10,1,2,2016-04-10,3,1,7,5,4,1,6000,4000
410599,2017-08-01T11:38:09Z,58130,1993-02-25,2,2009-04-30,3,0,,5,1995-09-10,1995-09-10,9,11,2014-02-10,8,3,12,3,,6,11000,8000
410634,2017-08-01T11:59:23Z,58163,1991-04-28,2,2007-06-21,1,0,,5,2003-05-10,2003-05-10,1,2,2012-07-10,5,1,12,6,,6,5000,3000
410632,2017-08-01T11:59:09Z,58164,1990-06-09,2,2006-09-01,4,0,,1,1998-10-10,1998-10-10,14,17,2017-05-10,10,1,11,6,4,1,5500,2000
408405,2017-07-31T23:01:05Z,55085,1990-01-29,2,2006-09-09,3,1,1,5,1994-02-10,1994-02-10,4,6,1970-01-01,10,5,,,5,1,3000,2500
411178,2017-08-01T17:58:55Z,58296,1978-08-18,1,2012-10-23,3,1,0,4,2004-01-10,2004-01-10,18,22,2008-04-10,17,1,5,2,4,2,7000,2000
410403,2017-08-01T09:31:23Z,22352,1989-06-24,2,2006-02-28,4,0,,1,1989-06-10,1989-06-10,10,12,2015-02-10,2,1,12,2,9,1,4000,1500
410740,2017-08-01T12:50:23Z,58193,1986-06-23,2,2003-04-09,4,0,,1,2016-01-10,1986-01-10,8,24,2009-01-10,8,1,11,1,9,1,15000,9000
410358,2017-08-01T09:06:32Z,58095,1994-05-19,2,2010-07-12,4,0,,1,2013-09-10,2013-09-10,3,4,2012-05-10,4,6,3,6,11,1,7000,5000
408255,2017-07-31T18:46:30Z,1382,1988-09-26,1,2005-07-13,3,2,7,5,2014-09-10,2007-02-10,13,16,2013-05-10,3,6,12,6,,6,4200,1500
410989,2017-08-01T15:06:29Z,58234,1979-04-28,2,1996-05-23,3,2,3,1,1992-02-10,1992-02-10,2,3,2012-03-10,5,1,6,3,2,1,7000,4000
411074,2017-08-01T16:14:05Z,58049,1985-08-30,1,2014-10-09,4,0,,1,1995-06-10,1995-06-10,13,16,2015-03-10,12,1,12,3,4,1,6000,2200
411237,2017-08-01T19:18:32Z,58308,1978-10-03,1,1995-07-14,4,0,,5,2014-08-10,2014-08-10,9,11,2010-07-10,18,1,7,3,6,7,12000,10000
407978,2017-07-31T15:40:20Z,34523,1986-06-14,2,2002-08-22,1,0,0,5,1986-06-10,1986-06-10,3,4,2012-01-10,12,1,9,3,10,2,12700,1500
410485,2017-08-01T10:30:27Z,58124,1988-08-15,1,2012-09-28,1,0,,5,2016-03-10,2016-03-10,6,8,2015-06-10,2,3,7,6,6,2,8200,6000
410690,2017-08-01T12:28:56Z,20737,1982-06-06,1,2004-08-04,2,2,0,5,1982-06-10,1982-06-10,3,4,1970-01-01,9,5,,,9,1,3500,1500
410457,2017-08-01T10:02:30Z,58110,1991-07-04,2,2007-08-10,3,0,,1,1999-04-10,1999-04-10,14,17,2010-05-10,7,1,6,5,,6,8000,2000
410747,2017-08-01T12:52:03Z,58133,1995-03-28,2,2011-05-10,4,0,,5,1995-03-10,1995-03-10,14,17,2017-06-10,5,1,2,5,11,2,4000,2500
410674,2017-08-01T12:20:45Z,58174,1979-02-26,2,2009-09-07,1,2,0,1,1994-02-10,1979-02-10,5,7,2001-01-10,16,3,11,6,9,7,15000,8000
410237,2017-08-01T07:26:20Z,58057,1989-08-23,2,2014-12-18,4,0,,1,2016-10-10,2016-10-10,13,16,2016-01-10,2,6,12,6,11,2,12000,5000
410810,2017-08-01T13:16:56Z,58204,1994-10-30,1,2015-07-20,3,1,0,5,1997-10-10,1997-10-10,3,4,1970-01-01,4,5,,,,5,4000,2700
410464,2017-08-01T10:05:13Z,58106,1989-08-31,1,2014-03-26,3,0,,5,1992-04-10,1992-04-10,3,4,2014-07-10,6,1,11,6,4,2,3000,700
411283,2017-08-01T20:34:06Z,58322,1994-06-05,2,2010-10-28,4,0,,1,2010-10-10,2010-10-10,2,3,2012-09-10,5,1,7,6,,6,7000,3000
410268,2017-08-01T07:53:24Z,46747,1985-11-19,1,2007-12-20,3,1,0,5,2014-03-10,1985-11-10,5,7,2005-05-10,10,3,6,6,6,1,6000,2500
410942,2017-08-01T14:38:26Z,58242,1984-03-12,2,2001-01-24,3,2,0,3,2010-03-10,2010-03-10,7,9,2007-09-10,10,1,6,5,11,1,17000,3000
410325,2017-08-01T08:38:38Z,54698,1990-12-13,2,2015-05-25,4,0,,5,2004-07-10,2004-07-10,3,4,2011-05-10,5,1,12,6,4,2,5000,2000
407646,2017-07-31T11:44:02Z,57903,1992-10-04,2,2009-12-09,4,0,,5,1992-10-10,1992-10-10,18,22,2015-09-10,3,3,4,6,11,1,6500,4500
407595,2017-07-31T11:00:21Z,57886,1986-10-07,2,2003-04-22,4,0,,1,2003-04-10,2003-04-10,18,22,2017-01-10,12,1,6,4,4,2,6000,2000
407277,2017-07-31T07:17:40Z,57821,1991-03-26,1,2012-11-27,2,2,0,1,2009-09-10,2009-09-10,12,15,2016-05-10,6,6,12,6,,5,4000,2500
407202,2017-07-31T06:12:44Z,57810,1995-01-31,1,2011-07-25,4,0,,5,2012-09-10,2012-09-10,12,15,2017-06-10,12,1,5,1,4,2,4500,1000
407463,2017-07-31T09:40:40Z,57861,1980-11-25,2,2001-02-02,4,0,,5,1999-07-10,1999-07-10,8,10,2015-03-10,15,1,11,4,11,2,15000,2500
405103,2017-07-30T21:03:33Z,9354,1988-04-02,2,2004-08-19,3,0,,3,2005-10-10,2005-10-10,8,10,2014-06-10,11,1,4,6,3,7,45000,37000
408164,2017-07-31T17:31:38Z,57986,1986-03-15,2,2002-08-13,3,2,0,5,2015-09-10,2000-05-10,14,5,2016-11-10,12,1,12,6,,6,13000,7000
408346,2017-07-31T20:25:17Z,58007,1991-02-09,2,2008-09-26,3,0,,5,2012-09-10,2012-09-10,11,14,2017-06-10,1,1,2,5,,6,10000,3500
408325,2017-07-31T20:04:41Z,56344,1992-11-12,1,2008-11-28,4,0,,1,2008-11-10,2008-11-10,6,8,2015-06-10,3,1,12,6,8,1,3000,2000
407455,2017-07-31T09:32:07Z,57840,1997-01-30,2,2013-04-26,4,0,,5,1997-01-10,1997-01-10,6,8,1970-01-01,0,4,,,9,1,5000,3500
407156,2017-07-31T04:56:58Z,57800,1990-10-22,1,2015-12-25,2,1,0,5,1990-12-10,1990-12-10,3,4,2005-01-10,12,1,6,5,5,1,7000,5000
407401,2017-07-31T08:46:40Z,4845,1977-11-17,1,1996-12-24,2,0,,1,2000-08-10,2000-08-10,6,8,2003-04-10,14,1,8,5,,6,5000,1700
407328,2017-07-31T07:49:48Z,57273,1995-02-10,2,2011-03-03,4,0,,1,2000-02-10,2000-02-10,6,8,2014-05-10,4,1,1,4,,5,7100,3000
407237,2017-07-31T06:47:51Z,57815,1985-10-05,2,2003-06-25,3,2,0,1,2016-06-10,2016-06-10,8,10,2016-05-10,13,1,12,2,4,2,13000,5000
407656,2017-07-31T11:49:30Z,57901,1991-07-20,1,2012-06-12,3,2,0,1,2012-06-10,2012-06-10,8,10,2015-09-10,2,6,12,6,,3,2500,2000
408032,2017-07-31T15:59:54Z,57960,1989-07-01,2,2005-07-12,3,0,,5,1989-07-10,1989-07-10,8,10,1970-01-01,6,5,,,4,7,6000,2500
408198,2017-07-31T17:57:45Z,44583,1976-02-23,1,2002-03-05,2,1,17,5,2004-10-10,2004-10-10,4,6,2003-04-10,25,1,8,5,,5,3700,1000
407282,2017-07-31T07:19:31Z,57469,1992-11-26,2,2009-11-27,3,1,3,5,2004-09-10,2004-09-10,4,6,2013-10-10,4,1,13,4,8,1,3500,3000
407761,2017-07-31T12:48:00Z,57920,1991-01-21,1,2007-04-27,4,0,,1,2016-06-10,2015-03-10,20,24,2010-08-10,6,1,8,3,7,1,4000,1500
408073,2017-07-31T16:25:34Z,57974,1983-06-28,2,2009-06-12,4,2,0,5,1983-06-10,1983-06-10,2,3,2014-05-10,12,1,12,3,,6,55000,3500
405135,2017-07-30T22:39:02Z,57782,1993-01-09,1,2009-06-02,4,0,,5,2005-11-10,1995-01-10,8,11,2012-09-10,5,1,3,3,4,1,8000,6000
407448,2017-07-31T09:24:08Z,5131,1983-08-13,2,2000-01-05,3,1,5,5,1983-08-10,1983-08-10,13,16,2013-04-10,11,1,6,4,11,1,15000,6000
407911,2017-07-31T14:51:50Z,55618,1980-05-10,2,1996-06-30,2,2,0,5,1980-05-10,1980-05-10,3,4,2013-11-10,3,1,7,4,11,2,5000,2500
407951,2017-07-31T15:16:15Z,57953,1994-05-15,2,2010-06-18,4,0,,1,2017-01-10,2002-11-10,8,13,2015-05-10,2,1,7,2,6,1,8000,6800
407799,2017-07-31T13:09:21Z,57931,1993-01-21,2,2009-08-05,4,0,,1,2015-04-10,1993-01-10,10,12,2017-03-10,3,1,6,1,11,1,5000,2000
407946,2017-07-31T15:13:45Z,49171,1990-02-19,2,2006-10-19,3,0,,5,1990-02-10,1990-02-10,13,16,2015-11-10,2,1,11,5,11,2,9000,3000
404430,2017-07-30T09:32:33Z,57617,1967-12-19,2,1998-02-20,3,2,0,4,2013-01-10,2013-01-10,8,10,2007-06-10,10,3,6,6,3,1,30000,20000
404191,2017-07-30T05:15:06Z,57576,1969-02-02,2,2009-04-05,4,0,,5,2006-10-10,2006-10-10,3,4,2010-03-10,11,1,6,5,,6,6500,5850
405000,2017-07-30T17:41:16Z,9318,1987-03-07,2,2011-04-06,3,0,,5,1987-04-10,1987-04-10,15,18,2010-05-10,7,1,3,1,,6,10000,2000
404453,2017-07-30T09:47:47Z,57616,1989-06-24,2,2009-01-22,3,1,0,4,1995-11-10,1995-11-10,11,14,2017-07-10,4,1,13,5,4,2,8000,3000
404511,2017-07-30T10:26:03Z,5427,1995-08-04,2,2011-09-01,4,0,,1,1995-08-10,1995-08-10,16,20,1970-01-01,1,5,,,,6,5000,4000
404706,2017-07-30T12:36:34Z,42779,1968-04-18,1,1999-09-21,2,2,0,3,2002-06-10,2002-06-10,3,4,2015-08-10,30,1,8,3,7,1,8500,3000
404553,2017-07-30T10:43:00Z,56949,1993-03-10,2,2009-04-15,4,0,,2,1993-03-10,1993-03-10,20,24,2013-05-10,3,1,12,5,5,1,8000,6000
404258,2017-07-30T06:37:07Z,57591,1987-03-12,1,2008-05-16,3,1,0,1,2006-09-10,2012-09-10,18,22,2015-04-10,12,1,5,6,,6,4500,500
404942,2017-07-30T16:19:59Z,57733,1983-04-06,1,1999-12-27,4,0,,5,1992-06-10,1992-06-10,12,15,2012-10-10,12,1,2,2,4,1,8500,1000
404138,2017-07-30T02:18:48Z,57565,1990-05-24,1,2006-06-23,1,0,,1,2008-03-10,2008-03-10,23,27,1970-01-01,0,5,,,6,1,10000,6000
404455,2017-07-30T09:48:49Z,57503,1987-03-16,1,2014-09-20,3,0,,5,2011-01-10,2011-01-10,13,16,2016-10-10,4,1,8,4,7,1,11000,8000
404569,2017-07-30T10:51:59Z,57642,1994-09-20,2,2010-11-18,4,0,,5,1994-09-10,1994-09-10,23,27,2011-09-10,5,3,4,6,4,1,7500,3500
404287,2017-07-30T07:05:02Z,57148,1993-10-27,2,2014-07-12,3,1,0,5,1993-10-10,1993-10-10,1,2,2013-03-10,4,1,2,4,,6,6000,1000
404383,2017-07-30T09:08:31Z,57611,1998-05-27,2,2014-07-19,4,0,,5,2005-05-10,2005-05-10,2,3,2017-04-10,3,1,1,5,,6,7000,3000
404181,2017-07-30T04:33:25Z,57578,1990-03-20,1,2006-05-03,4,0,,5,2012-11-10,2012-11-10,8,10,2017-04-10,6,1,12,4,4,1,10000,5000
404323,2017-07-30T07:48:32Z,57602,1990-12-24,1,2016-05-19,4,0,,5,1990-12-10,1990-12-10,9,11,2016-07-10,8,1,11,2,10,1,6000,5000
404703,2017-07-30T12:36:05Z,27916,1991-08-19,2,2007-12-13,4,0,,1,1991-08-10,1991-08-10,4,6,2014-03-10,6,6,6,3,10,1,5000,2000
404813,2017-07-30T14:21:10Z,57697,1988-08-11,2,2005-01-19,4,0,,5,1991-02-10,1991-02-10,6,8,2010-10-10,6,1,12,1,4,1,8000,1500
404959,2017-07-30T16:49:07Z,57738,1985-04-28,1,2012-07-19,3,3,0,4,2007-12-10,2007-12-10,21,25,1970-01-01,6,5,,,,3,6500,2500
404235,2017-07-30T06:08:12Z,57588,1986-11-19,2,2003-05-03,3,1,4,1,2007-07-10,2007-07-10,19,23,2016-01-10,10,1,11,2,4,2,3500,2000
401503,2017-07-29T11:01:16Z,56658,1999-01-10,1,2015-04-02,1,1,1,1,2003-04-10,2003-04-10,3,4,2015-03-10,3,3,12,6,6,2,4800,2500
401288,2017-07-29T08:03:51Z,57338,1992-01-30,2,2008-03-19,4,0,,4,1992-01-10,1992-01-10,17,21,2016-02-10,1,1,12,2,9,1,10000,6000
402086,2017-07-29T18:09:00Z,57513,1977-02-22,1,2002-10-08,1,1,23,5,1990-05-10,1990-05-10,16,20,2014-02-10,15,6,6,2,4,1,6800,1800
402041,2017-07-29T17:27:19Z,57508,1995-07-19,2,2011-09-11,4,0,,1,1997-02-10,1997-02-10,14,17,2016-09-10,4,1,12,3,11,1,6000,3000
401791,2017-07-29T14:25:48Z,55502,1993-10-23,1,2015-07-09,3,1,2,5,2014-12-09,2014-12-09,1,2,2013-08-09,4,6,12,6,,6,1860,700
398886,2017-07-28T15:56:39Z,57225,1987-08-17,2,2005-03-26,4,0,0,5,2003-10-10,2003-10-10,6,8,2015-03-10,10,1,12,4,,6,7000,2000
401788,2017-07-29T14:24:33Z,57455,1992-01-12,2,2008-05-29,4,0,,1,1993-05-10,1993-05-10,3,4,2011-03-10,8,6,3,2,10,1,8000,1500
401445,2017-07-29T10:31:33Z,51407,1991-10-03,2,2008-10-06,4,0,,5,2017-03-10,2017-03-10,12,15,2014-10-10,6,1,3,4,3,1,9500,8000
401986,2017-07-29T16:51:27Z,57497,1992-09-01,1,2009-11-20,3,2,0,1,2011-09-10,1992-09-10,21,25,1970-01-01,0,5,,,10,2,4000,2000
401832,2017-07-29T14:51:15Z,17747,1995-03-08,2,2011-03-08,4,0,,1,2001-01-10,2001-01-10,17,21,2017-02-10,2,1,3,1,4,2,3000,3000
401146,2017-07-29T03:11:57Z,57309,1963-10-21,1,2001-04-18,4,1,0,5,1999-06-10,1999-06-10,8,10,1986-08-10,20,1,8,4,,5,5000,4900
401842,2017-07-29T14:58:39Z,57460,1990-04-20,2,2006-08-22,4,0,,3,1990-04-10,1990-04-10,15,18,2016-06-10,8,3,12,6,7,1,4800,3000
401858,2017-07-29T15:04:18Z,57468,1981-10-10,2,2004-01-26,4,0,,1,1997-10-10,1997-10-10,11,14,2017-04-10,12,1,12,2,,6,6000,2500
401903,2017-07-29T15:45:50Z,57477,1995-09-28,2,2011-12-16,4,0,,1,1995-09-10,1995-09-10,15,18,1970-01-01,0,2,,,11,2,3000,2000
402019,2017-07-29T17:10:50Z,57505,1990-11-21,2,2007-02-26,4,0,,1,1990-01-10,1990-01-10,11,14,2016-11-10,1,6,6,2,10,1,6300,2000
401267,2017-07-29T07:44:19Z,57280,1994-09-29,2,1994-09-18,4,0,,1,2016-09-10,2014-09-10,9,10,2017-07-10,2,1,7,3,11,2,12000,6000
401484,2017-07-29T10:52:30Z,57377,1993-10-22,2,2016-01-13,4,0,,5,1993-10-10,1993-10-10,9,11,2016-11-10,5,1,2,4,,6,3500,3000
401361,2017-07-29T09:24:36Z,28984,1994-03-18,1,2010-04-10,4,0,,4,2008-03-10,2008-03-10,6,8,2016-10-10,9,1,2,2,9,1,5000,3000
401342,2017-07-29T09:04:32Z,55490,1993-11-18,2,2010-06-16,4,0,,1,1993-11-10,1993-11-10,9,11,2017-06-10,5,1,2,5,11,1,5200,1000
401332,2017-07-29T08:55:49Z,57349,1992-03-19,1,2009-02-02,3,1,2,1,2016-11-10,2014-07-10,4,6,2014-08-10,3,6,10,1,3,1,4400,3200
402071,2017-07-29T17:54:59Z,57515,1987-05-16,2,2003-05-23,3,0,,1,2014-09-10,2014-09-10,3,4,2006-10-10,11,1,6,5,11,1,4000,3000
402081,2017-07-29T18:07:06Z,57516,1986-11-02,2,2003-11-18,3,1,1,5,2013-12-10,2013-12-10,8,10,2004-11-10,13,1,1,5,1,1,12000,5000
401586,2017-07-29T12:12:53Z,57406,1981-04-16,2,1998-08-06,3,1,4,3,2002-04-10,2002-04-10,21,25,2015-09-10,11,1,12,4,8,1,12500,2000
401165,2017-07-29T03:39:42Z,56713,1981-05-12,2,1997-06-03,4,0,,4,1995-10-10,1995-10-10,3,4,2011-01-10,17,1,2,1,,6,7000,2000
401380,2017-07-29T09:50:20Z,57347,1985-04-07,2,2017-02-16,3,1,6,1,2015-01-10,2012-01-10,1,2,2016-01-10,7,1,7,3,,6,20000,5000
401273,2017-07-29T07:51:39Z,57334,1990-08-02,2,2006-09-20,3,1,2,1,2016-05-10,2002-07-10,8,13,2015-10-10,5,1,3,3,11,1,7000,5000
401471,2017-07-29T10:47:31Z,57366,1991-05-25,2,2010-03-25,1,1,6,1,2012-02-10,1997-09-10,1,16,2017-05-10,48,1,7,5,,6,6000,1500
398628,2017-07-28T13:10:56Z,57175,1985-08-26,2,2002-08-06,4,0,,5,2002-09-10,2002-09-10,11,14,2017-04-10,1,1,11,2,11,2,8000,4000
398376,2017-07-28T10:40:59Z,57110,1995-08-18,2,2012-11-21,4,0,,5,2000-08-10,2000-08-10,9,11,2016-05-10,2,1,3,3,9,2,12000,4000
398386,2017-07-28T10:47:02Z,57120,1991-07-19,1,2007-08-16,4,0,,5,1991-07-10,1991-07-10,10,12,2012-03-10,5,3,12,6,,6,8600,1000
395288,2017-07-27T09:53:29Z,54810,1971-09-09,2,2006-12-08,3,2,0,3,2003-06-10,2003-06-10,10,12,2004-06-10,29,6,13,5,10,1,90000,40000
398723,2017-07-28T14:13:57Z,57188,1994-10-23,2,2011-01-04,4,0,,1,1994-11-10,1994-11-10,9,11,1970-01-01,3,5,,,11,2,2500,2000
398204,2017-07-28T07:52:55Z,57072,1985-09-26,2,2015-01-27,4,0,,5,2015-09-10,1998-09-10,8,12,2014-02-10,3,3,12,6,11,1,8000,6000
398070,2017-07-28T05:34:16Z,57053,1989-02-27,1,2011-06-18,3,2,2,1,1991-02-10,1991-02-10,4,6,1970-01-01,5,5,,,4,1,6000,3000
398902,2017-07-28T16:08:50Z,57229,1991-07-13,2,2007-09-29,4,0,,1,2016-10-10,2016-10-10,13,16,2016-05-10,3,1,7,2,11,1,10000,5000
398415,2017-07-28T11:08:13Z,46638,1984-03-19,2,2001-07-31,4,0,0,5,2001-09-10,2001-09-10,13,16,2016-11-10,11,1,6,2,10,7,11000,3000
398390,2017-07-28T10:53:07Z,57130,1988-02-04,2,2004-06-29,4,0,,1,2002-09-10,2002-09-10,13,16,1970-01-01,11,5,,,4,1,17000,13000
398796,2017-07-28T14:51:30Z,57208,1993-05-24,2,2010-01-14,3,1,1,1,2004-11-10,2004-11-10,8,10,2017-03-10,3,3,7,6,4,2,12000,9000
398113,2017-07-28T06:45:47Z,57058,1992-04-16,2,2008-07-09,4,0,,5,2014-03-10,2014-03-10,8,10,2015-03-10,5,1,2,1,4,1,7300,4000
398220,2017-07-28T08:03:38Z,57074,1995-08-05,2,2011-08-25,4,0,,5,1995-09-10,1995-09-10,8,10,2015-06-10,2,1,13,5,4,1,12000,3000
398267,2017-07-28T08:51:34Z,57089,1988-08-03,1,2004-08-26,4,1,0,1,1988-08-10,1988-08-10,20,24,2016-04-10,1,1,6,3,,5,4000,1500
398576,2017-07-28T12:43:57Z,57160,1996-07-09,2,2012-09-27,4,0,,3,1996-07-10,1996-07-10,16,20,2012-02-10,5,1,11,3,,6,10000,3000
396100,2017-07-27T21:18:32Z,57018,1993-12-07,2,2010-02-12,4,0,,5,1996-05-10,1996-05-10,6,8,2014-01-10,3,1,6,4,4,2,6500,3500
398424,2017-07-28T11:10:32Z,57131,1986-10-15,1,2003-12-18,4,1,0,5,2012-12-10,2012-12-10,1,2,2016-03-10,8,1,12,6,4,2,7500,5000
396114,2017-07-27T21:36:43Z,47736,1992-08-21,2,2009-05-20,4,0,,1,2005-08-10,2005-08-10,11,14,2015-07-10,2,1,12,1,4,1,5500,2000
398420,2017-07-28T11:09:22Z,43724,1992-11-25,2,2009-05-25,4,0,,1,1992-11-10,1992-11-10,13,16,2013-05-10,4,1,12,3,,6,12000,2000
397993,2017-07-28T00:38:29Z,57031,1987-06-19,2,2003-08-26,3,2,1,3,2000-06-10,2000-06-10,12,15,2012-09-10,5,1,8,2,7,1,15000,12000
394934,2017-07-27T04:25:26Z,26755,1983-10-21,2,2003-04-26,4,0,,4,1985-01-10,1985-01-10,6,8,2004-01-10,10,6,2,4,9,7,27000,18000
395181,2017-07-27T08:41:13Z,56748,1990-04-30,2,2006-07-27,3,0,,1,1992-02-10,1992-02-10,14,17,2004-10-10,3,1,6,4,,6,6000,4000
393048,2017-07-26T20:36:14Z,29602,1984-09-12,2,2017-03-16,3,1,1,1,2003-01-10,2003-01-10,3,4,2014-04-10,10,1,6,1,,6,6000,300
395570,2017-07-27T12:47:22Z,55182,1988-06-20,2,1988-06-20,4,0,,5,1988-06-10,1988-06-10,18,22,2015-05-10,36,1,2,6,,6,7000,3000
395094,2017-07-27T07:38:29Z,55113,1989-02-09,1,2015-10-22,4,0,,1,1989-02-10,1989-02-10,18,22,2017-04-10,2,1,11,5,4,1,5000,3000
395131,2017-07-27T08:08:12Z,56751,1983-02-18,2,2004-07-24,3,1,2,5,2001-07-10,2001-07-10,9,11,2012-09-10,3,6,3,4,,6,8000,5500
395423,2017-07-27T11:18:50Z,56846,1993-12-05,2,2010-01-22,4,0,,1,2011-10-10,2011-10-10,8,10,2016-08-10,16,1,13,4,4,1,7200,3000
395972,2017-07-27T17:59:35Z,56989,1988-11-16,2,2004-12-01,4,0,,5,2014-08-10,2014-08-10,8,10,2014-10-10,11,1,7,5,6,1,12000,8000
395270,2017-07-27T09:41:10Z,56792,1981-03-03,1,2004-09-23,1,1,6,1,2003-11-10,2003-11-10,19,23,2012-04-10,15,3,9,6,,6,6000,3000
395485,2017-07-27T11:59:57Z,56873,1978-08-12,2,1995-11-14,3,1,0,1,2002-08-10,2002-08-10,11,14,2008-11-10,15,1,6,1,11,1,9000,8000
395253,2017-07-27T09:28:51Z,56786,1990-06-02,2,2006-06-23,4,0,,1,2015-08-10,2000-10-10,8,20,2014-06-10,3,1,7,5,10,1,13000,9000
395995,2017-07-27T18:36:47Z,56994,1995-02-05,2,2011-07-26,1,0,,1,2016-11-10,1995-02-10,21,25,2016-11-10,4,1,2,2,4,1,8000,1500
395551,2017-07-27T12:38:10Z,55736,1992-11-02,1,2010-02-23,3,1,1,1,2008-04-10,2008-04-10,20,24,2016-05-10,3,6,12,3,4,1,4500,2500
395425,2017-07-27T11:20:00Z,56850,1992-08-16,1,2010-10-07,3,0,,5,1996-06-10,2002-10-10,18,22,2013-11-10,3,1,5,5,4,1,5000,500
394957,2017-07-27T05:24:14Z,56722,1987-11-29,1,2010-06-10,2,1,6,1,2011-03-10,2011-03-10,16,20,2015-01-10,3,1,10,2,6,1,5200,2000
395722,2017-07-27T14:20:54Z,56920,1993-10-03,2,2009-11-30,4,0,,1,2016-09-10,2015-07-10,3,4,2016-09-10,1,1,6,2,10,2,6000,3000
395582,2017-07-27T12:57:18Z,52989,1988-08-10,1,2014-09-20,3,2,9,1,2014-10-10,2000-06-10,18,22,2015-10-10,8,3,11,6,,6,6000,2300
395623,2017-07-27T13:22:11Z,56898,1993-02-26,2,2009-12-14,4,0,,5,1997-08-10,1997-08-10,10,12,2013-02-10,5,1,3,3,,5,4500,2000
395897,2017-07-27T16:30:23Z,56957,1991-02-22,2,2008-10-03,4,0,,5,2015-04-10,2015-04-10,14,17,2016-09-10,3,1,12,2,,6,3700,1600
395165,2017-07-27T08:32:46Z,56763,1984-10-14,1,2001-05-19,1,1,12,5,1984-10-10,1984-10-10,12,15,2008-06-10,9,1,6,5,4,1,8000,2500
395681,2017-07-27T13:55:52Z,56914,1994-11-06,1,2011-01-18,4,0,,5,2016-12-10,2016-12-10,14,17,2016-03-10,2,1,11,6,4,1,7000,7000
395519,2017-07-27T12:24:35Z,32673,1986-05-13,2,2016-06-09,3,1,0,5,2014-05-10,2014-05-10,21,25,2015-07-10,4,1,12,1,2,1,7500,2850
392809,2017-07-26T15:36:02Z,56603,1996-03-30,1,2012-04-24,4,0,,1,2003-01-10,2003-01-10,8,10,2016-07-10,2,1,11,5,,6,6500,5500
390178,2017-07-25T23:17:16Z,56361,1989-11-27,2,2008-08-29,3,0,,1,2014-03-10,2008-08-10,8,10,2017-04-10,10,3,13,6,11,2,15000,3500
392004,2017-07-26T03:03:36Z,56374,1988-10-01,1,2015-01-06,3,0,,1,2014-01-10,2014-01-10,8,10,2009-01-10,8,6,8,6,7,1,9000,2000
391976,2017-07-26T00:47:46Z,53404,1986-02-10,2,2002-07-17,3,0,,1,2010-06-10,1980-01-10,3,21,2016-05-10,0,3,12,3,,6,5800,3500
392578,2017-07-26T12:47:40Z,56522,1988-11-14,1,2010-04-15,4,1,7,5,1991-12-10,1991-12-10,12,15,2016-05-10,3,1,12,3,,6,4300,4300
392326,2017-07-26T09:30:29Z,43168,1992-12-26,2,2009-04-10,4,0,,5,1997-03-10,1997-03-10,14,17,2014-04-10,3,1,6,5,10,2,8000,2000
392199,2017-07-26T07:55:09Z,56409,1986-04-11,2,2003-01-29,3,1,8,3,1986-04-10,1986-04-10,22,26,2002-05-10,15,1,6,5,4,1,6500,6500
392257,2017-07-26T08:41:16Z,56416,1984-12-14,2,2015-07-10,4,0,,1,1984-12-10,1984-12-10,8,10,2012-12-10,5,1,7,3,3,1,15000,5000
392330,2017-07-26T09:33:40Z,56439,1995-12-23,1,2015-08-08,3,1,2,1,2015-05-10,2015-05-10,8,10,2017-02-10,2,3,12,6,4,1,5500,3000
392867,2017-07-26T16:31:47Z,56629,1994-12-23,1,2013-02-13,1,0,,5,1994-12-10,1994-12-10,9,11,2016-12-10,8,1,10,2,10,1,5000,3000
392676,2017-07-26T13:56:06Z,56546,1990-12-17,2,2011-04-05,3,0,,4,2014-06-10,2015-12-10,8,10,2012-04-10,5,1,1,5,9,2,7500,7000
393008,2017-07-26T19:28:01Z,56652,1992-01-24,1,2015-08-13,3,1,0,1,2017-01-10,2017-01-10,10,12,1970-01-01,3,5,,,9,1,1600,500
392380,2017-07-26T10:07:12Z,31664,1980-12-25,2,1998-01-23,4,0,,5,1980-12-10,1980-12-10,20,24,2013-12-10,17,1,6,1,9,1,7000,3000
393055,2017-07-26T20:42:05Z,56678,1982-04-15,1,2001-03-29,3,2,0,1,2006-03-10,2006-03-10,3,4,2005-07-10,12,1,2,2,9,1,6000,4000
392990,2017-07-26T18:53:15Z,56670,1990-11-29,2,2007-04-11,4,0,,4,1993-12-10,1993-12-10,8,10,2016-12-10,7,1,13,5,4,2,16500,11000
390186,2017-07-25T23:43:12Z,56363,1992-02-21,2,2008-05-22,4,0,,5,1996-02-10,1996-02-10,18,22,2015-12-10,4,3,3,3,,6,10000,6000
392507,2017-07-26T12:05:04Z,56502,1988-11-10,1,2005-02-24,1,0,,1,2017-07-10,2017-07-10,8,10,2011-09-10,10,1,11,3,4,7,20000,12000
392895,2017-07-26T16:37:29Z,56626,1990-01-19,2,2016-10-04,4,0,,1,2012-07-10,2012-07-10,9,11,2016-09-10,8,6,6,3,2,1,6000,3000
389053,2017-07-25T07:37:20Z,52868,1995-02-03,2,2011-02-03,1,0,,1,1998-02-10,1998-02-10,9,11,2013-09-10,3,1,2,5,11,2,7100,1500
389183,2017-07-25T09:13:36Z,56198,1993-09-25,2,2010-01-08,4,0,,5,2000-08-10,2000-08-10,14,17,2016-04-10,3,1,1,5,9,2,7300,3000
388897,2017-07-25T00:58:58Z,7451,1995-01-14,2,2011-10-27,4,0,,5,1995-01-10,1995-01-10,1,2,2013-07-10,4,1,13,1,,5,4500,2500
390053,2017-07-25T18:52:28Z,56329,1995-06-22,2,2011-07-14,1,0,,5,2005-01-10,2005-01-10,16,20,2017-04-10,3,1,2,5,7,1,7000,5000
388998,2017-07-25T06:37:39Z,56156,1998-10-30,1,2015-02-19,4,0,,1,1998-10-10,1998-10-10,4,6,1970-01-01,1,4,,,,6,5000,5000
389883,2017-07-25T16:02:28Z,48980,1995-02-13,1,2011-09-07,4,0,,1,1995-02-09,1995-02-09,20,24,2016-09-09,1,1,10,2,6,1,3200,1500
389022,2017-07-25T07:05:40Z,56162,1985-01-24,2,2013-11-20,1,1,6,5,1990-03-10,1990-03-10,3,4,2014-09-10,10,1,6,1,,5,6000,4500
389065,2017-07-25T07:47:51Z,56183,1992-06-01,1,2013-08-10,4,0,,1,2015-03-10,1993-06-10,8,6,2013-09-10,9,1,12,2,10,1,10000,3000
389306,2017-07-25T10:45:47Z,56248,1993-01-15,2,2009-02-13,3,0,,4,1993-01-10,1993-01-10,13,16,2017-02-10,6,1,12,1,,6,7000,3000
389089,2017-07-25T08:08:20Z,56189,1957-10-16,1,2001-08-02,5,1,0,5,1992-03-10,1992-03-10,15,18,1970-01-01,30,2,,,,5,3500,1500
389891,2017-07-25T16:08:33Z,56302,1976-06-20,2,1996-04-24,4,0,,5,2002-04-10,2002-04-10,12,15,1970-01-01,9,2,,,,6,1312,500
389983,2017-07-25T17:21:41Z,56237,1998-11-06,2,2014-12-16,4,0,,1,2017-07-10,2013-04-10,8,18,2017-02-10,0,1,12,5,11,2,9500,5000
389314,2017-07-25T10:50:43Z,56254,1999-02-14,1,2015-04-09,4,0,,1,1999-02-10,1999-02-10,9,11,2017-02-10,0,1,6,3,,5,4000,2000
386606,2017-07-24T14:49:00Z,56021,1996-05-18,2,2012-08-21,4,0,,1,2013-05-10,2013-05-10,15,18,2015-04-10,1,3,12,4,,5,5000,2000
386784,2017-07-24T16:21:20Z,56057,1996-11-22,2,2013-01-03,4,0,,5,2000-02-10,2000-02-10,1,2,2014-04-10,3,3,7,6,4,2,11000,5000
386276,2017-07-24T11:24:19Z,55922,1995-02-25,1,2015-04-24,2,0,,1,2017-02-10,1995-02-10,3,4,2014-03-10,3,1,9,2,11,2,5500,4000
386952,2017-07-24T18:44:46Z,56088,1996-06-05,2,2016-06-08,4,0,,1,2016-11-10,2012-09-10,13,12,2016-11-10,3,1,1,1,,5,7100,7100
386001,2017-07-24T08:56:48Z,55862,1996-01-20,2,2016-08-23,4,0,0,1,2012-07-10,2012-07-10,10,12,2016-02-10,1,1,1,1,,6,7500,5000
385980,2017-07-24T08:35:00Z,53538,1978-04-18,2,2002-08-15,1,0,,5,1982-09-10,1982-09-10,18,22,2015-01-10,15,3,5,6,4,2,9000,9000
386879,2017-07-24T17:39:46Z,56076,1998-01-26,2,2014-02-27,4,0,,1,2007-01-10,2007-01-10,13,16,2017-05-10,1,6,11,3,11,2,5000,5000
386068,2017-07-24T09:31:16Z,42548,1993-08-25,1,2015-04-15,3,0,,5,2004-03-10,2004-03-10,1,2,1970-01-01,5,5,,,4,2,5000,5000
386719,2017-07-24T15:45:22Z,56039,1973-01-03,1,2002-02-01,3,0,,1,2012-09-10,2012-09-10,18,22,2014-09-10,20,1,12,3,4,1,8000,4000
387099,2017-07-24T21:23:39Z,56119,1998-01-20,2,2014-02-21,4,0,,5,1998-02-10,1998-02-10,9,11,2016-06-10,1,1,11,4,,6,7200,1000
386511,2017-07-24T13:29:26Z,2400,1968-07-08,2,2005-12-27,3,1,5,5,2010-09-10,1989-01-10,12,15,1970-01-01,22,5,,,11,2,2455,1755
386527,2017-07-24T13:40:17Z,55979,1996-10-17,1,2012-12-22,4,0,,5,1998-10-10,1998-10-10,12,15,1970-01-01,1,4,,,11,1,10000,5000
386209,2017-07-24T10:46:44Z,55893,1987-08-16,2,2004-10-28,4,0,,1,1996-05-10,1996-05-10,18,22,2008-02-10,9,1,2,4,,6,5000,3500
387072,2017-07-24T21:09:49Z,56117,1986-11-09,2,2003-06-20,3,1,0,4,2000-04-10,2000-04-10,6,8,2010-05-10,12,1,6,5,11,7,11000,5000
383925,2017-07-23T23:57:17Z,55798,1996-05-11,2,2012-07-05,4,0,,5,1996-05-10,1996-05-10,3,4,2016-06-10,1,1,6,5,,6,4200,2000
386654,2017-07-24T15:13:34Z,56032,1997-10-22,1,2013-11-13,1,1,1,5,1997-10-10,1997-10-10,13,16,2015-04-10,2,6,12,2,,6,5400,4000
383895,2017-07-23T21:31:49Z,55789,1996-01-03,2,2012-04-24,4,0,0,5,1996-01-10,1996-01-10,4,6,2016-09-10,1,1,1,4,,6,7300,3500
386712,2017-07-24T15:42:11Z,55999,1986-03-15,1,2016-07-29,4,0,,1,2006-10-10,2006-10-10,13,16,2014-04-10,3,3,10,6,4,1,7000,7000
385774,2017-07-24T05:38:11Z,55815,1994-10-09,1,2014-09-02,2,1,2,5,2004-08-10,2004-08-10,4,6,2017-02-10,3,1,8,3,7,2,5000,3000
387115,2017-07-24T22:01:45Z,56125,1989-11-23,2,2006-04-18,4,0,,5,1995-05-10,1995-05-10,3,4,2017-03-10,10,1,11,1,10,2,5500,2500
386042,2017-07-24T09:18:52Z,55869,1997-09-02,2,2013-09-12,3,0,,1,2002-09-10,2002-09-10,8,10,1970-01-01,0,4,,,,6,8000,5000
386174,2017-07-24T10:27:23Z,55898,1994-12-26,1,2014-03-07,3,1,3,5,1995-06-10,1995-06-10,11,14,2015-09-10,2,6,12,6,,6,10000,6000
385808,2017-07-24T06:19:40Z,55825,1989-12-26,1,2015-02-25,2,2,9,1,2009-10-10,2009-10-10,1,2,2009-07-10,8,3,11,6,,6,10000,4000
385890,2017-07-24T07:21:20Z,55830,1991-05-17,2,2007-06-12,4,0,,5,1991-06-10,1991-06-10,14,17,2015-07-10,6,1,1,5,,6,10000,3500
386474,2017-07-24T13:12:15Z,55495,1971-03-24,1,1998-10-28,3,2,0,3,2010-09-10,2010-09-10,11,14,2012-05-10,25,3,10,6,6,1,12000,4000
383457,2017-07-23T13:14:31Z,44914,1997-10-31,2,2013-12-07,4,0,,2,2013-09-10,2013-09-10,18,22,2016-12-10,6,1,11,1,6,2,6000,2000
383312,2017-07-23T11:17:16Z,55657,1981-05-05,2,2007-05-18,2,1,0,5,1995-03-10,1995-03-10,8,10,1970-01-01,15,5,,,4,1,15000,12000
383587,2017-07-23T15:04:15Z,55716,1997-11-16,2,2014-01-23,4,0,,5,2000-01-10,2000-01-10,3,4,2017-03-10,0,6,4,4,,6,10000,10000
383683,2017-07-23T16:28:31Z,46823,1987-11-03,1,2012-05-10,2,1,0,5,2001-09-10,2001-09-10,14,17,2016-09-10,5,1,8,3,10,1,5200,2500
383052,2017-07-23T07:24:06Z,55585,1995-05-25,2,2015-05-16,1,1,2,1,2014-02-10,2014-02-10,13,16,2015-04-10,2,1,1,1,,6,9700,8000
383098,2017-07-23T08:31:46Z,55588,1991-05-28,2,2006-07-12,4,0,,1,1991-05-10,1991-05-10,14,17,2016-03-10,6,1,13,5,,6,5000,3500
383064,2017-07-23T07:38:39Z,55590,1994-03-08,2,2010-03-08,4,0,,1,2007-11-10,2007-11-10,14,17,2016-09-10,1,1,2,1,6,1,4500,4000
383318,2017-07-23T11:20:21Z,55582,1987-07-25,2,2004-08-04,3,1,3,5,2014-06-10,2014-06-10,8,10,2016-06-10,10,1,11,6,11,1,15000,10000
383141,2017-07-23T09:11:38Z,54738,1984-03-04,2,2001-01-24,4,0,,1,2013-05-10,2013-05-10,3,4,2015-01-10,30,1,11,4,,3,4000,1000
383526,2017-07-23T14:18:37Z,52591,1994-01-13,2,2010-10-29,4,0,,4,1994-01-10,1994-01-10,23,27,2010-07-10,7,3,12,6,,6,4500,4400
383710,2017-07-23T16:52:10Z,55739,1987-03-27,2,2004-03-23,4,0,,1,2014-11-10,1988-03-10,8,8,2012-11-10,9,1,11,2,11,1,18000,4000
383113,2017-07-23T08:44:14Z,55604,1992-02-08,2,2017-04-13,4,0,,3,1995-09-10,1995-09-10,3,4,2012-09-10,9,1,12,6,10,2,12000,6000
383518,2017-07-23T14:15:42Z,55703,1963-07-09,2,2013-08-22,3,1,0,5,2001-08-10,2001-08-10,9,11,2001-08-10,32,1,3,3,11,1,9000,4000
382982,2017-07-23T06:06:38Z,55576,1994-03-08,1,2010-06-03,4,0,,1,2016-09-10,1994-03-10,19,23,2017-04-10,3,1,10,3,6,1,4000,2000
383279,2017-07-23T10:57:28Z,55646,1993-12-05,2,2010-01-16,4,0,,3,2003-12-10,2003-12-10,20,24,2013-11-10,0,1,1,5,,6,3350,3350
380698,2017-07-22T12:03:22Z,22793,1995-04-27,2,2011-07-08,3,1,1,1,2010-11-10,2010-11-10,3,4,2017-07-10,2,1,6,4,9,2,7000,5000
380964,2017-07-22T16:58:28Z,55528,1992-09-17,2,2015-12-18,4,0,,1,1992-09-10,1992-09-10,2,3,2015-08-10,4,1,7,3,5,1,5000,4000
380851,2017-07-22T14:34:54Z,55497,1984-03-01,2,2016-10-06,3,1,7,3,2006-11-10,2006-11-10,15,18,2010-03-10,7,1,3,3,11,1,12000,3000
380438,2017-07-22T07:48:29Z,55380,1988-07-20,2,2005-05-18,4,1,2,1,2015-09-10,2005-05-10,9,16,2017-05-10,5,1,11,2,,6,7500,5000
380792,2017-07-22T13:31:44Z,55476,1992-12-09,1,2013-08-31,3,1,1,2,1994-09-10,1994-09-10,8,10,1970-01-01,5,5,,,,6,6000,4000
380785,2017-07-22T13:20:10Z,55454,1970-11-07,1,1998-07-06,3,2,26,5,1994-01-10,1994-01-10,13,16,2015-08-10,27,1,12,6,3,1,6500,2000
381015,2017-07-22T18:14:07Z,55538,1993-07-14,2,2010-01-21,1,0,,3,2015-01-10,2000-02-10,13,2,2016-06-10,1,1,10,5,11,1,23000,5000
380709,2017-07-22T12:08:10Z,55436,1988-02-27,1,2007-02-06,3,2,0,1,2000-08-10,2000-08-10,11,14,1970-01-01,7,5,,,,6,15000,10000
380766,2017-07-22T13:03:54Z,55470,1993-09-23,2,2009-10-22,4,0,,3,1993-09-10,1993-09-10,8,10,2015-08-10,5,1,12,3,4,7,8500,4000
380797,2017-07-22T13:33:39Z,55475,1980-05-18,1,2009-07-13,1,2,0,1,1999-12-10,1999-12-10,5,7,2000-06-10,7,3,12,6,,6,15000,6000
380401,2017-07-22T07:20:19Z,55368,1995-04-10,1,2011-06-29,4,0,,5,2014-08-10,1995-04-10,12,16,2014-08-10,4,1,11,3,6,1,8600,4800
380654,2017-07-22T11:20:14Z,55438,1990-06-19,1,2010-10-17,2,1,0,1,2014-07-10,2014-07-10,6,8,2016-04-10,8,1,12,2,,6,5000,3500
378568,2017-07-21T23:19:58Z,55343,1983-02-14,2,2014-10-08,3,0,,1,2016-12-10,1989-05-10,8,8,2016-02-10,12,3,7,6,9,1,13000,6000
380753,2017-07-22T12:51:40Z,55464,1981-04-07,1,2006-07-25,1,2,0,5,1981-04-10,1981-04-10,14,17,2004-06-10,14,3,12,6,4,1,5500,2100
381071,2017-07-22T19:46:45Z,55551,1992-12-18,1,2008-09-08,4,0,,1,1992-12-10,1992-12-10,14,17,2015-09-10,1,1,10,4,8,4,4500,2000
381165,2017-07-22T23:04:47Z,18094,1989-01-09,2,2005-02-24,3,1,0,5,2010-04-10,2010-04-10,8,10,2012-08-10,9,1,11,2,5,2,8000,4000
380346,2017-07-22T06:27:46Z,55370,1990-01-30,2,2006-05-12,4,0,,1,1990-01-10,1990-01-10,12,15,2008-05-10,9,1,12,6,6,2,8000,5000
380880,2017-07-22T15:05:31Z,55504,1981-05-03,1,2014-07-10,4,3,0,1,2014-07-10,1990-02-10,20,24,2013-09-10,14,3,2,6,,6,6800,1200
380463,2017-07-22T08:19:27Z,54744,1987-06-13,1,2003-09-11,4,4,0,1,2012-12-10,2012-12-10,13,16,1970-01-01,7,5,,,,3,5200,3800
380282,2017-07-22T02:23:31Z,55351,1991-02-22,2,2007-04-24,4,0,,1,2013-08-10,2013-08-10,8,10,2015-03-10,2,6,7,6,11,7,10000,7000
378235,2017-07-21T15:49:06Z,55273,1991-04-11,2,2015-11-25,4,0,,1,2008-08-10,2008-08-10,10,12,2013-09-10,7,1,2,4,,5,7500,4000
378131,2017-07-21T14:55:00Z,55253,1978-04-19,2,1996-08-13,2,1,0,1,1988-09-10,1988-09-10,6,8,2017-05-10,16,1,13,3,,5,6000,4000
377781,2017-07-21T11:14:08Z,34755,1990-02-03,2,2006-03-09,4,0,,5,2008-06-10,2008-06-10,23,27,2016-12-10,3,1,6,1,4,1,8000,400
377298,2017-07-21T03:20:25Z,55076,1992-11-20,2,2010-01-22,4,0,,5,1999-05-10,1999-05-10,12,15,2014-05-10,3,3,12,6,,5,4000,2000
378132,2017-07-21T14:55:33Z,47878,1983-07-18,1,2016-02-17,2,1,0,5,1991-04-10,1991-04-10,15,18,2016-03-10,13,3,2,2,9,1,3500,1600
377741,2017-07-21T10:53:57Z,41008,1980-09-29,2,1997-01-16,4,0,,4,1980-09-10,1980-09-10,13,16,2013-10-10,15,1,3,2,8,1,7000,5000
378175,2017-07-21T15:19:55Z,55264,1994-10-13,2,2011-03-28,4,0,,5,1994-10-10,1994-10-10,9,11,2016-11-10,3,1,11,1,,6,6600,4500
378063,2017-07-21T14:29:46Z,55223,1994-07-29,1,2010-11-04,4,0,,1,2001-06-10,2001-06-10,6,8,2015-08-10,5,1,2,2,6,1,7000,3730
377365,2017-07-21T05:26:29Z,55089,1996-05-18,2,2016-07-02,4,0,,5,2007-03-10,2007-03-10,7,9,2017-07-10,0,1,6,2,,5,5000,3000
378282,2017-07-21T16:10:49Z,55279,1986-05-21,2,2003-05-08,4,0,,1,1986-05-10,1986-05-10,14,17,2016-12-10,11,1,11,5,10,2,6500,1000
377386,2017-07-21T05:49:35Z,54943,1988-09-07,1,2016-12-12,3,1,0,1,2016-09-10,2016-09-10,12,15,2013-01-10,5,1,10,1,10,1,3500,1100
377629,2017-07-21T09:24:11Z,54347,1998-01-16,2,2014-09-14,4,0,,4,1998-01-10,1998-01-10,10,12,2016-09-10,2,1,12,2,,6,4500,2300
377605,2017-07-21T09:13:29Z,55137,1996-06-12,2,2012-07-28,4,1,4,1,1996-09-10,1996-09-10,17,21,2015-05-10,2,6,10,5,10,1,3200,3200
378427,2017-07-21T18:52:28Z,55184,1994-02-26,1,2011-11-10,4,0,,1,2017-04-10,2004-03-10,13,5,2017-04-10,1,1,11,4,4,1,8000,2000
378371,2017-07-21T17:51:02Z,55285,1988-05-23,2,2004-12-20,3,1,4,5,1988-05-10,1988-05-10,18,22,2008-09-10,9,3,11,6,4,1,30000,5000
377542,2017-07-21T08:30:18Z,55122,1986-06-28,2,2002-12-10,4,0,,1,2005-10-10,1999-01-10,8,10,2016-03-10,5,3,3,3,11,1,10000,6000
378214,2017-07-21T15:35:23Z,55270,1993-08-08,2,2009-08-14,4,0,,1,2013-08-10,2008-08-10,13,15,2017-01-10,1,1,12,2,,6,20000,10000
378066,2017-07-21T14:30:03Z,55198,1992-03-03,1,2013-03-04,3,1,1,3,2003-08-10,2003-08-10,5,7,2013-09-10,5,3,4,6,6,2,6700,1000
375522,2017-07-20T21:52:07Z,55053,1989-09-26,2,2015-10-01,1,0,,5,1999-09-10,1999-09-10,8,10,2016-02-10,5,6,3,1,,6,6000,2500
377385,2017-07-21T05:49:30Z,55092,1978-04-08,2,1998-11-24,3,1,0,5,1978-04-10,1978-04-10,3,4,2014-07-10,20,3,11,6,11,1,25000,3000
377733,2017-07-21T10:52:51Z,55158,1985-06-14,1,2006-08-26,3,1,0,1,2011-12-10,2011-12-10,10,12,2014-11-10,6,1,8,5,9,2,4000,2800
377959,2017-07-21T13:11:00Z,55205,1994-11-19,1,2011-10-21,4,0,,5,2017-04-10,2012-09-10,8,16,2017-04-10,2,1,7,2,9,1,12000,10000
378570,2017-07-21T23:26:00Z,54760,1991-07-06,2,2007-08-17,4,0,,1,2015-07-10,2015-07-10,9,11,2016-06-10,5,1,12,5,10,1,9000,6000
377592,2017-07-21T09:02:02Z,9709,1989-03-05,1,2011-09-22,3,1,1,2,2006-09-10,2006-09-10,8,10,1970-01-01,5,5,,,4,1,5000,3000
377757,2017-07-21T11:01:00Z,55154,1978-06-17,2,1996-09-02,4,0,,4,1987-09-10,1987-09-10,3,4,2014-01-10,17,1,11,6,,6,5000,4500
377980,2017-07-21T13:32:03Z,55214,1988-11-13,2,2011-09-13,4,0,,5,1992-01-10,1992-01-10,15,18,2017-04-10,9,1,3,4,2,2,10000,9000
377999,2017-07-21T13:50:26Z,35363,1985-09-17,2,2001-11-21,4,0,,3,2015-05-10,2015-05-10,8,10,2017-04-10,0,3,13,2,7,1,12000,4000
377290,2017-07-21T02:34:44Z,55072,1996-10-22,2,2016-09-05,4,0,,1,2016-10-10,1998-10-10,8,11,2016-12-10,3,1,11,6,7,2,6500,3800
377811,2017-07-21T11:37:25Z,55174,1992-02-13,1,2012-09-12,3,1,0,5,2015-05-10,2015-05-10,16,20,2013-10-10,7,3,6,4,6,2,7000,4000
378524,2017-07-21T20:57:17Z,55326,1999-02-06,2,2015-04-06,4,0,,1,2016-01-10,2016-01-10,10,12,1970-01-01,2,4,,,,5,4000,2000
377567,2017-07-21T08:44:52Z,54824,1970-08-10,1,2001-11-23,4,1,10,5,2015-08-10,2015-08-10,9,11,2000-12-10,25,1,10,1,6,4,6500,1500
378052,2017-07-21T14:26:18Z,55230,1989-10-24,1,2006-04-25,4,3,8,1,2002-06-10,2002-06-10,14,17,2017-02-10,8,6,12,3,,6,7600,4200
377751,2017-07-21T10:59:26Z,55160,1972-10-31,1,2006-02-25,4,1,0,5,1996-09-10,1996-09-10,8,10,2016-09-10,26,1,3,3,2,1,12000,5000
378029,2017-07-21T14:11:08Z,39764,1989-02-13,1,2007-11-01,2,1,9,1,1989-04-10,1989-04-10,2,3,2016-04-10,6,1,4,3,,6,12000,7000
378349,2017-07-21T17:16:54Z,55298,1989-11-17,2,2006-02-07,4,0,,5,2016-05-10,2002-10-10,8,10,2017-05-10,1,1,7,2,9,7,19200,18700
374305,2017-07-20T02:14:54Z,54770,1951-07-01,1,2000-02-07,2,4,2,5,2005-07-10,2005-07-10,15,18,1970-01-01,30,2,,,,6,3400,3400
375486,2017-07-20T20:41:19Z,55039,1980-04-23,1,2015-09-29,3,3,22,5,2012-12-10,2012-12-10,14,17,2017-06-10,3,6,12,6,,5,4000,1500
374590,2017-07-20T09:30:07Z,54841,1992-01-24,1,2016-10-27,3,0,,1,1992-01-10,1992-01-10,9,11,2015-11-10,6,1,12,4,5,2,8000,3000
375407,2017-07-20T19:20:33Z,55012,1979-07-04,1,1997-02-26,4,2,0,1,2010-01-10,2010-01-10,3,4,2016-09-10,5,3,11,6,7,2,7600,4000
374683,2017-07-20T10:18:30Z,54865,1998-07-22,2,2014-08-19,4,0,,5,2000-01-10,2000-01-10,8,10,2015-02-10,4,1,5,3,9,2,8000,6000
374999,2017-07-20T13:45:45Z,54930,1997-06-13,2,2013-09-13,4,0,,1,1997-06-10,1997-06-10,9,11,2017-03-10,3,1,2,1,10,1,9000,6000
375129,2017-07-20T15:02:20Z,54961,1994-06-26,2,2010-08-31,3,1,1,1,2017-06-10,1999-04-10,3,8,2013-11-10,4,1,1,1,,5,6200,1000
374551,2017-07-20T09:13:18Z,54831,1997-10-05,2,2013-12-12,4,0,,3,1997-10-10,2016-12-10,23,27,1970-01-01,2,5,,,,5,2243,2000
374704,2017-07-20T10:33:06Z,54870,1997-05-09,2,2014-08-06,4,0,,1,2013-09-10,2013-09-10,14,17,2017-03-10,1,1,13,6,11,2,20000,7000
375545,2017-07-20T22:29:03Z,55057,1984-06-26,2,2001-07-04,2,1,11,5,1984-06-10,1984-06-10,12,15,1970-01-01,0,5,,,,5,3000,2000
372534,2017-07-19T20:51:45Z,54746,1994-06-29,2,2010-08-21,4,0,,5,2017-01-10,1994-06-10,9,12,2015-02-10,3,1,1,1,11,2,7700,500
374736,2017-07-20T10:44:14Z,54877,1988-05-22,1,2004-08-28,4,0,,5,2014-02-10,1989-05-10,9,5,2017-02-10,9,1,8,1,7,1,9000,2000
375219,2017-07-20T16:08:36Z,54980,1969-09-07,1,2014-07-11,1,3,30,5,1994-06-10,1994-06-10,16,20,2013-09-10,20,1,12,6,5,1,8000,5000
374840,2017-07-20T11:40:07Z,54895,1994-06-26,2,2011-01-11,4,0,,5,2007-08-10,2007-08-10,1,2,2015-03-10,2,6,6,4,5,1,7000,5000
374777,2017-07-20T11:10:30Z,53409,1989-05-30,2,2014-09-11,4,0,,5,1991-03-10,1991-03-10,9,11,2004-05-10,9,6,11,6,,5,5800,3000
374443,2017-07-20T07:28:37Z,54804,1989-03-22,2,2005-08-12,2,1,4,4,2000-11-10,2000-11-10,2,3,1970-01-01,7,5,,,9,1,8000,5900
374453,2017-07-20T07:38:11Z,33619,1978-10-23,1,2000-08-08,3,2,17,1,1998-08-10,1998-08-10,11,14,2011-08-10,15,1,10,1,6,1,7000,2000
374852,2017-07-20T11:49:39Z,3795,1999-01-27,2,2015-12-09,4,0,0,4,2015-12-10,2015-12-10,3,4,2016-03-10,1,3,12,6,,6,10000,3000
374435,2017-07-20T07:25:50Z,50593,1994-04-10,1,2015-07-10,3,2,1,5,2015-04-10,2007-03-10,9,6,1970-01-01,2,5,,,6,1,6000,4500
375315,2017-07-20T17:38:08Z,54986,1983-04-30,1,2000-01-10,3,2,0,5,2004-09-10,1988-07-10,8,6,2004-04-10,14,3,12,6,11,1,12000,10000
374715,2017-07-20T10:36:09Z,54878,1995-11-28,1,2012-04-05,4,0,,1,1995-11-10,1995-11-10,5,7,1970-01-01,4,4,,,8,1,10000,5000
374417,2017-07-20T07:08:15Z,54803,1983-12-28,2,2006-09-23,4,0,,5,2015-03-10,2013-04-10,10,14,2017-03-10,1,6,6,3,10,1,7000,5000
374948,2017-07-20T13:03:22Z,54613,1982-08-16,1,2000-06-20,4,0,,1,1989-08-10,1989-08-10,10,12,2016-08-10,10,1,5,5,4,1,5000,700
371973,2017-07-19T12:50:15Z,54452,1972-11-21,1,1995-11-14,3,2,27,5,2017-06-10,2017-06-10,4,6,2013-01-10,4,3,12,6,,6,10000,1000
371800,2017-07-19T11:03:26Z,53975,1986-12-20,2,2016-05-11,3,1,0,1,2009-10-10,2009-10-10,4,6,2007-10-10,12,1,2,1,10,1,6700,3800
372080,2017-07-19T14:00:49Z,54653,1996-03-18,1,2014-09-05,1,1,2,1,1996-03-10,1996-03-10,6,8,1970-01-01,0,4,,,,3,4000,2000
371870,2017-07-19T11:43:06Z,54600,1996-04-05,1,2017-01-01,3,2,2,5,1996-04-10,1996-04-10,22,26,2014-03-10,3,3,12,6,,5,5000,3000
372103,2017-07-19T14:16:14Z,54665,1994-10-03,2,2011-01-21,4,0,,1,1994-10-10,1994-10-10,22,26,2014-08-10,4,1,1,5,,6,7200,7000
372261,2017-07-19T15:52:11Z,48067,1997-01-14,2,2013-01-16,1,0,,1,2014-09-10,1997-01-10,10,12,2016-06-10,2,6,2,5,10,2,9000,4000
371881,2017-07-19T11:49:27Z,54607,1991-06-10,1,2015-07-22,3,1,0,1,2003-06-10,2003-06-10,3,4,2016-07-10,4,6,11,4,,5,3000,2500
369543,2017-07-18T23:24:26Z,54475,1992-12-26,2,2009-01-30,4,0,,1,2016-11-10,2014-07-10,1,2,2014-07-10,3,1,6,5,11,1,8000,2500
371914,2017-07-19T12:14:16Z,54598,1987-12-02,1,2004-05-19,4,0,,5,2001-02-10,2001-02-10,13,16,2015-02-10,10,1,6,3,4,1,10000,2000
371594,2017-07-19T09:25:02Z,54547,1994-05-20,2,2010-07-07,4,0,,5,2017-01-10,2017-01-10,4,6,2015-01-10,2,6,12,6,,5,8000,8000
369405,2017-07-18T19:33:52Z,54411,1993-09-01,1,2009-12-07,4,0,0,1,1993-10-10,1993-10-10,18,22,2017-02-10,5,1,12,5,6,2,5600,2500
372391,2017-07-19T17:59:41Z,54711,1995-05-17,2,2011-10-19,4,0,,1,1995-05-10,1995-05-10,6,8,2016-07-10,1,1,11,1,,5,5000,3000
371556,2017-07-19T08:59:02Z,43944,1996-06-02,1,2012-07-31,4,0,,1,1998-06-10,1998-06-10,12,15,2016-11-10,1,1,11,6,,6,5000,500
372468,2017-07-19T19:42:34Z,54732,1982-07-02,1,2002-10-08,2,1,0,5,1982-07-10,1982-07-10,14,17,2000-05-10,20,1,8,2,6,1,7000,1300
371421,2017-07-19T07:32:11Z,54507,1988-03-30,2,2004-10-05,1,0,,4,2014-05-10,2012-06-10,23,27,2015-02-10,6,3,3,3,9,1,5000,2000
372200,2017-07-19T15:25:34Z,54683,1993-07-14,2,2016-10-20,4,0,,1,2017-01-10,2017-01-10,3,4,2015-11-10,5,1,1,1,,6,7100,2500
372548,2017-07-19T21:18:48Z,54750,1998-08-10,2,2015-03-17,4,0,,1,2004-09-10,2004-09-10,8,10,2016-11-10,2,1,7,1,6,2,8000,6000
369180,2017-07-18T16:13:25Z,54386,1996-07-22,2,2012-10-03,1,1,0,1,2001-12-10,2001-12-10,9,11,2016-02-10,3,1,11,6,,6,15000,10000
371862,2017-07-19T11:39:24Z,54614,1992-07-10,2,2008-09-17,4,0,,1,2008-06-10,2008-06-10,21,25,2013-06-10,6,1,3,3,,5,9000,5000
371403,2017-07-19T07:18:21Z,54512,1996-05-13,1,2012-07-19,4,0,,1,2016-01-10,1996-05-10,13,16,2016-05-10,4,1,11,6,2,2,16000,8000
371578,2017-07-19T09:18:12Z,54544,1978-05-19,2,2014-03-06,4,0,,5,1980-08-10,1980-08-10,8,10,1970-01-01,10,5,,,,5,5000,4000
371323,2017-07-19T06:06:42Z,54165,1994-02-23,2,2010-03-18,4,0,,1,2001-08-10,2001-08-10,3,4,2017-05-10,6,1,11,3,4,1,5500,3000
371854,2017-07-19T11:34:22Z,42041,1991-02-11,2,2007-11-05,4,1,1,1,1999-06-10,1999-06-10,18,22,1970-01-01,3,5,,,,6,5000,2500
372242,2017-07-19T15:42:13Z,54680,1997-07-24,2,2013-09-12,3,0,,6,2012-10-10,2012-10-10,6,8,2017-05-10,1,1,12,1,,6,4000,2000
369508,2017-07-18T21:30:54Z,40438,1976-08-27,1,2010-12-09,3,2,0,5,1988-04-10,1988-04-10,9,11,1999-08-10,18,1,9,1,5,1,5500,1800
371717,2017-07-19T10:29:20Z,54579,1996-03-30,1,2016-08-26,3,2,2,1,2017-05-10,2015-05-10,16,20,2017-03-10,0,6,12,6,4,2,7000,3000
372328,2017-07-19T16:48:53Z,54706,1993-02-09,2,2009-06-18,4,0,,1,2010-06-10,2010-06-10,23,27,2016-03-10,2,3,7,5,,5,6000,3500
371900,2017-07-19T12:03:22Z,49291,1995-11-29,2,2016-09-16,4,0,,5,2012-10-10,2012-10-10,16,20,2015-11-10,2,1,6,3,,6,9000,2500
369484,2017-07-18T20:53:31Z,54458,1991-04-19,2,2015-02-25,4,0,,1,2016-03-10,2009-01-10,4,6,2016-08-10,7,3,6,6,,6,7000,4500
369118,2017-07-18T15:32:47Z,54354,1989-01-09,2,2005-10-05,4,0,,1,2009-12-10,2009-12-10,11,14,2011-09-10,6,1,1,5,4,1,8000,3000
368221,2017-07-18T04:34:13Z,54197,1998-03-01,2,2014-05-22,4,0,,1,1998-03-10,1998-03-10,3,4,1970-01-01,0,4,,,11,2,5000,3500
368304,2017-07-18T06:32:15Z,54208,1993-05-07,2,2010-02-04,4,0,,5,2010-02-10,2010-02-10,23,27,2016-10-10,5,1,5,5,9,1,5600,600
369545,2017-07-18T23:27:39Z,54476,1949-08-02,2,1996-04-09,3,2,0,5,2015-08-10,2015-08-10,18,22,1970-01-01,30,2,,,6,1,6000,4000
368442,2017-07-18T08:19:41Z,54235,1999-06-11,2,2015-06-18,4,0,,1,2007-06-10,2007-06-10,8,10,1970-01-01,0,4,,,11,2,5000,3500
369213,2017-07-18T16:46:18Z,54397,1992-08-22,2,2008-09-08,4,0,,1,2015-05-10,2004-01-10,9,22,2015-06-10,0,1,3,4,,6,5500,5000
368883,2017-07-18T13:30:38Z,54337,1999-04-16,2,2015-11-20,4,0,,1,2013-01-10,2013-01-10,17,21,2017-05-10,0,1,6,5,,6,5500,2000
369533,2017-07-18T22:58:03Z,54472,1993-05-30,2,2009-12-24,4,0,,1,2015-09-10,1995-02-10,3,13,2013-04-10,4,1,6,4,,6,10000,6000
369449,2017-07-18T20:11:23Z,54449,1986-07-19,2,2011-11-23,3,1,12,1,2003-10-10,2003-10-10,1,2,1970-01-01,2,2,,,11,2,5000,4000
368486,2017-07-18T08:52:56Z,54244,1989-10-19,2,2006-11-24,4,0,,5,1989-11-10,2011-02-10,3,4,2014-04-10,5,1,5,5,4,1,10000,5000
368542,2017-07-18T09:36:36Z,54255,1983-07-19,2,2007-02-01,2,1,0,5,2007-06-10,2007-06-10,18,22,2017-04-10,15,1,3,6,,6,8000,6500
368191,2017-07-18T02:23:14Z,54039,1975-05-01,1,1996-10-15,2,2,24,1,2016-04-10,2005-07-10,20,24,2016-03-10,24,1,12,6,10,1,8000,3500
369387,2017-07-18T19:16:57Z,54410,1991-04-23,2,2007-10-12,4,0,,1,1998-05-10,1998-05-10,3,4,2013-06-10,7,1,6,5,,6,6000,5000
368730,2017-07-18T11:55:38Z,54293,1984-06-20,2,2014-10-17,4,0,,3,1992-11-10,1992-11-10,8,10,2008-08-10,9,3,3,2,10,1,12700,8000
368253,2017-07-18T05:46:37Z,54201,1957-07-20,1,2001-03-16,5,0,0,5,1983-05-10,1983-05-10,3,4,2013-12-10,35,1,3,3,2,1,10000,5000
369000,2017-07-18T14:38:35Z,53147,1989-07-07,1,2005-12-27,3,1,0,1,1989-07-10,1989-07-10,9,11,2017-02-10,7,1,8,4,,6,4800,2000
368831,2017-07-18T13:08:39Z,54325,1964-11-28,2,2000-02-04,2,1,0,4,2016-03-10,2016-03-10,21,25,2016-05-10,20,1,6,3,6,1,6000,3000
369510,2017-07-18T21:35:58Z,54462,1996-08-23,2,2012-11-20,4,0,,1,2012-08-10,2012-08-10,9,11,2017-01-10,7,1,11,2,10,1,4000,200
368844,2017-07-18T13:17:27Z,54327,1993-04-26,2,2009-07-29,4,0,,1,1993-04-10,1993-04-10,3,4,2017-02-10,0,3,7,6,11,2,8000,4000
368989,2017-07-18T14:34:50Z,54265,1995-02-14,2,2011-03-29,4,0,,1,1995-02-10,1995-02-10,9,11,2017-03-10,1,1,11,2,,6,6500,2000
365890,2017-07-17T13:39:33Z,54055,1986-01-15,1,2007-02-01,3,2,9,5,2003-09-10,2003-09-10,1,2,2011-04-10,11,1,5,5,7,1,7000,4000
368168,2017-07-18T00:53:18Z,54187,1982-07-11,2,1999-08-19,2,2,12,5,2012-12-10,1994-04-10,8,10,2005-04-10,14,1,1,5,11,1,7800,3000
368659,2017-07-18T11:05:44Z,54278,1996-04-23,2,2012-06-20,4,0,,5,2013-12-10,2013-12-10,3,4,2016-08-10,2,1,12,3,4,2,8000,6500
369297,2017-07-18T17:50:11Z,54412,1982-11-14,1,2002-07-24,3,2,2,5,2013-12-10,2013-12-10,3,4,2017-05-10,8,1,12,3,4,2,4500,3200
369358,2017-07-18T19:01:21Z,54434,1995-04-28,2,1995-05-18,4,0,,1,1995-05-10,1995-05-10,12,15,2017-04-10,6,6,12,4,6,1,4500,1500
368502,2017-07-18T09:03:09Z,54240,1972-09-18,2,1999-03-01,3,2,0,5,1993-08-10,1993-08-10,3,4,2013-06-10,23,1,3,3,3,1,6000,3000
368958,2017-07-18T14:18:29Z,54340,1996-11-24,2,2012-12-13,4,0,,1,1996-11-10,1996-11-10,10,12,1970-01-01,3,5,,,,5,2300,2000
365131,2017-07-17T03:38:15Z,53920,1998-11-15,2,2015-10-24,4,0,,5,1998-11-10,1998-11-10,9,11,2016-05-10,2,1,12,3,,6,8000,4000
366115,2017-07-17T15:41:20Z,53887,1988-08-14,2,2005-02-10,3,0,,5,1989-04-10,1989-04-10,3,4,2011-04-10,11,3,13,6,4,1,9000,5000
365337,2017-07-17T08:38:49Z,52421,1985-07-20,2,2006-05-26,3,0,,3,2002-08-10,2002-08-10,3,4,2014-04-10,10,3,11,5,9,2,9000,6000
363261,2017-07-16T17:16:59Z,53863,1989-12-07,2,2007-03-13,4,0,,1,2016-03-10,1989-12-10,8,6,2015-03-10,10,1,5,5,10,1,15000,8000
365892,2017-07-17T13:41:20Z,54048,1996-12-22,2,2014-12-19,4,0,,5,2014-12-10,2014-12-10,15,18,2016-12-10,2,1,1,5,1,2,12000,5000
365827,2017-07-17T13:14:26Z,54043,1988-07-10,2,2005-01-18,4,0,,1,1990-01-10,1990-01-10,23,27,2016-08-10,8,1,11,2,4,1,9000,4000
363202,2017-07-16T16:15:01Z,53792,1995-10-20,2,2011-12-28,4,0,,1,1995-10-10,1995-10-10,5,7,2015-11-10,6,1,1,5,,6,8300,3400
360246,2017-07-15T13:32:36Z,53011,1989-05-05,2,2006-01-18,4,0,,1,1989-05-10,1989-05-10,2,3,2013-10-10,6,1,2,4,6,1,2000,2000
366388,2017-07-17T18:49:43Z,54158,1995-03-23,2,2011-10-20,4,0,,5,1995-03-10,1995-03-10,11,14,2017-07-10,1,1,6,5,,6,4200,2200
366435,2017-07-17T20:04:03Z,54164,1993-02-19,2,2009-05-13,3,1,0,5,2013-01-10,2013-01-10,4,6,2015-06-10,7,1,6,2,,6,4000,500
365931,2017-07-17T14:04:46Z,54071,1985-01-18,2,2001-10-09,4,0,,1,2017-06-10,1997-05-10,16,20,2017-05-10,12,1,7,5,4,1,3700,2500
366455,2017-07-17T20:27:21Z,44782,1997-03-09,1,2013-03-11,4,0,,5,2014-01-10,2014-01-10,3,4,1970-01-01,0,4,,,9,1,2500,1500
363288,2017-07-16T17:50:53Z,53557,1968-07-18,2,1999-01-15,2,2,0,1,1999-02-10,1999-02-10,16,20,2004-06-10,19,1,13,1,4,1,5500,3000
365767,2017-07-17T12:49:01Z,54042,1993-01-09,2,2009-08-13,3,0,,5,2013-01-10,2013-01-10,14,17,2013-08-10,4,1,8,5,7,1,5000,3800
365968,2017-07-17T14:27:47Z,53989,1988-07-20,1,2015-05-15,3,0,,5,2016-01-10,2015-11-10,23,13,2016-09-10,6,1,12,3,,5,7000,3000
366243,2017-07-17T16:40:24Z,54117,1995-01-25,2,2011-06-14,4,0,,1,1995-01-10,1995-01-10,2,3,2013-05-10,4,1,12,6,,5,10000,2000
366356,2017-07-17T18:15:23Z,54142,1980-07-04,2,2011-11-30,5,1,0,1,2001-03-10,2001-03-10,3,4,2003-11-10,14,1,3,3,,6,3800,3500
366044,2017-07-17T15:11:29Z,54013,1976-01-16,2,2002-01-17,3,1,0,5,2017-04-10,2017-04-10,8,10,2011-10-10,25,1,7,3,11,7,14700,6500
365348,2017-07-17T08:41:59Z,53928,1984-11-23,2,2000-12-15,3,1,0,1,2007-08-10,2007-08-10,10,12,2010-09-10,10,3,12,6,11,1,11000,4000
366208,2017-07-17T16:24:36Z,54114,1982-12-24,2,1999-03-17,2,1,0,1,2000-05-10,2000-05-10,8,10,1970-01-01,15,5,,,5,2,8000,5000
365379,2017-07-17T09:05:17Z,53967,1996-03-11,2,2012-05-30,1,0,,4,2011-12-10,2011-12-10,10,12,2015-04-10,3,6,11,3,,6,3000,1000
366238,2017-07-17T16:38:06Z,54121,1995-11-08,2,2011-12-19,4,0,,3,2016-09-10,2013-09-10,18,22,2015-06-10,2,6,11,2,6,1,6000,4000
365993,2017-07-17T14:41:22Z,54078,1974-05-22,2,1998-01-16,3,2,14,5,2005-01-10,2005-01-10,15,18,2007-04-10,20,3,3,6,,6,11000,2000
366502,2017-07-17T22:03:12Z,54177,1985-08-20,1,2002-04-09,3,0,,4,2005-07-10,2005-07-10,4,6,2010-04-10,7,3,12,6,9,2,18000,2500
360498,2017-07-15T16:56:04Z,33255,1994-03-07,2,2010-04-14,4,0,0,1,2012-09-10,2012-09-10,8,10,2016-10-10,0,1,12,3,4,2,8300,4200
363254,2017-07-16T17:12:59Z,53858,1986-08-26,2,1986-08-26,1,1,2,5,1986-08-10,1986-08-10,8,10,2014-11-10,10,1,12,5,,6,10000,2500
362641,2017-07-16T08:58:34Z,53695,1992-09-28,2,2008-12-08,3,0,,1,2012-07-10,2012-07-10,14,17,2012-12-10,4,1,1,1,1,2,8000,4500
363302,2017-07-16T18:19:16Z,33908,1996-12-05,2,2013-02-02,4,0,,1,2016-03-10,2013-02-10,4,27,2016-03-10,1,1,1,5,,5,7100,4000
363424,2017-07-16T21:38:55Z,53901,1992-06-27,2,2008-09-09,4,0,,5,2009-08-10,1998-06-10,8,23,2014-12-10,4,3,7,6,4,1,10000,7000
362965,2017-07-16T13:06:46Z,53766,1991-02-27,2,2007-05-16,4,0,,3,1995-01-10,1995-01-10,10,12,2015-10-10,5,1,11,1,,6,6500,5000
362726,2017-07-16T10:04:27Z,53747,1996-05-06,2,2014-03-28,4,0,,1,2014-03-10,2014-03-10,19,23,2015-02-10,2,1,1,1,,5,7000,5000
363417,2017-07-16T21:26:33Z,51915,1990-10-31,2,2006-11-23,4,0,,5,1991-03-10,1991-03-10,8,10,2015-10-10,5,1,3,3,,6,12000,8000
362931,2017-07-16T12:48:49Z,53794,1993-10-23,2,2009-12-01,3,0,,1,1996-12-10,1996-12-10,8,10,2016-10-10,2,3,7,1,11,1,14000,10000
362673,2017-07-16T09:23:55Z,53692,1992-07-06,2,2017-07-12,4,0,,5,1999-10-10,1999-10-10,18,22,2016-12-10,6,1,12,1,4,2,7000,4000
362958,2017-07-16T13:04:15Z,53798,1999-04-22,1,2015-06-11,4,0,,1,2016-02-10,1999-04-10,20,24,2016-09-10,1,1,7,2,,6,5000,3500
363304,2017-07-16T18:20:11Z,53871,1974-11-17,2,2003-06-11,2,1,0,3,1979-04-10,1979-04-10,16,20,2016-06-10,26,1,12,2,8,1,10000,8
362809,2017-07-16T11:06:57Z,53767,1995-07-15,2,2011-12-20,3,0,,5,1995-07-10,1995-07-10,9,11,2013-01-10,4,1,6,4,,6,7500,4000
363100,2017-07-16T14:58:52Z,53825,1996-07-14,2,2012-07-14,3,1,1,1,2013-03-10,2007-02-10,21,12,2016-08-10,1,1,13,1,,5,8000,4000
363188,2017-07-16T16:06:58Z,53847,1999-06-21,2,2015-07-28,4,0,,5,1999-06-10,1999-06-10,12,15,1970-01-01,0,4,,,4,2,6000,3700
363155,2017-07-16T15:42:04Z,53839,1997-05-06,2,1997-02-20,4,0,,5,1997-05-10,1997-05-10,11,14,2015-05-10,2,3,9,6,4,1,5000,3000
363312,2017-07-16T18:28:10Z,53877,1991-08-30,2,2008-09-30,1,0,,5,1992-05-10,1992-05-10,14,17,2009-07-10,7,1,9,2,4,1,8000,3000
362984,2017-07-16T13:22:56Z,53803,1983-12-29,1,2003-03-17,1,3,0,1,2004-08-10,2004-08-10,11,14,2017-05-10,11,1,9,2,9,2,8000,5000
363134,2017-07-16T15:25:41Z,53829,1999-04-24,2,2015-06-04,4,0,,5,2017-05-10,1999-04-10,8,17,2015-09-10,2,1,12,3,,6,50000,2000
362886,2017-07-16T12:09:53Z,21395,1981-04-29,1,1997-05-05,1,0,,5,1981-06-10,1981-06-10,3,4,2010-06-10,10,1,8,4,,6,3600,2000
362584,2017-07-16T08:03:37Z,53715,1992-02-02,1,2008-03-18,2,1,3,5,2012-12-10,1996-11-10,16,3,2015-12-10,1,1,2,3,6,1,6000,4000
363196,2017-07-16T16:13:30Z,53845,1988-02-02,2,2016-05-02,4,0,,1,1988-02-10,1988-02-10,8,10,2016-05-10,10,1,11,4,,5,8000,3000
359734,2017-07-15T06:56:01Z,52319,1988-11-05,1,2013-05-15,3,1,3,1,2013-10-10,2007-08-10,3,4,2008-06-10,9,1,2,1,9,1,10000,6500
360754,2017-07-15T21:27:27Z,53671,1986-12-23,2,2015-06-11,3,0,,5,1986-12-10,1986-12-10,8,10,2014-06-10,8,1,11,2,,3,13000,10000
360743,2017-07-15T21:13:20Z,21748,1994-10-18,2,2010-12-03,4,0,,5,2011-09-10,2011-09-10,20,24,2016-02-10,2,1,1,5,4,2,7000,1000
360120,2017-07-15T11:42:50Z,53527,1962-05-25,2,1997-12-10,4,0,,5,1997-12-10,1997-12-10,3,4,2016-10-10,30,1,12,4,6,1,7000,8000
359892,2017-07-15T09:09:11Z,53476,1985-05-06,1,2001-07-23,1,2,0,1,1996-12-10,1996-12-10,12,15,1999-05-10,1,1,2,6,,5,3200,700
360749,2017-07-15T21:23:57Z,53674,1983-02-07,2,1983-02-07,3,1,0,1,1990-02-10,1990-02-10,8,10,2014-07-10,12,1,11,6,,5,10000,3000
360450,2017-07-15T16:06:53Z,53611,1995-11-07,1,2013-02-05,4,0,,5,2001-03-10,2001-03-10,12,15,2016-06-10,2,1,10,4,,6,8500,6000
360152,2017-07-15T12:17:12Z,53541,1987-09-19,2,2004-12-04,3,1,9,3,1993-05-10,1993-05-10,12,15,2013-09-10,10,1,6,5,,6,7600,5500
360787,2017-07-15T22:38:27Z,47976,1988-09-25,1,2016-10-21,3,2,1,1,2016-06-10,1991-10-10,4,5,2016-06-10,2,1,1,5,4,1,7300,3000
359894,2017-07-15T09:09:25Z,53478,1988-03-17,2,2012-06-05,3,1,1,5,1996-10-10,1996-10-10,3,4,2016-09-10,5,1,6,5,3,1,6000,4500
360683,2017-07-15T19:49:51Z,53663,1987-06-26,2,2005-01-05,4,0,,5,1997-04-10,1997-04-10,9,11,2013-03-10,12,1,6,4,11,1,12000,8000
359624,2017-07-15T02:47:24Z,53411,1992-01-24,2,2009-01-24,4,0,,1,2001-03-10,2001-03-10,9,11,2013-11-10,7,1,5,3,,5,14000,12000
359867,2017-07-15T08:44:48Z,32380,1985-05-24,2,2015-02-12,1,3,0,3,1996-01-10,1996-01-10,8,10,2014-06-10,14,1,11,6,10,1,12000,10000
359920,2017-07-15T09:29:37Z,27912,1988-01-02,1,2004-09-28,1,0,,4,1997-09-10,1997-09-10,3,4,2015-10-10,5,1,2,2,4,1,3500,700
359875,2017-07-15T08:53:23Z,53463,1993-01-28,1,2014-12-05,3,0,,1,2000-05-10,2000-05-10,4,6,2014-04-10,2,3,12,3,,6,4000,1000
360052,2017-07-15T10:38:13Z,53494,1987-06-23,1,2007-12-17,3,1,8,5,2011-05-10,2011-05-10,3,4,2015-02-10,7,1,11,6,,6,4000,3000
360312,2017-07-15T14:30:46Z,52739,1994-08-07,2,2010-12-31,4,0,,5,2013-08-10,2013-08-10,23,27,2017-06-10,3,1,11,3,6,2,2700,800
360800,2017-07-15T23:20:30Z,53675,1987-04-27,2,2004-02-20,3,0,,1,2013-01-10,1987-04-10,9,11,2007-05-10,15,3,12,6,11,1,10000,4800
360166,2017-07-15T12:36:30Z,53555,1989-04-06,2,2005-05-05,4,1,0,3,1989-04-10,1989-04-10,3,4,2014-07-10,4,1,6,5,11,1,12000,9000
360352,2017-07-15T14:50:10Z,53604,1997-09-11,2,2013-12-19,4,0,,1,2005-08-10,2005-08-10,7,9,2016-02-10,1,1,13,3,7,2,12000,2000
360606,2017-07-15T18:42:11Z,53642,1990-02-15,1,2009-03-10,3,3,0,1,1990-02-10,1990-02-10,23,27,1970-01-01,3,5,,,,5,5000,2000
360729,2017-07-15T20:54:57Z,53591,1992-05-19,2,2008-09-18,4,0,,1,2010-05-10,2010-05-10,1,2,2017-01-10,3,1,10,3,6,1,3600,2500
360211,2017-07-15T13:11:24Z,53566,1994-09-14,2,2010-09-10,4,0,,5,2011-11-10,2011-11-10,16,20,2015-12-10,2,1,12,2,4,1,5000,2000
357071,2017-07-14T12:44:40Z,39325,1971-06-05,2,2017-12-19,3,2,0,3,2013-05-10,1989-11-10,9,11,2009-12-10,25,3,3,6,,6,18000,3500
356754,2017-07-14T10:32:23Z,51098,1977-09-20,2,1998-11-17,2,1,0,1,2016-10-10,1977-09-10,12,23,2016-05-10,20,1,2,5,4,1,7000,4000
357281,2017-07-14T13:59:56Z,53243,1988-12-24,2,2008-02-27,3,0,,1,2009-11-10,2009-11-10,8,10,2009-11-10,8,1,1,5,,5,9000,3500
356868,2017-07-14T11:16:12Z,53158,1989-03-19,1,2005-03-19,1,2,0,1,1989-03-10,1989-03-10,12,15,1970-01-01,4,5,,,4,2,2700,1800
357461,2017-07-14T15:06:42Z,19810,1989-07-08,2,2005-09-08,4,0,,1,1995-09-10,1995-09-10,3,4,2016-10-10,6,1,2,2,10,1,8000,1000
356230,2017-07-14T07:34:20Z,52965,1994-04-22,2,2010-05-29,4,0,,1,1994-04-10,1994-04-10,4,6,2017-01-10,3,6,12,3,,6,5500,2000
357578,2017-07-14T16:11:48Z,53306,1988-03-18,2,2014-06-21,1,1,1,5,2000-05-10,2000-05-10,18,22,2017-01-10,15,1,6,5,,6,7000,5000
356117,2017-07-14T05:48:04Z,52766,1972-07-01,2,2004-01-15,4,1,0,5,1997-08-10,1997-08-10,9,11,2004-03-10,20,3,3,6,,6,25000,5000
356862,2017-07-14T11:13:45Z,53160,1986-07-25,2,2010-10-13,4,0,,1,2000-05-10,2000-05-10,13,16,2014-05-10,3,3,4,6,10,1,9000,3000
357098,2017-07-14T12:52:12Z,53217,1989-06-30,2,2006-03-28,4,0,,1,1989-03-10,1989-03-10,10,12,2013-03-10,4,1,6,1,,5,7000,2000
357456,2017-07-14T15:05:18Z,53275,1995-03-30,2,2013-01-26,4,0,,5,2009-04-10,2009-04-10,11,14,2016-10-10,1,6,1,4,4,1,5000,3500
357311,2017-07-14T14:05:39Z,53257,1988-03-08,2,2004-08-26,4,0,,5,2005-07-10,2005-07-10,18,22,2014-08-10,8,1,12,5,,6,4500,3500
357802,2017-07-14T18:55:24Z,53368,1988-11-04,2,2013-12-10,3,2,1,5,1988-11-10,1988-11-10,17,21,1970-01-01,3,5,,,,5,4000,500
356069,2017-07-14T03:21:29Z,52940,1984-01-19,2,2001-06-18,3,1,0,5,2004-03-10,2004-03-10,23,27,2012-06-10,10,1,6,5,9,2,11000,5000
357359,2017-07-14T14:29:05Z,53264,1996-09-24,2,2012-10-10,1,0,,1,2013-03-10,2013-03-10,6,8,2015-06-10,2,1,2,4,,5,7550,7500
356744,2017-07-14T10:30:10Z,53131,1961-05-27,2,1996-07-04,3,0,,5,2009-02-10,2009-02-10,8,10,2015-02-10,15,1,12,6,,6,7200,5000
357004,2017-07-14T12:05:25Z,53190,1995-10-07,1,2011-12-06,4,1,3,1,1997-09-10,1997-09-10,14,17,2016-04-10,1,6,12,6,,6,5000,4500
357304,2017-07-14T14:03:50Z,53252,1997-05-08,1,2013-07-18,4,0,,5,2003-05-10,2003-05-10,18,22,2016-07-10,1,1,8,5,,6,3200,2000
357424,2017-07-14T14:54:06Z,53269,1998-04-28,2,2014-05-13,4,0,,5,2001-02-10,2001-02-10,8,10,2017-01-10,2,1,11,4,,6,8000,5000
357204,2017-07-14T13:28:41Z,53225,1981-03-30,2,1997-10-17,2,1,11,5,1981-03-10,1981-03-10,8,10,1970-01-01,10,2,,,,6,2905,2000
357696,2017-07-14T17:11:14Z,53331,1991-02-24,2,2014-05-15,3,1,3,5,2007-12-10,2007-12-10,9,11,2012-03-10,5,1,1,1,,6,7500,4000
356118,2017-07-14T05:48:26Z,52240,1968-12-18,1,2000-10-27,3,2,0,5,1984-05-10,1984-05-10,12,15,2017-01-10,23,1,4,6,6,1,4400,1500
357651,2017-07-14T16:46:56Z,38317,1992-03-13,2,2008-05-05,2,0,,1,2014-05-10,1992-03-10,9,2,2016-03-10,7,1,12,6,11,2,18200,9000
356106,2017-07-14T05:09:37Z,18909,1988-03-08,1,2009-11-03,2,2,7,5,1996-08-10,1996-08-10,3,4,1970-01-01,5,5,,,,5,5300,2400
357233,2017-07-14T13:38:16Z,53242,1975-03-23,2,2000-04-28,2,1,0,5,1986-06-10,1986-06-10,3,4,2000-10-10,20,1,6,5,,5,10500,5000
353574,2017-07-13T11:32:23Z,38159,1987-03-23,2,2004-01-26,3,1,0,5,2013-05-10,1987-03-10,11,3,2013-12-10,7,1,10,1,7,1,6500,2500
353759,2017-07-13T13:13:47Z,52797,1981-07-03,1,1998-10-22,4,1,7,1,2006-04-10,2006-04-10,6,8,2016-05-10,15,1,11,3,,5,4000,2000
354423,2017-07-13T23:57:02Z,52929,1997-12-19,1,2014-01-15,4,0,,5,2014-01-10,2014-01-10,3,4,2015-09-10,2,1,2,5,,3,12000,9000
353178,2017-07-13T07:23:36Z,52670,1993-04-27,2,2009-06-06,4,0,,1,2013-08-10,2009-06-10,4,24,2013-08-10,4,1,4,1,,6,3800,2000
353421,2017-07-13T10:01:29Z,52723,1989-01-22,2,2005-03-16,1,1,0,5,2005-03-10,2005-03-10,18,22,2015-02-10,10,1,11,3,,6,8000,3500
353437,2017-07-13T10:11:37Z,50553,1996-09-04,1,2012-11-20,4,0,,1,1996-09-10,1996-09-10,6,8,2015-07-10,2,1,11,3,,5,2600,1000
353380,2017-07-13T09:42:27Z,52722,1994-08-26,2,2010-09-02,1,0,,1,2016-01-10,2014-08-10,18,22,2016-12-10,6,3,9,3,10,2,20000,19999
353855,2017-07-13T14:12:11Z,52817,1993-08-04,2,2010-05-20,4,0,,1,1999-08-10,1999-08-10,6,8,2016-09-10,2,1,1,5,,5,7500,4500
353800,2017-07-13T13:38:08Z,52806,1988-05-10,2,2005-09-15,4,0,,5,1993-06-10,1993-06-10,9,11,2016-06-10,8,1,11,6,,6,12500,5000
353277,2017-07-13T08:28:14Z,52609,1985-02-27,2,2009-06-17,3,1,2,5,1985-02-10,1985-02-10,14,17,2017-02-10,12,1,6,5,11,2,8000,1000
353814,2017-07-13T13:52:21Z,36340,1983-03-26,2,1999-11-30,4,0,,5,1988-01-10,1988-01-10,8,10,2016-01-10,11,1,13,6,4,1,10000,3
353255,2017-07-13T08:13:08Z,52190,1988-12-27,1,2005-04-13,4,0,,1,2005-04-10,2005-04-10,13,16,2015-01-10,10,1,11,4,10,2,6500,4000
354367,2017-07-13T21:19:54Z,50051,1968-04-27,1,2006-08-01,3,0,,5,2003-06-10,2003-06-10,3,4,2011-09-10,32,1,10,2,3,7,7500,1200
353236,2017-07-13T08:01:37Z,52681,1989-02-12,2,2005-02-12,4,0,,5,2003-02-10,2016-02-10,5,7,2012-06-10,7,1,11,2,9,1,8000,3000
353319,2017-07-13T09:02:20Z,15009,1976-10-24,2,1996-09-13,2,1,15,4,1996-12-10,1996-12-10,8,10,2013-10-10,20,3,12,6,2,1,6000,5000
353081,2017-07-13T05:54:54Z,52649,1991-08-02,2,2007-08-21,4,0,,5,2007-12-10,2007-12-10,13,16,2014-02-10,0,6,11,6,,6,6000,3000
354021,2017-07-13T15:47:26Z,52843,1993-06-10,2,2009-08-09,3,0,,1,2017-06-10,2007-10-10,9,15,2017-07-10,5,1,12,5,,6,6500,5000
353775,2017-07-13T13:26:05Z,52805,1992-11-27,1,2009-04-26,4,1,0,1,1992-11-10,1992-11-10,8,10,1970-01-01,2,5,,,,6,4000,2000
353141,2017-07-13T06:51:29Z,52666,1997-11-16,2,2013-11-28,4,0,,1,2015-12-10,2000-11-10,3,4,2013-03-10,4,3,12,6,11,2,15000,4200
353107,2017-07-13T06:19:16Z,52653,1992-02-25,2,2008-03-28,3,0,,1,1997-09-10,1997-09-10,14,17,2013-04-10,4,1,6,1,5,2,2650,1800
354252,2017-07-13T18:48:28Z,46350,1997-07-16,2,2013-10-26,4,0,,1,2014-08-10,2014-08-10,8,10,2017-07-10,0,1,11,5,3,2,6000,3500
353090,2017-07-13T06:07:04Z,52639,1989-06-20,2,2005-08-25,4,0,,1,2006-09-10,2006-09-10,4,6,1970-01-01,8,5,,,,6,4000,1500
353981,2017-07-13T15:19:11Z,52838,1989-09-21,2,2006-12-07,1,0,,1,2016-05-10,1989-09-10,8,2,2016-07-10,6,1,12,3,,6,6000,2000
353910,2017-07-13T14:52:02Z,52835,1987-02-25,2,2003-05-13,3,0,,5,2015-05-10,1995-09-10,9,27,2016-03-10,7,1,11,1,,6,9000,6000
353682,2017-07-13T12:33:58Z,52780,1997-01-18,2,2013-02-14,4,0,,5,2016-10-10,2016-10-10,10,12,1970-01-01,2,4,,,,6,3890,3890
350274,2017-07-12T11:33:03Z,52330,1983-05-30,1,2008-07-11,2,2,10,5,2005-12-10,2005-12-10,16,20,2010-05-10,7,1,5,6,4,1,7400,2000
354103,2017-07-13T16:52:42Z,52867,1987-11-22,2,2008-07-03,4,0,,5,1987-11-10,1987-11-10,17,21,2017-05-10,10,1,2,4,9,1,9000,4700
354087,2017-07-13T16:46:02Z,52865,1991-08-01,1,2007-11-29,4,0,,5,1991-08-10,1991-08-10,12,15,2014-01-10,3,1,2,2,9,1,10000,7000
353006,2017-07-13T02:31:31Z,52620,1995-12-26,2,2012-01-18,4,0,,5,2014-10-10,2014-10-10,18,22,2014-06-10,4,1,11,5,,6,7000,1400
353112,2017-07-13T06:20:50Z,52658,1995-07-04,1,2013-11-05,4,0,,1,1997-09-10,1997-09-10,15,18,2014-11-10,4,6,12,6,,5,8000,3000
350624,2017-07-12T14:14:23Z,52384,1987-09-09,2,2003-11-06,3,1,6,1,1998-05-10,1998-05-10,3,4,2013-05-10,8,1,6,3,4,1,6000,4000
353068,2017-07-13T05:28:56Z,52628,1987-12-23,1,2007-06-26,3,1,0,5,2016-03-10,2016-03-10,5,7,2015-01-10,7,6,9,6,4,2,8000,4000
350902,2017-07-12T15:52:59Z,52473,1984-06-24,2,2006-01-16,4,0,,5,2012-12-10,2012-12-10,13,16,2010-03-10,10,1,3,6,,5,8000,4000
353780,2017-07-13T13:27:19Z,52794,1988-10-07,2,2008-09-25,4,0,,5,2016-12-10,2016-12-10,8,10,2016-02-10,6,1,11,4,4,2,10000,5500
353532,2017-07-13T11:13:14Z,52756,1997-10-19,2,2013-12-04,4,0,,1,1997-10-10,1997-10-10,6,8,1970-01-01,1,4,,,,6,6000,4500
350881,2017-07-12T15:47:25Z,52414,1988-01-11,1,2011-04-08,3,2,0,4,2005-02-10,2005-02-10,21,25,2017-05-10,3,6,3,3,,6,7000,3000
350255,2017-07-12T11:21:43Z,52317,1998-09-16,1,2014-12-25,4,0,,1,2017-02-10,2017-02-10,18,22,2016-01-10,2,3,11,6,,5,6000,2000
351232,2017-07-12T19:14:33Z,52571,1992-06-24,2,2008-09-08,3,1,1,4,2014-01-10,2003-02-10,10,12,2014-11-10,4,1,8,4,9,1,8000,1700
349960,2017-07-12T07:27:04Z,33211,1964-05-14,2,1997-02-17,3,1,15,1,2007-04-10,2007-04-10,3,4,2015-09-10,31,1,11,2,11,1,11000,3000
350067,2017-07-12T09:04:30Z,51332,1996-12-25,2,2013-02-20,4,0,,4,1996-12-10,1996-12-10,2,3,2017-04-10,0,6,6,3,4,2,6000,4500
350008,2017-07-12T08:06:21Z,52268,1998-03-23,2,2014-03-25,4,0,,1,1998-11-10,1998-11-10,11,14,2015-02-10,3,6,6,4,,6,3600,2000
350616,2017-07-12T14:10:13Z,52391,1995-07-23,1,2011-08-19,1,0,,3,2015-02-10,1999-04-10,8,11,2014-12-10,3,3,4,6,,6,7500,3800
350641,2017-07-12T14:27:44Z,52385,1987-11-19,2,2003-12-16,4,0,,5,1995-11-10,1995-11-10,18,22,2010-11-10,7,3,12,6,4,1,5100,3500
351157,2017-07-12T17:41:03Z,52545,1968-03-29,2,2001-01-23,2,1,0,3,2010-01-10,2001-01-10,9,9,2001-04-10,26,1,12,6,11,1,25000,10000
350945,2017-07-12T16:06:57Z,52483,1987-12-31,2,2004-02-02,4,0,,5,2015-03-10,1987-12-10,8,5,2016-10-10,7,3,11,6,6,7,12000,5000
350458,2017-07-12T13:12:40Z,52360,1992-08-22,2,2009-03-19,3,1,2,5,2015-05-10,1992-10-10,1,2,2017-03-10,3,6,3,4,,5,8200,3500
350702,2017-07-12T15:04:47Z,52408,1993-08-22,2,2009-12-09,4,0,,5,2001-08-10,2001-08-10,3,4,2016-08-10,0,3,7,6,11,1,6000,4000
350938,2017-07-12T16:04:58Z,52491,1986-11-07,2,2005-01-20,3,1,5,1,1993-03-10,1993-03-10,3,4,2009-05-10,12,1,2,1,11,2,8500,4000
350956,2017-07-12T16:09:49Z,17468,1995-08-15,2,2011-09-10,4,0,,1,2015-12-10,2015-12-10,20,24,2016-03-10,4,1,2,3,,6,6000,2000
351281,2017-07-12T20:14:43Z,52583,1991-06-15,1,2010-02-03,4,0,,1,2013-01-10,2010-02-10,21,11,2013-09-10,4,1,10,2,10,4,7200,5000
350437,2017-07-12T13:09:14Z,7074,1981-05-20,2,1998-06-11,2,0,,4,2008-08-10,2007-10-10,8,12,2013-03-10,11,1,2,1,4,1,9000,4000
350150,2017-07-12T09:59:32Z,52148,1986-03-09,1,2009-06-19,1,3,0,1,2005-11-10,2005-11-10,6,8,2016-06-10,10,6,12,6,,5,10000,4500
350940,2017-07-12T16:05:57Z,52499,1987-04-01,2,2003-08-04,4,0,,5,2010-06-10,2010-06-10,13,16,2016-05-10,12,1,12,3,8,1,10000,3000
350508,2017-07-12T13:23:27Z,52370,1994-02-22,1,2010-06-17,1,0,,5,1994-02-10,1994-02-10,3,4,1970-01-01,5,5,,,6,2,6000,4000
351028,2017-07-12T16:42:51Z,52425,1979-03-06,2,1997-03-28,1,2,9,1,2012-05-10,2012-05-10,14,17,2013-08-10,7,3,3,3,,5,7000,4000
351089,2017-07-12T17:12:54Z,36140,1987-08-26,2,2016-08-16,4,0,,4,1991-01-10,1991-01-10,3,4,2010-01-10,7,1,7,6,4,1,10000,5000
351164,2017-07-12T17:43:27Z,52474,1990-12-19,2,2007-11-29,4,0,,1,2013-11-10,1995-12-10,11,16,2015-04-10,2,1,1,5,,6,7154,3500
349849,2017-07-12T03:40:57Z,21738,1994-12-26,1,2011-01-14,4,1,1,5,2016-08-10,2003-04-10,14,17,1970-01-01,5,5,,,,5,2800,2800
351375,2017-07-12T23:25:12Z,52611,1995-08-20,1,2016-06-23,3,2,1,5,2016-10-10,2016-10-10,4,6,1970-01-01,3,5,,,,6,9000,7000
350605,2017-07-12T14:06:18Z,52387,1979-06-20,2,2008-03-31,3,2,18,1,2015-05-10,2008-08-10,13,16,2014-03-10,15,3,3,6,,6,15000,6000
350545,2017-07-12T13:37:53Z,52377,1987-10-23,2,2003-12-02,4,0,,1,2002-04-10,2002-04-10,18,22,2017-04-10,5,1,12,6,5,1,10000,3000
350990,2017-07-12T16:23:34Z,52506,1965-03-04,2,2013-04-09,3,2,0,5,1989-02-10,1989-02-10,9,11,2015-02-10,30,1,7,3,,6,7500,6000
349978,2017-07-12T07:46:58Z,21588,1972-05-27,1,1998-08-11,2,1,18,5,2003-01-10,2003-01-10,12,15,2016-10-10,20,1,6,1,5,1,4500,4000
350124,2017-07-12T09:35:31Z,52280,1987-12-15,2,2005-02-11,3,2,0,5,2012-05-10,2012-05-10,21,25,2014-06-10,3,1,6,5,11,1,10000,6000
350136,2017-07-12T09:51:00Z,52290,1996-02-24,1,2017-01-24,3,2,1,5,2016-12-10,1996-02-10,23,27,2016-04-10,2,6,12,6,4,2,14000,6000
350743,2017-07-12T15:25:24Z,34646,1985-02-28,2,2015-09-07,3,2,7,5,1990-08-10,1990-08-10,9,11,2015-04-10,7,1,2,1,11,1,11000,3500
350868,2017-07-12T15:45:55Z,52419,1985-08-26,2,2002-02-25,4,0,,1,1993-04-10,1993-04-10,15,18,2016-06-10,0,1,6,5,,5,6000,1500
347808,2017-07-11T15:08:18Z,44265,1999-04-20,2,2015-08-04,4,0,,1,2015-08-10,2015-08-10,13,16,1970-01-01,0,4,,,,6,3200,1500
347997,2017-07-11T17:31:38Z,52179,1995-03-18,1,2011-05-05,4,0,,1,2016-10-10,2016-10-10,6,8,2017-06-10,5,6,12,2,,6,8000,3000
347288,2017-07-11T08:44:16Z,18439,1975-04-25,1,2009-02-18,4,8,2,5,2008-09-10,2008-09-10,22,26,1970-01-01,0,5,,,,3,18000,7000
347474,2017-07-11T10:46:24Z,52073,1981-11-14,2,1998-06-30,4,0,,1,1998-06-10,1998-06-10,11,14,2016-05-10,9,1,3,2,,6,8000,1000
340107,2017-07-08T21:22:29Z,51480,1995-09-26,2,2011-12-27,4,0,,1,2011-01-10,2011-01-10,18,22,1970-01-01,4,5,,,,6,4000,1500
347414,2017-07-11T10:11:16Z,52063,1986-05-04,2,2003-03-15,4,0,,5,1986-05-10,1986-05-10,4,6,2010-05-10,7,3,3,6,,5,7000,2000
348128,2017-07-11T20:45:03Z,52212,1997-11-18,2,2013-11-23,4,0,,5,2015-09-10,1997-12-10,9,2,2015-12-10,2,6,11,3,,5,4000,1000
348115,2017-07-11T20:32:25Z,52210,1996-01-22,2,2012-11-08,4,0,,5,2007-11-10,2007-11-10,14,17,2014-03-10,3,1,7,2,7,2,9000,2000
347045,2017-07-11T02:18:25Z,51994,1994-03-09,2,2010-03-25,4,0,,1,1994-03-10,1994-03-10,19,23,2014-06-10,2,1,6,5,,6,6700,3500
347607,2017-07-11T12:48:03Z,52112,1981-08-11,1,2012-12-19,4,1,4,1,1998-08-10,1998-08-10,14,17,2003-08-10,13,1,10,5,6,4,7000,2000
347774,2017-07-11T14:45:58Z,47288,1998-06-08,2,2014-06-08,4,0,,1,2015-08-10,2015-08-10,12,15,1970-01-01,0,4,,,,5,4500,4500
347916,2017-07-11T16:23:44Z,47796,1996-09-27,2,2012-10-11,1,0,,5,2017-01-10,2017-01-10,21,25,2016-10-10,4,1,9,2,2,2,10200,9000
348095,2017-07-11T19:49:44Z,50027,1994-07-16,1,2010-11-23,4,0,,3,2011-09-10,2011-09-10,19,23,2016-08-10,1,1,12,3,6,1,4700,2000
347378,2017-07-11T09:53:45Z,52055,1966-07-11,1,2002-02-14,3,1,27,5,2007-10-10,2007-10-10,14,17,2016-12-10,28,1,6,2,,6,7400,1000
347592,2017-07-11T12:34:34Z,1928,1995-03-21,2,2011-05-12,4,0,0,1,2000-04-10,2000-04-10,14,17,2017-01-10,2,1,11,2,,6,4700,1100
348155,2017-07-11T21:41:25Z,52219,1996-09-05,2,2012-10-10,4,0,,1,2013-08-10,2013-08-10,18,22,2013-08-10,3,1,1,5,1,1,7500,5500
347232,2017-07-11T07:57:54Z,52023,1994-11-24,2,2011-01-08,4,0,,1,2017-01-10,1994-11-10,13,24,2015-11-10,2,1,1,1,,6,7200,4000
347173,2017-07-11T07:10:23Z,51669,1986-09-26,2,2003-02-13,3,1,0,1,1986-09-10,1986-09-10,3,4,2008-09-10,9,1,10,4,10,1,7000,3000
347495,2017-07-11T10:57:10Z,39496,1986-05-26,2,2015-04-14,3,1,4,1,2015-05-10,2015-01-10,13,16,2015-04-10,2,1,2,1,,5,8000,3000
347252,2017-07-11T08:11:12Z,52028,1979-09-21,2,1996-03-22,2,1,8,5,2014-05-10,2014-05-10,20,24,1999-06-10,18,1,2,1,6,1,6000,2500
348175,2017-07-11T22:12:00Z,52223,1997-11-23,2,2014-01-09,4,0,,1,2000-01-10,2000-01-10,21,25,2017-01-10,2,1,11,3,,6,4000,2000
347315,2017-07-11T09:11:25Z,52045,1998-04-02,2,2014-04-10,4,0,,5,1998-04-10,1998-04-10,6,8,1970-01-01,2,5,,,,5,5600,1200
347715,2017-07-11T14:08:02Z,52137,1997-12-26,2,2016-04-21,4,0,,5,2004-06-10,2004-06-10,16,20,1970-01-01,3,4,,,,6,7000,2000
339953,2017-07-08T16:53:40Z,51430,1993-04-26,2,2012-11-22,4,0,,3,1993-05-10,1993-05-10,6,8,2016-04-10,4,1,1,5,,5,7000,3000
344731,2017-07-10T12:21:03Z,51817,1992-12-06,2,2008-12-06,4,0,,1,2012-05-10,2004-07-10,8,6,2016-11-10,6,1,11,3,4,1,10000,4000
344767,2017-07-10T12:41:21Z,51824,1979-02-05,2,1996-06-23,3,1,13,1,1981-02-10,1981-02-10,8,10,2013-04-10,10,1,12,6,4,1,12000,7000
344883,2017-07-10T14:06:38Z,51861,1979-02-04,1,1996-12-12,2,1,11,3,2005-06-10,2005-06-10,8,10,2014-12-10,18,1,7,3,6,1,10000,7000
345395,2017-07-10T21:52:23Z,51980,1982-07-12,1,2004-10-05,3,2,12,5,2007-08-10,2007-08-10,13,16,2003-02-10,14,1,2,3,9,1,10000,5000
345042,2017-07-10T16:09:00Z,51878,1997-10-14,2,2013-11-15,4,0,,3,1997-10-10,1997-10-10,9,11,2016-04-10,2,1,13,1,11,7,6000,2500
344463,2017-07-10T09:03:34Z,51766,1997-04-24,2,2015-03-19,4,0,,1,2015-02-10,2015-02-10,9,11,2016-10-10,8,1,2,1,,6,7000,3000
345010,2017-07-10T15:37:31Z,51910,1988-08-27,2,2004-09-16,1,0,,5,2007-09-10,2007-09-10,13,16,2013-11-10,4,3,11,6,4,1,16000,8500
342218,2017-07-09T13:50:19Z,51636,1962-07-02,1,1996-11-19,2,1,26,5,2009-04-10,2009-04-10,9,11,2013-04-10,4,1,11,5,,6,6000,2000
342005,2017-07-09T09:59:50Z,51559,1991-05-09,1,2016-06-16,4,0,,4,2005-04-10,2005-04-10,10,12,2013-07-10,4,1,5,6,9,1,6000,5000
345001,2017-07-10T15:25:35Z,51902,1986-12-20,2,2006-02-14,3,0,,5,1997-01-10,1997-01-10,12,15,2015-10-10,2,1,11,3,,6,4500,2500
342289,2017-07-09T14:48:28Z,51668,1993-12-27,2,2010-07-08,4,0,,1,2015-12-10,2015-12-10,9,11,2013-04-10,6,1,12,5,,6,9000,4000
339994,2017-07-08T17:34:21Z,51462,1994-09-17,1,2010-11-25,4,0,,1,2013-09-10,2013-09-10,3,4,2013-09-10,4,1,8,5,7,2,8000,3000
344660,2017-07-10T11:30:48Z,51797,1983-04-23,2,2005-10-07,4,0,,5,2000-03-10,2000-03-10,22,26,2016-03-10,10,1,1,5,8,1,7300,1800
344556,2017-07-10T10:06:27Z,51778,1986-12-22,2,2016-09-13,4,0,,5,1995-09-10,1995-09-10,4,6,2011-09-10,5,1,7,5,11,7,15000,15000
344290,2017-07-10T06:58:38Z,51705,1965-05-13,1,2001-09-28,4,1,30,1,1974-12-10,1974-12-10,8,10,2017-01-10,27,1,8,4,4,1,7700,2000
342276,2017-07-09T14:41:18Z,51667,1992-06-27,2,2008-06-27,4,0,,1,2011-11-10,2011-11-10,11,14,2016-10-10,8,1,7,5,11,1,65000,28000
345086,2017-07-10T16:35:35Z,51927,1995-01-31,2,2011-04-04,4,0,,5,2011-01-10,2011-01-10,2,3,2016-03-10,7,1,10,3,,5,9500,4000
342275,2017-07-09T14:40:08Z,51663,1995-03-10,1,2015-09-25,3,1,1,1,2015-06-10,2014-09-10,13,18,2015-02-10,2,1,12,4,11,1,7000,2000
341937,2017-07-09T08:55:06Z,51538,1996-04-04,1,2012-06-11,1,1,2,5,2015-06-10,2012-06-10,12,15,2015-07-10,2,1,12,4,,6,5100,3200
344514,2017-07-10T09:31:28Z,51458,1981-12-26,1,2009-04-16,1,1,0,1,1981-12-10,1981-12-10,3,4,2015-01-10,15,1,11,3,11,1,9000,4000
345372,2017-07-10T21:21:16Z,51976,1984-07-21,2,2004-03-24,3,1,5,1,2010-12-10,2010-12-10,6,8,2004-11-10,13,1,11,4,,6,4850,2900
341911,2017-07-09T08:27:50Z,51523,1995-06-04,2,2011-07-15,4,0,,3,1995-10-10,1995-10-10,12,15,2016-05-10,2,1,6,1,10,2,6000,2000
344496,2017-07-10T09:21:53Z,51769,1996-04-22,2,2012-05-31,4,0,,3,2015-04-10,2015-04-10,18,22,2015-08-10,3,1,2,5,1,2,7136,2000
342246,2017-07-09T14:21:29Z,47412,1986-05-22,2,2003-07-22,1,1,6,1,1986-06-10,1986-06-10,18,22,2010-03-10,10,3,12,6,,6,6000,5000
345017,2017-07-10T15:40:24Z,51891,1993-10-25,1,2010-01-25,4,1,0,1,2003-01-10,2003-01-10,18,22,1970-01-01,1,5,,,,6,3500,2000
344809,2017-07-10T13:16:23Z,32734,1991-04-10,2,2007-01-23,4,0,,1,2005-11-10,2005-11-10,11,14,2015-12-10,2,1,3,6,,6,4500,3000
344714,2017-07-10T12:15:27Z,51809,1992-06-24,2,2008-09-17,4,0,,5,2009-01-10,2009-01-10,18,22,2015-08-10,3,1,2,5,9,1,8100,2500
345143,2017-07-10T17:36:33Z,51941,1991-11-16,1,2008-02-07,4,0,,1,2017-04-10,1991-11-10,1,25,2017-06-10,0,1,12,4,4,2,3400,2500
342263,2017-07-09T14:30:20Z,51662,1983-09-25,1,2012-10-23,3,0,,5,1983-09-10,1983-09-10,8,10,2017-01-10,13,3,11,6,6,1,10000,8000
344644,2017-07-10T11:24:15Z,50836,1983-07-24,2,2000-06-06,4,0,,5,1983-07-10,1983-07-10,7,9,2015-03-10,10,1,6,5,6,1,7500,2000
345179,2017-07-10T18:06:16Z,51949,1996-05-09,2,2012-06-30,3,0,,1,1996-05-10,1996-05-10,6,8,2015-07-10,6,1,2,1,,6,7133,3700
342162,2017-07-09T13:06:36Z,51606,1984-08-07,2,2009-09-15,4,0,0,5,1988-05-10,1988-05-10,8,10,2015-09-10,1,1,11,5,2,1,5000,1500
344369,2017-07-10T07:48:10Z,33223,1992-07-12,1,2008-10-29,4,0,,1,2008-10-10,2008-10-10,4,6,2011-09-10,5,1,8,6,,6,2000,2000
342225,2017-07-09T14:04:04Z,51642,1999-05-22,2,2015-07-06,4,0,,1,2017-07-10,1999-05-10,17,21,2017-07-10,1,6,7,4,11,2,4500,4000
344283,2017-07-10T06:54:54Z,51739,1997-07-21,2,2013-08-16,4,0,,5,1997-08-10,1997-08-10,17,21,1970-01-01,2,5,,,,6,6500,4000
339876,2017-07-08T15:42:12Z,51433,1997-04-23,2,2013-05-23,4,0,,1,2017-01-10,1997-04-10,8,20,2017-01-10,2,1,12,1,10,2,8000,4000
345211,2017-07-10T18:31:19Z,51955,1969-02-23,2,1999-01-28,2,1,0,5,1990-03-10,1990-03-10,8,10,2006-06-10,33,3,3,6,,6,10000,5000
344918,2017-07-10T14:23:24Z,51866,1996-12-27,2,2012-12-28,4,0,,5,2016-09-10,2016-09-10,23,27,2017-07-10,1,1,3,2,2,2,3500,2100
344787,2017-07-10T12:55:24Z,42072,1986-04-25,2,2002-06-29,4,0,,1,2015-05-10,2004-08-10,8,18,2014-09-10,7,1,12,5,4,1,30000,5000
342118,2017-07-09T12:03:04Z,51453,1971-04-08,2,1998-04-17,3,1,0,5,1991-03-10,1991-03-10,8,10,2016-12-10,25,1,7,5,,6,14000,2500
341778,2017-07-09T04:07:52Z,45169,1984-02-26,2,2010-04-09,3,3,0,1,2009-03-10,2009-03-10,22,26,2015-08-10,5,1,1,5,10,2,8000,3000
344589,2017-07-10T10:34:34Z,51781,1993-03-03,1,2012-07-30,2,2,0,1,1996-04-10,1996-04-10,18,22,1970-01-01,2,5,,,,6,5000,2000
342200,2017-07-09T13:36:57Z,51624,1986-12-27,1,2008-09-02,3,1,8,4,2000-11-10,2000-11-10,14,17,2014-11-10,5,1,12,3,4,1,4000,2000
339692,2017-07-08T12:17:10Z,51362,1975-09-03,2,2002-06-17,3,1,0,5,1992-06-10,1992-06-10,3,4,2010-03-10,18,1,12,1,,5,7500,2500
342565,2017-07-09T21:25:36Z,51719,1996-05-26,2,2012-06-21,1,0,,5,2002-01-10,2002-01-10,22,26,2015-03-10,4,3,12,2,,5,3200,2500
339565,2017-07-08T10:20:55Z,51335,1985-04-08,1,2005-08-19,3,0,,5,2014-08-10,2003-07-10,8,20,2015-01-10,12,1,12,3,3,1,12000,5000
341733,2017-07-09T00:58:10Z,28619,1986-04-05,2,2009-02-18,4,0,,5,2010-05-10,1986-05-10,23,27,2015-02-10,3,3,7,6,9,2,4000,2000
339395,2017-07-08T08:24:12Z,51308,1993-05-15,2,2009-07-10,4,0,,2,2016-03-10,1998-12-10,9,11,2014-03-10,5,1,13,5,,6,5000,2000
339311,2017-07-08T06:23:57Z,51282,1994-05-26,2,2010-11-13,4,0,,5,1994-06-10,1994-06-10,17,21,2017-04-10,3,1,1,1,,6,6000,3000
339511,2017-07-08T09:41:36Z,51324,1990-07-27,2,2017-08-17,4,0,,1,2006-08-10,2006-08-10,3,4,2017-05-10,0,6,6,3,,5,3500,2000
339348,2017-07-08T07:15:58Z,51286,1999-03-23,2,2015-04-21,4,0,,1,2014-02-10,2015-10-10,16,20,1970-01-01,0,5,,,,6,6000,6000
339628,2017-07-08T11:08:25Z,51326,1987-03-18,2,2009-03-20,4,0,,5,2015-03-10,2015-03-10,8,10,2015-08-10,9,1,11,3,,6,10000,8000
339408,2017-07-08T08:37:33Z,34871,1984-02-23,1,2001-03-20,4,1,6,1,2016-10-10,1984-02-10,3,4,2016-04-10,1,1,2,4,4,1,4000,3000
339216,2017-07-08T01:19:51Z,51268,1994-01-27,1,2010-03-19,4,0,,1,1997-06-10,1997-06-10,3,4,2014-08-10,4,1,8,6,,5,3200,2000
339529,2017-07-08T09:54:01Z,51327,1996-11-18,2,2016-10-28,4,0,,5,2016-01-10,2013-04-10,23,12,2016-01-10,1,1,1,2,,6,7200,3000
340105,2017-07-08T21:22:00Z,40200,1982-09-16,1,2016-07-30,3,1,0,1,2006-06-10,2006-06-10,15,18,1970-01-01,15,5,,,8,1,4000,1300
337283,2017-07-07T15:27:06Z,51217,1997-02-17,2,2013-08-14,4,0,,5,2000-07-10,2000-07-10,9,11,1970-01-01,2,4,,,3,2,10000,5000
337311,2017-07-07T15:51:17Z,51223,1992-04-04,1,2017-04-29,3,1,6,1,2002-08-10,2002-08-10,18,22,2008-03-10,6,6,11,6,4,1,3500,2400
336485,2017-07-07T06:01:34Z,43761,1979-02-06,2,1996-10-16,4,0,,1,1983-05-10,1983-05-10,6,8,2013-07-10,27,1,6,3,,6,7000,3000
336413,2017-07-07T01:41:43Z,51066,1983-12-03,2,2015-11-02,4,0,,1,1984-01-10,1984-01-10,3,4,2013-09-10,4,1,10,1,10,1,6000,1000
336532,2017-07-07T07:01:58Z,51077,1993-12-04,1,2014-07-22,2,1,3,1,2012-02-10,2012-02-10,6,8,2014-04-10,2,3,12,6,,6,3700,3300
336749,2017-07-07T09:24:43Z,51101,1978-09-11,1,2002-05-04,1,2,0,5,2011-09-10,2011-09-10,10,12,2008-08-10,8,3,7,6,3,1,5000,2000
336912,2017-07-07T11:15:09Z,51134,1999-05-06,2,2015-05-06,4,0,,1,2009-04-10,2009-04-10,21,25,1970-01-01,0,4,,,,5,6000,5000
336436,2017-07-07T03:13:32Z,51068,1997-04-16,2,2017-09-07,4,0,,5,2005-04-10,2005-04-10,3,4,2015-03-10,19,1,12,6,11,2,5000,2800
336620,2017-07-07T08:19:22Z,51086,1989-08-09,2,2005-10-26,4,0,,5,1989-08-10,1989-08-10,18,22,2016-05-10,5,6,9,3,4,1,5500,2500
336810,2017-07-07T09:51:39Z,51103,1983-04-07,1,2002-01-18,1,5,14,5,1983-04-10,1983-04-10,2,3,2010-03-10,16,6,12,2,,6,6000,2500
336662,2017-07-07T08:49:17Z,51091,1992-06-12,2,2008-08-08,4,0,,5,1992-06-10,1992-06-10,18,22,2011-06-10,7,1,3,3,2,1,12000,12000
337018,2017-07-07T12:38:05Z,51169,1989-11-26,2,2006-02-09,4,0,,5,1989-11-10,1989-11-10,8,10,2017-04-10,7,1,7,2,11,1,15000,7000
337612,2017-07-07T22:48:31Z,51262,1998-08-13,2,2014-09-30,4,0,,3,2008-12-10,2008-12-10,2,3,2017-02-10,2,6,11,4,9,2,6000,1500
336870,2017-07-07T10:40:57Z,51128,1995-02-28,1,2011-04-07,1,1,1,5,2015-12-10,2013-09-10,8,5,2015-10-10,2,3,9,6,4,2,10000,8000
337097,2017-07-07T13:26:45Z,51181,1983-08-29,1,2010-06-04,3,1,0,1,2010-07-10,2000-01-10,3,4,2016-01-10,10,1,7,6,4,1,8000,2000
337142,2017-07-07T13:55:20Z,51193,1987-05-12,2,2003-08-13,4,0,,6,2003-08-10,2003-08-10,16,20,2016-03-10,1,3,11,6,5,2,4500,2500
336816,2017-07-07T09:56:18Z,51111,1994-08-28,2,2013-01-11,4,0,,5,2013-09-10,2013-09-10,8,10,2016-04-10,1,3,11,6,11,1,12000,7000
337342,2017-07-07T16:18:42Z,51104,1994-05-28,1,2010-06-02,4,0,,1,2010-06-10,2010-06-10,21,25,2017-06-10,7,6,11,3,,5,5000,3500
334584,2017-07-06T16:29:29Z,50992,1997-03-06,2,2013-03-21,4,0,,2,1998-03-10,1998-03-10,6,8,2016-10-10,8,1,5,5,9,1,10000,5000
334645,2017-07-06T17:44:12Z,51024,1999-01-18,2,2015-03-03,4,0,,3,2000-01-10,2000-01-10,2,3,2016-08-10,1,1,1,5,1,2,7000,3000
334440,2017-07-06T14:54:20Z,50974,1994-01-30,2,2010-03-10,2,0,,1,1998-01-10,1998-01-10,4,6,2015-04-10,6,6,11,3,,5,5000,2000
334388,2017-07-06T14:20:50Z,50953,1997-02-10,2,2016-10-10,4,0,,5,2017-04-10,1997-02-10,11,14,2017-04-10,2,6,11,5,,5,12000,3000
334326,2017-07-06T13:54:10Z,50407,1997-02-03,2,2013-03-14,4,0,,4,1997-02-10,1997-02-10,11,14,2017-01-10,1,3,13,5,9,2,10000,6000
334697,2017-07-06T19:11:06Z,51035,1995-05-26,2,2011-10-07,4,0,,1,1995-05-10,1995-05-10,21,25,2015-09-10,4,1,6,3,,5,5500,3500
334308,2017-07-06T13:44:33Z,50913,1982-02-14,1,2004-04-01,2,2,0,5,1982-02-10,1982-02-10,23,27,2012-09-10,4,3,11,6,,6,3900,2700
333855,2017-07-06T08:41:50Z,50818,1980-10-03,1,1997-05-15,1,0,,5,1997-05-10,1997-05-10,9,11,2010-01-10,16,3,5,6,4,1,6000,4000
333909,2017-07-06T09:31:52Z,50834,1997-11-27,1,2014-01-31,4,0,,4,1997-11-10,1997-11-10,17,21,2014-12-10,3,1,4,6,6,2,4000,2000
334475,2017-07-06T15:15:57Z,50976,1980-03-17,1,2013-04-24,3,2,0,5,2013-03-10,2013-03-10,11,14,1970-01-01,0,5,,,,6,15000,7000
334068,2017-07-06T11:31:51Z,41038,1996-02-18,1,2016-07-05,1,1,3,5,2013-12-10,2013-12-10,9,11,2016-11-10,2,1,10,4,,6,7000,4000
333971,2017-07-06T10:28:12Z,50862,1990-04-01,2,2006-06-08,2,0,,4,1990-04-10,1990-04-10,3,4,2017-01-10,6,1,5,5,4,7,7000,3500
334178,2017-07-06T12:30:10Z,50899,1988-07-26,2,2010-08-03,4,0,,4,1988-07-10,1988-07-10,11,14,1970-01-01,46,5,,,,5,7000,3000
334484,2017-07-06T15:22:21Z,27290,1974-11-29,2,2002-06-07,3,3,0,1,1994-11-10,1994-11-10,6,8,1995-05-10,22,1,6,5,,5,7000,5000
334197,2017-07-06T12:39:55Z,50905,1985-04-12,2,2001-09-17,3,0,,4,1985-04-10,1985-04-10,14,17,2014-09-10,9,1,6,5,4,1,10500,5000
334409,2017-07-06T14:27:34Z,50967,1984-03-19,1,2007-12-24,3,1,1,5,2013-09-10,2013-09-10,14,17,2004-08-10,13,6,10,4,4,1,4000,1500
333961,2017-07-06T10:24:14Z,50859,1982-12-31,2,2016-02-02,3,1,0,5,2017-07-10,1985-01-10,8,24,2016-01-10,10,3,5,6,11,1,27000,20000
334396,2017-07-06T14:22:12Z,50965,1997-02-14,2,2013-05-08,4,0,,5,2016-06-10,2016-06-10,11,14,2016-08-10,1,1,2,3,9,2,9000,5000
334156,2017-07-06T12:20:39Z,50903,1997-07-08,1,2016-08-11,3,1,1,5,2016-03-10,2014-06-10,3,7,2014-05-10,4,3,11,3,,5,8000,4000
334102,2017-07-06T11:53:04Z,46563,1994-05-16,2,2010-10-29,3,1,0,4,2005-05-10,2005-05-10,3,4,2016-02-10,5,1,11,5,10,1,7000,3700
334498,2017-07-06T15:31:20Z,50968,1983-11-21,2,2002-04-03,4,0,,1,2004-03-10,2004-03-10,5,7,2017-06-10,5,3,5,6,4,1,5000,2000
332041,2017-07-05T23:58:21Z,50769,1996-03-28,2,2014-05-17,4,0,,1,2016-05-10,2012-09-10,13,16,2017-05-10,0,1,2,5,,5,7000,3000
333725,2017-07-06T05:51:54Z,50783,1995-10-22,2,2011-10-24,4,0,,5,1995-10-10,1995-10-10,1,2,2013-07-10,5,1,2,5,1,1,8860,4000
331253,2017-07-05T10:33:49Z,50592,1965-02-20,2,2013-08-02,3,2,0,5,1976-10-10,1976-10-10,16,20,1970-01-01,24,5,,,2,2,10000,4000
330904,2017-07-05T00:33:42Z,50505,1997-09-07,2,2013-12-28,4,0,,1,2008-12-10,2008-12-10,21,25,2017-04-10,1,6,3,1,,5,10000,6000
331956,2017-07-05T20:38:57Z,50757,1980-11-16,1,2014-06-07,3,2,1,5,2017-02-10,2017-02-10,23,27,2012-01-10,10,3,12,6,,6,50000,35000
331225,2017-07-05T10:15:15Z,50583,1995-03-02,1,2011-11-10,4,0,,3,1997-03-10,1997-03-10,8,10,2014-04-10,4,3,4,5,10,2,20000,15000
331647,2017-07-05T15:18:55Z,50332,1981-03-30,1,2006-10-23,3,1,11,5,2000-07-10,2000-07-10,3,4,2012-08-10,10,3,11,6,3,1,8000,2500
331414,2017-07-05T12:47:47Z,49689,1975-09-15,2,2002-06-26,4,0,,5,2002-08-10,2002-08-10,20,24,1970-01-01,15,2,,,11,1,4300,900
331448,2017-07-05T13:09:33Z,50634,1997-03-06,2,2013-04-18,3,1,0,1,2014-01-10,1997-03-10,11,14,2016-04-10,1,1,1,5,,6,7000,3500
331257,2017-07-05T10:37:04Z,34818,1995-05-15,2,2012-01-12,4,0,,1,2012-09-10,2012-09-10,16,20,2014-05-10,3,3,7,6,3,2,2500,1000
331163,2017-07-05T09:42:30Z,50552,1975-09-12,1,2005-09-15,2,3,20,5,2002-10-10,2002-10-10,13,16,2013-10-10,22,1,10,4,,5,10200,1000
331492,2017-07-05T13:43:13Z,50668,1993-11-30,2,2009-12-17,3,0,,5,2012-10-10,2002-01-10,8,10,2013-06-10,3,3,11,6,,5,4500,2500
331780,2017-07-05T17:12:38Z,50724,1998-07-20,1,2014-08-28,4,0,,5,2001-07-10,2001-07-10,8,10,2017-06-10,0,1,11,3,,6,4000,3000
331265,2017-07-05T10:44:19Z,50591,1993-03-26,1,2009-09-11,4,0,,1,1998-02-10,1998-02-10,9,11,2016-06-10,1,1,11,6,9,2,5000,2000
331693,2017-07-05T15:52:00Z,50703,1994-03-26,1,2014-10-23,3,2,0,1,2013-08-10,1994-03-10,23,27,2013-05-10,5,3,11,6,,6,4700,1500
331113,2017-07-05T09:02:09Z,50560,1985-08-17,1,2004-06-04,1,1,5,5,1999-08-10,1999-08-10,3,4,2015-08-10,13,1,11,6,,6,12000,8500
331499,2017-07-05T13:52:19Z,50671,1999-01-22,2,2015-10-06,4,0,,4,2016-09-10,2016-09-10,11,14,2017-05-10,1,1,11,3,7,2,4000,1500
331177,2017-07-05T09:50:38Z,50573,1985-01-26,2,2001-02-09,1,1,5,1,2004-04-10,2004-04-10,9,11,2014-01-10,10,1,11,1,4,1,10000,6000
331434,2017-07-05T12:58:08Z,50645,1990-03-11,1,2014-03-04,3,1,3,1,2014-06-10,2014-06-10,3,4,2013-08-10,7,1,8,3,,6,4000,1000
329151,2017-07-04T18:59:20Z,50462,1998-12-23,2,2015-08-15,4,0,,5,1999-07-10,1999-07-10,11,14,2017-04-10,1,1,11,3,,6,3500,2500
329137,2017-07-04T18:48:15Z,50471,1985-11-21,1,2002-01-10,3,1,0,3,1986-11-10,1986-11-10,8,10,2010-01-10,15,1,11,3,4,7,15000,3000
328769,2017-07-04T14:12:36Z,50376,1984-09-08,2,2001-08-31,3,1,2,1,2016-09-10,2016-09-10,15,18,2016-04-10,12,1,13,6,,6,15000,8000
328081,2017-07-04T01:39:05Z,50216,1989-10-08,1,2008-01-18,4,0,,1,2006-09-10,1991-10-10,8,10,2014-07-10,5,1,11,6,6,2,5000,3500
328231,2017-07-04T07:00:52Z,50241,1990-12-27,1,2015-07-01,3,0,,1,1991-10-10,1991-10-10,13,16,2009-04-10,8,1,2,5,4,1,14000,12000
329197,2017-07-04T20:00:51Z,50492,1986-04-01,1,2002-10-18,4,0,,1,2002-10-10,2002-10-10,22,26,2009-05-10,8,1,12,5,4,1,8000,2000
328830,2017-07-04T14:44:07Z,50397,1989-06-19,1,2013-10-10,3,2,4,5,1994-01-10,1994-01-10,4,6,2016-02-10,10,3,9,6,,5,10000,9000
325848,2017-07-03T12:21:30Z,50084,1990-10-08,2,1990-03-16,4,0,,1,2007-06-10,1990-10-10,2,3,2015-03-10,8,1,6,5,3,2,8500,2000
328529,2017-07-04T11:36:02Z,50303,1995-01-20,2,2011-06-10,1,0,,1,2014-02-10,1997-04-10,12,4,2014-06-10,5,1,1,1,,6,6500,2000
328850,2017-07-04T14:50:46Z,50403,1992-03-10,1,2010-10-07,2,2,5,1,2008-06-10,2008-06-10,15,18,2011-02-10,7,3,4,6,,6,6500,2500
328684,2017-07-04T13:16:13Z,50350,1998-07-24,2,2015-01-12,4,0,,1,2017-05-10,2005-01-10,4,6,2017-05-10,0,1,1,1,,5,7000,3000
328743,2017-07-04T13:49:32Z,50362,1994-05-13,2,2011-01-31,4,0,,1,2016-05-10,2009-01-10,12,15,2016-04-10,3,1,11,3,,5,10000,3500
329024,2017-07-04T17:03:21Z,50448,1992-06-04,1,2008-07-04,4,0,,1,2015-05-10,2015-05-10,21,25,2017-02-10,2,1,12,4,4,1,2550,1500
328744,2017-07-04T13:49:37Z,50371,1997-09-28,1,2013-10-17,4,1,2,1,1997-09-10,1997-09-10,3,4,1970-01-01,3,5,,,,5,2000,1500
326149,2017-07-03T16:01:14Z,49785,1995-12-13,2,2014-07-01,4,0,,1,2000-06-10,2000-06-10,22,26,2017-04-10,1,1,1,5,,5,7000,4000
325486,2017-07-03T07:40:49Z,50013,1992-09-15,2,2016-08-30,4,0,,1,1992-11-10,1992-11-10,10,12,2016-11-10,1,6,3,3,,6,4000,2500
328797,2017-07-04T14:28:36Z,50387,1991-05-30,1,1991-08-07,1,0,,1,2017-04-10,1991-05-10,8,7,2016-10-10,5,1,12,6,,6,10500,5000
328251,2017-07-04T07:26:43Z,50045,1997-04-24,1,2013-04-26,4,0,,1,2014-08-10,2014-08-10,16,20,2017-02-10,1,1,12,2,4,1,6000,4000
328786,2017-07-04T14:22:50Z,50378,1988-02-10,2,2004-06-29,4,0,,5,1988-03-10,1988-03-10,11,14,2014-09-10,8,1,12,6,,6,6000,3500
328153,2017-07-04T05:08:49Z,50148,1992-04-30,2,2009-04-22,4,1,4,1,1992-04-10,1992-04-10,9,11,2015-06-10,3,1,11,1,,6,2800,1500
328904,2017-07-04T15:35:42Z,50420,1992-09-14,2,2009-01-20,4,0,,1,2016-06-10,2005-09-10,8,24,2017-01-10,1,3,7,6,11,1,12500,6000
325666,2017-07-03T09:49:04Z,50048,1980-09-11,2,2016-12-05,3,1,1,1,2012-06-10,1986-08-10,3,4,2007-01-10,17,1,11,3,9,1,7000,6000
328292,2017-07-04T08:10:53Z,50247,1998-06-06,2,2014-07-04,4,0,,1,2000-06-10,2000-06-10,8,10,2016-10-10,1,1,2,5,,5,7000,7000
328206,2017-07-04T06:47:23Z,50172,1997-04-16,1,2013-05-30,4,0,,1,2015-09-10,2015-09-10,8,10,2017-05-10,4,1,12,2,4,2,9000,5000
328556,2017-07-04T12:06:06Z,50318,1996-05-19,2,1996-06-22,4,0,,5,2010-07-10,2010-07-10,23,27,1970-01-01,0,4,,,8,2,4000,2500
328158,2017-07-04T05:10:27Z,50158,1987-09-08,2,2004-06-29,4,0,,5,1993-09-10,1993-09-10,8,10,2016-10-10,5,1,12,2,,5,6500,3500
328931,2017-07-04T15:57:15Z,50426,1970-10-26,2,1998-06-12,3,2,0,2,2014-03-10,2010-09-10,8,1,2003-01-10,30,3,11,6,,5,12000,5000
328403,2017-07-04T09:44:08Z,50271,1988-05-27,1,2017-01-21,3,0,,1,2016-06-10,1988-05-10,18,22,2017-01-10,12,1,10,4,8,1,10000,3000
326084,2017-07-03T15:24:41Z,50118,1998-04-08,1,2014-05-12,1,1,3,5,2014-03-10,2014-03-10,18,22,2017-01-10,1,1,12,2,,5,6000,4000
323503,2017-07-02T17:22:14Z,49929,1981-12-04,2,1998-10-29,2,1,0,1,2007-06-10,2007-06-10,8,10,2016-05-10,18,1,7,3,9,1,8000,6000
326401,2017-07-03T20:44:02Z,33638,1998-05-09,2,2015-04-02,4,0,,5,1998-05-10,1998-05-10,8,10,1970-01-01,0,4,,,,6,12000,8000
323482,2017-07-02T17:10:30Z,49449,1985-08-03,2,2001-11-22,3,3,0,1,2014-06-10,2014-06-10,14,17,2017-03-10,10,1,2,5,,6,6000,5000
325892,2017-07-03T12:56:01Z,50093,1992-07-22,1,2016-07-20,3,1,1,1,2016-04-10,2014-05-10,18,17,2016-01-10,5,3,11,6,9,2,7000,5000
326216,2017-07-03T17:03:26Z,50160,1996-06-29,2,2007-08-12,4,0,,1,1996-06-10,1996-06-10,6,8,1970-01-01,2,4,,,3,1,2000,1500
325950,2017-07-03T13:46:17Z,50112,1989-06-13,2,2005-06-12,3,1,4,1,1989-06-10,1989-06-10,9,11,2013-02-10,10,1,12,6,11,1,5000,2500
326349,2017-07-03T19:09:29Z,50186,1994-12-12,1,2011-02-22,4,0,,5,1995-12-10,1995-12-10,3,4,2015-07-10,1,6,12,6,,6,6000,4000
326342,2017-07-03T19:01:01Z,34465,1984-08-02,2,2001-01-31,4,0,,3,2001-01-10,2001-01-10,11,14,2015-03-10,10,3,11,5,4,1,10000,10000
326456,2017-07-03T22:20:46Z,47928,1994-08-22,2,2011-08-03,4,0,,1,2006-10-10,2006-10-10,21,25,2017-04-10,0,1,12,1,,6,5500,2000
326110,2017-07-03T15:42:47Z,18498,1987-02-08,1,2014-04-29,3,1,0,4,2013-05-10,2013-05-10,9,11,2013-11-10,10,1,7,3,,5,12000,4000
325930,2017-07-03T13:21:55Z,50106,1996-04-11,1,2012-04-11,4,0,,5,2012-04-10,2012-04-10,3,4,2016-08-10,3,1,12,2,4,2,5500,2000
326420,2017-07-03T21:03:25Z,50198,1998-03-04,1,2014-03-07,4,0,,1,2017-02-10,2010-02-10,3,4,2017-05-10,3,1,12,3,6,2,5000,4000
325980,2017-07-03T14:19:05Z,50120,1992-04-16,2,2014-10-22,4,0,,5,2009-09-10,1992-04-10,7,9,1970-01-01,0,5,,,11,1,7000,3000
326260,2017-07-03T17:41:01Z,50167,1993-06-19,2,2015-03-11,4,0,,5,1997-09-10,1997-09-10,11,14,2016-07-10,1,1,11,2,,6,9500,2500
323595,2017-07-02T18:59:03Z,49950,1972-04-17,2,1999-11-27,4,1,0,5,1999-11-10,1999-11-10,8,10,2017-02-10,25,1,11,4,,5,5000,2800
323552,2017-07-02T18:11:07Z,49941,1997-09-10,2,2013-11-20,4,0,,5,2015-09-10,2015-09-10,7,9,2016-09-10,2,1,3,4,,6,12000,2000
323519,2017-07-02T17:34:41Z,49930,1997-01-18,2,2013-08-21,4,0,,5,1997-04-10,1997-04-10,2,3,1970-01-01,1,4,,,,6,4500,1500
323185,2017-07-02T11:48:48Z,40342,1986-04-05,2,2016-02-11,3,6,6,5,2015-03-10,2008-07-10,7,9,2015-03-10,10,1,4,6,6,1,12500,5000
323648,2017-07-02T20:17:56Z,49961,1999-06-15,2,2015-10-29,4,0,,1,2016-09-10,2016-09-10,8,10,1970-01-01,0,4,,,,6,3000,2900
322945,2017-07-02T07:48:05Z,49777,1995-06-29,2,2011-08-01,4,0,,1,2015-07-10,2015-07-10,12,15,2015-10-10,2,1,1,5,,6,7800,4000
323177,2017-07-02T11:39:55Z,45721,1987-11-14,2,2004-01-15,4,0,,3,1989-12-10,1989-12-10,2,3,2017-03-10,6,1,12,6,4,1,4800,2000
323485,2017-07-02T17:13:14Z,49684,1995-11-23,1,2011-12-29,4,1,0,1,2001-04-10,2001-04-10,15,18,2016-02-10,1,6,12,6,,6,3000,1000
323465,2017-07-02T16:41:56Z,49916,1997-05-01,2,2013-06-14,4,0,,5,2015-06-10,2015-06-10,12,15,2015-08-10,3,1,1,5,,6,10000,3500
323512,2017-07-02T17:32:58Z,49927,1983-01-28,2,1999-01-28,3,1,7,3,2007-07-10,2007-07-10,3,4,2005-09-10,11,1,6,4,,5,12000,4000
323323,2017-07-02T14:26:11Z,49874,1986-05-22,2,2002-11-28,4,0,,1,2006-04-10,2006-04-10,3,4,2004-07-10,12,1,6,5,4,1,7000,1500
323171,2017-07-02T11:32:11Z,35244,1994-05-18,1,2012-11-16,3,2,7,5,1994-05-10,1994-05-10,12,15,1970-01-01,5,5,,,,5,3500,2500
323390,2017-07-02T15:27:24Z,37991,1971-08-25,1,2006-10-05,2,0,,1,1975-10-10,1975-10-10,6,8,2016-08-10,8,6,11,6,6,2,3500,1400
321224,2017-07-02T00:00:59Z,49742,1994-08-06,2,2012-10-16,2,1,0,1,2015-10-10,2015-10-10,21,25,2015-10-10,2,1,11,1,,5,6000,2500
323030,2017-07-02T09:23:09Z,1735,1983-03-23,1,2003-03-26,2,1,12,5,1989-09-10,1989-09-10,12,15,2003-09-10,15,1,12,6,7,1,6000,3000
323202,2017-07-02T12:06:47Z,49841,1977-02-08,2,2016-08-26,2,2,15,5,2013-05-10,2013-05-10,18,22,2016-09-10,23,1,1,5,11,1,9500,9000
323260,2017-07-02T13:19:11Z,49859,1978-05-26,2,2007-07-20,2,2,14,1,1978-05-10,1978-05-10,21,25,2002-09-10,15,1,12,5,,5,5500,1500
323102,2017-07-02T10:27:29Z,46559,1996-06-27,2,2012-06-27,4,0,,1,2016-09-10,2016-09-10,13,16,1970-01-01,3,4,,,9,2,6000,5000
323593,2017-07-02T18:58:31Z,49949,1987-03-27,1,2007-11-13,3,1,9,5,1987-03-10,1987-03-10,10,12,2016-08-10,7,1,4,6,4,1,5000,2500
323078,2017-07-02T10:03:24Z,49808,1986-08-05,2,2002-11-22,3,1,3,1,1993-02-10,1993-02-10,22,26,2016-02-10,10,1,12,2,8,1,7000,6000
323541,2017-07-02T18:08:40Z,16299,1988-03-03,2,2004-05-06,4,0,,1,1991-01-10,1991-01-10,2,3,2015-02-10,6,1,3,3,4,1,5000,4000
323142,2017-07-02T10:51:55Z,49827,1989-08-23,2,2006-01-05,1,0,,5,2006-07-10,2006-07-10,3,4,2014-09-10,6,1,6,5,,5,8500,6300
320554,2017-07-01T10:31:38Z,49584,1998-08-12,2,2014-09-26,4,0,,4,2003-04-10,2003-04-10,16,20,2016-06-10,1,1,11,2,,6,5000,4500
320309,2017-07-01T07:00:55Z,35881,1993-08-27,2,2010-01-12,3,0,,3,2002-01-10,2002-01-10,19,23,2017-05-10,7,1,12,5,9,2,13000,4000
320849,2017-07-01T15:02:16Z,49648,1994-09-08,2,2010-11-12,4,0,,1,1994-09-10,1994-09-10,17,21,1970-01-01,0,4,,,11,2,5000,2000
320226,2017-07-01T04:56:40Z,49516,1993-10-15,2,2010-10-27,4,0,,1,2016-04-10,1993-10-10,8,16,2016-02-10,2,1,1,5,,6,7000,3000
320560,2017-07-01T10:37:45Z,49207,1993-08-03,2,2009-08-03,4,0,,1,2015-10-10,2014-06-10,8,24,2017-03-10,2,1,6,5,4,7,10000,6000
320756,2017-07-01T13:21:36Z,49627,1990-05-09,2,2007-12-04,4,0,,1,1995-01-10,1995-01-10,3,4,2012-08-10,8,1,11,2,,5,6000,1500
321045,2017-07-01T17:55:04Z,49706,1981-09-26,2,1998-05-08,3,2,10,1,2013-12-10,2013-12-10,16,20,2007-02-10,19,1,13,5,11,1,9000,4000
320661,2017-07-01T12:02:51Z,49602,1978-01-06,2,1998-05-06,3,1,0,5,1993-08-10,1993-08-10,22,26,2016-10-10,15,1,1,5,,6,7500,4000
320511,2017-07-01T09:56:05Z,42886,1978-04-24,2,1997-02-05,1,1,0,5,1978-04-10,1978-04-10,18,22,2008-03-10,9,3,6,6,,6,8000,5000
321168,2017-07-01T20:42:24Z,49730,1992-10-13,2,2008-11-20,4,0,,1,1996-06-10,1996-06-10,8,10,2016-07-10,1,1,7,2,2,1,8000,6000
320353,2017-07-01T07:38:27Z,11507,1987-12-20,1,2014-10-21,3,2,6,5,2013-12-10,2013-12-10,23,27,2016-09-10,5,3,11,6,,6,7000,6000
320772,2017-07-01T13:39:34Z,19708,1995-09-26,2,2011-11-30,4,0,,1,2014-03-10,2010-01-10,12,9,2013-10-10,3,1,1,5,,6,7000,2000
320678,2017-07-01T12:22:59Z,49595,1995-03-17,2,2011-06-30,4,0,,1,1995-04-10,1995-04-10,18,22,2017-01-10,3,1,6,1,,6,5500,1400
320379,2017-07-01T08:16:34Z,49544,1996-05-03,2,2012-08-28,4,0,,1,2012-08-10,2012-08-10,3,4,2016-01-10,1,1,1,1,,6,7155,3500
320687,2017-07-01T12:27:56Z,49610,1993-03-31,2,2010-04-14,4,0,,1,1993-03-10,1993-03-10,20,24,2016-02-10,4,1,3,3,,6,4000,1300
320716,2017-07-01T12:55:46Z,49617,1968-07-02,1,2000-11-27,2,1,0,5,1990-11-10,1990-11-10,18,22,1997-12-10,31,1,12,1,4,1,14000,4000
321017,2017-07-01T17:35:20Z,49704,1983-08-25,2,1999-09-14,4,0,,5,1988-02-10,1988-02-10,8,10,2015-02-10,13,3,12,6,11,1,18000,11000
321158,2017-07-01T20:34:03Z,49671,1983-10-05,1,2006-06-14,3,10,10,1,2011-07-10,2011-07-10,4,6,2011-03-10,6,6,11,6,9,1,3500,2000
320209,2017-07-01T04:07:34Z,49510,1996-03-24,2,2012-05-07,4,0,,5,1996-06-10,1996-06-10,3,4,2017-03-10,3,1,5,5,11,2,7000,5000
320202,2017-07-01T03:59:02Z,49509,1993-03-28,1,2015-06-17,4,0,,5,2000-05-10,2000-05-10,1,2,2013-05-10,4,1,12,1,11,2,4500,3800
320868,2017-07-01T15:21:48Z,49642,1992-11-19,2,2009-02-14,3,1,2,1,2009-02-10,2009-02-10,4,6,2015-04-10,3,1,2,1,,6,3200,2000
320579,2017-07-01T10:51:58Z,49587,1986-09-13,1,2008-05-22,3,1,0,1,2008-12-10,2008-12-10,6,8,2017-03-10,6,1,6,5,,6,4000,2000
320419,2017-07-01T08:42:59Z,49556,1989-09-26,2,2016-05-27,1,0,,5,2003-04-10,2003-04-10,3,4,2011-03-10,8,1,3,5,2,1,7000,4000
321132,2017-07-01T19:43:12Z,49724,1991-12-05,2,2008-02-15,3,1,1,4,1994-12-10,1994-12-10,22,26,2014-12-10,5,1,8,6,7,1,13000,3500
320967,2017-07-01T16:41:35Z,49681,1983-07-18,2,1999-08-04,3,2,13,5,2003-05-10,1983-07-10,5,13,2016-05-10,8,1,6,5,11,2,6000,4000
